run MergerID RA Dec Distance DistMin DistMax redshift theta ndet SNR A90 A50
run0016 MergerID000340 -77.259 17.294 240738.3 116738.3 240979.3 0.054 2.563 3.0 13.2 48.85 12.53
run0017 MergerID000132 -41.06 -21.345 360152.1 174152.1 360781.6 0.081 3.386 2.0 14.72 1025.407 333.567
run0017 MergerID000261 141.28 -17.392 164038.8 79038.8 164572.9 0.037 4.619 3.0 17.52 85.133 20.392
run0019 MergerID000070 64.601 -76.441 217799.3 104799.3 218048.0 0.049 2.737 3.0 15.86 9.401 2.619
run0019 MergerID000268 111.009 8.255 271116.4 131116.4 271810.2 0.061 4.096 3.0 12.2 168.124 48.528
run0020 MergerID000430 -25.981 -48.901 229111.6 111111.6 229919.3 0.052 4.806 2.0 17.2 745.149 227.396
run0021 MergerID000373 -135.935 76.044 145864.0 70864.0 146132.4 0.033 3.474 3.0 25.01 3.254 0.892
run0025 MergerID000397 -76.32 -43.543 213158.1 103158.1 213839.2 0.048 4.576 2.0 18.4 429.666 109.239
run0026 MergerID000127 -78.321 -58.35 264251.3 128251.3 264587.9 0.06 2.891 3.0 15.14 47.757 10.935
run0027 MergerID000296 -67.848 -40.578 278809.0 134809.0 279454.1 0.063 3.895 2.0 14.32 1052.907 275.17
run0029 MergerID000397 -145.447 -6.227 114009.9 55009.9 114290.2 0.026 4.015 3.0 18.52 28.615 7.971
run0029 MergerID000446 -61.326 -18.029 215033.4 104033.4 215266.2 0.049 2.665 3.0 18.32 55.967 13.583
run0032 MergerID000190 -26.208 24.388 191878.8 92878.8 192280.9 0.043 3.707 3.0 14.96 50.322 14.042
run0038 MergerID000228 89.462 34.582 181429.4 87429.4 181590.5 0.041 2.414 3.0 17.34 39.998 9.995
run0042 MergerID000002 -46.7 -36.387 231362.5 112362.5 232076.7 0.052 4.498 2.0 18.55 482.856 132.346
run0043 MergerID000231 -12.077 50.577 232238.5 112238.5 232516.6 0.053 2.803 3.0 12.07 66.947 13.852
run0043 MergerID000324 -67.647 6.951 295165.0 143165.0 295314.1 0.067 1.821 3.0 12.14 1382.946 389.537
run0043 MergerID000380 -88.328 3.887 265711.3 128711.3 266586.2 0.06 4.645 3.0 13.53 132.949 35.204
run0046 MergerID000029 175.865 -78.669 248624.5 120624.5 249114.2 0.056 3.594 3.0 12.67 23.478 5.919
run0046 MergerID000300 -113.781 26.661 93023.13 45023.13 93357.1 0.021 4.85 3.0 35.88 1.888 0.553
run0048 MergerID000219 -54.411 -28.85 256015.0 124015.0 256839.9 0.058 4.595 2.0 15.63 968.387 329.58
run0048 MergerID000465 -16.111 -44.869 404840.6 195840.6 405088.1 0.092 2.003 2.0 12.39 1432.202 438.531
run0051 MergerID000434 7.192 -61.67 248623.2 119623.2 248676.5 0.056 1.186 3.0 18.85 8.22 2.14
run0055 MergerID000324 34.723 -39.466 136146.3 66146.3 136592.2 0.031 4.633 3.0 26.25 2.766 0.79
run0055 MergerID000328 -19.184 -40.069 436090.8 211090.8 436935.9 0.099 3.565 3.0 12.52 267.046 28.697
run0067 MergerID000038 30.421 -56.196 244870.5 118870.5 245414.3 0.055 3.816 3.0 15.28 21.934 6.113
run0067 MergerID000395 -170.969 4.977 111029.1 53029.1 111098.5 0.025 2.026 3.0 33.2 5.652 1.597
run0070 MergerID000064 -151.003 51.49 423005.3 205005.3 424360.5 0.096 4.582 3.0 12.89 45.728 9.244
run0076 MergerID000465 -36.667 -13.823 181200.8 87200.8 181310.2 0.041 1.991 3.0 20.98 15.187 4.186
run0079 MergerID000383 -39.934 19.971 208033.0 101033.0 208594.4 0.047 4.206 3.0 13.89 104.964 32.057
run0086 MergerID000466 -74.73 -23.286 209353.1 101353.1 210086.5 0.047 4.791 2.0 16.1 577.014 189.274
run0093 MergerID000008 -19.372 -37.687 355266.6 172266.6 355379.1 0.08 1.442 3.0 12.81 88.613 12.927
run0096 MergerID000038 -28.808 -2.846 295927.6 142927.6 296317.5 0.067 2.94 3.0 12.61 138.926 30.447
run0099 MergerID000496 -91.154 -6.886 68038.75 33038.75 68146.56 0.015 3.224 3.0 41.82 8.109 2.104
run0101 MergerID000172 76.384 -29.302 254169.3 123169.3 254833.2 0.057 4.138 3.0 12.08 31.365 8.076
run0106 MergerID000232 39.252 -82.558 218412.9 105412.9 218844.0 0.049 3.598 3.0 18.34 7.65 2.216
run0109 MergerID000136 -57.068 -11.265 213175.2 103175.2 213281.5 0.048 1.809 3.0 18.97 38.453 10.296
run0111 MergerID000027 172.957 13.896 340453.1 164453.1 340719.5 0.077 2.266 3.0 13.69 49.728 11.35
run0111 MergerID000118 26.494 -44.143 372708.3 180708.3 373514.4 0.084 3.766 3.0 12.36 30.711 6.928
run0114 MergerID000299 -125.197 18.781 132405.1 64405.1 132839.4 0.03 4.636 3.0 21.59 5.502 1.55
run0115 MergerID000189 164.46 -39.272 166525.1 80525.1 166588.3 0.038 1.578 3.0 15.04 25.957 7.232
run0115 MergerID000211 163.806 -15.657 260250.2 126250.2 260520.0 0.059 2.608 2.0 12.5 910.66 211.672
run0118 MergerID000382 -7.696 12.907 98281.33 47281.33 98496.28 0.022 3.787 3.0 32.25 18.692 5.169
run0121 MergerID000156 -55.373 -16.009 236113.0 114113.0 236423.2 0.053 2.936 3.0 16.6 193.536 52.718
run0122 MergerID000021 -31.078 -13.011 271853.5 131853.5 272699.1 0.061 4.515 3.0 16.76 50.09 9.766
run0123 MergerID000111 -144.457 8.351 187899.2 90899.2 188103.2 0.042 2.669 3.0 14.06 102.922 33.254
run0124 MergerID000071 8.257 -53.375 361574.6 175574.6 362639.7 0.082 4.394 3.0 12.44 39.925 7.768
run0126 MergerID000229 25.018 -35.768 368799.8 178799.8 369719.3 0.083 4.043 3.0 12.95 25.717 6.515
run0126 MergerID000344 147.972 50.959 294903.4 142903.4 295240.1 0.067 2.737 2.0 14.44 947.969 244.864
run0130 MergerID000461 14.378 -23.0 181538.5 87538.5 181814.0 0.041 3.155 3.0 22.68 9.312 2.527
run0132 MergerID000380 69.528 -62.406 181779.7 87779.7 182378.5 0.041 4.646 3.0 17.66 9.28 2.639
run0138 MergerID000218 129.51 42.21 155651.4 74651.4 155940.8 0.035 3.492 2.0 30.67 124.809 30.146
run0141 MergerID000289 -56.275 -50.326 263096.6 127096.6 263352.4 0.06 2.526 2.0 15.94 544.78 120.517
run0142 MergerID000123 -85.742 -24.327 230777.1 111777.1 230823.0 0.052 1.143 3.0 14.68 81.608 20.418
run0146 MergerID000301 -124.425 7.05 168784.8 81784.8 169220.3 0.038 4.113 3.0 14.95 16.52 4.669
run0147 MergerID000002 -16.886 -44.042 395112.8 192112.8 396145.8 0.089 4.14 2.0 12.05 1288.578 339.442
run0151 MergerID000305 -162.226 -57.367 168182.4 81182.4 168400.5 0.038 2.917 3.0 19.19 13.492 3.656
run0152 MergerID000079 -138.747 85.476 253383.4 122383.4 253707.5 0.057 2.897 3.0 14.53 14.793 3.812
run0158 MergerID000220 -9.581 -32.456 347213.9 168213.9 347395.5 0.079 1.853 3.0 14.89 31.768 8.338
run0160 MergerID000149 91.235 13.0 144573.7 69573.7 144661.7 0.033 1.999 3.0 20.61 55.262 18.209
run0162 MergerID000268 4.147 64.56 247374.6 119374.6 247828.8 0.056 3.47 3.0 12.54 41.909 11.77
run0170 MergerID000418 -147.678 -61.388 219304.7 106304.7 219445.0 0.05 2.049 3.0 14.8 32.555 8.073
run0173 MergerID000131 -146.757 -70.03 243270.5 117270.5 243539.4 0.055 2.693 3.0 13.33 23.028 5.767
run0175 MergerID000139 -6.105 -10.158 272537.9 131537.9 272934.1 0.062 3.088 3.0 16.57 409.602 92.506
run0176 MergerID000473 -5.562 -53.632 335050.0 162050.0 335283.4 0.076 2.138 3.0 12.75 172.091 22.349
run0180 MergerID000255 157.636 -57.736 16260.08 7260.08 16290.61 0.004 3.509 3.0 144.27 0.14 0.039
run0181 MergerID000296 -178.689 -20.322 166307.3 80307.3 166636.0 0.038 3.6 3.0 17.82 167.767 33.214
run0182 MergerID000054 -103.586 -48.023 234957.0 113957.0 235785.6 0.053 4.807 3.0 14.01 65.616 14.101
run0183 MergerID000331 86.145 -72.0 239693.4 115693.4 240040.7 0.054 3.083 3.0 14.45 14.742 4.035
run0184 MergerID000003 -35.049 -31.173 422186.7 205186.7 423480.7 0.095 4.482 2.0 12.43 1332.536 413.142
run0185 MergerID000449 176.955 21.438 215192.4 104192.4 215715.7 0.049 3.993 3.0 17.22 18.608 4.911
run0192 MergerID000017 -160.46 -55.394 158823.7 76823.7 158865.3 0.036 1.312 3.0 16.01 32.291 8.792
run0193 MergerID000013 -110.032 26.651 209674.7 101674.7 210255.2 0.047 4.26 3.0 14.37 16.533 4.578
run0193 MergerID000134 178.636 41.391 324915.0 156915.0 325425.4 0.073 3.21 3.0 16.31 16.862 4.172
run0199 MergerID000278 -100.204 28.607 217500.0 105500.0 217906.2 0.049 3.5 3.0 14.6 18.396 4.936
run0204 MergerID000284 -26.714 2.686 340894.1 164894.1 340937.1 0.077 0.91 3.0 12.04 459.808 62.455
run0207 MergerID000154 -177.801 28.345 304515.1 147515.1 305212.5 0.069 3.875 2.0 13.83 828.396 165.485
run0210 MergerID000082 42.936 -49.456 255206.4 123206.4 255562.8 0.058 3.027 3.0 14.97 12.415 3.42
run0211 MergerID000016 31.427 -23.622 295403.8 143403.8 296021.2 0.067 3.702 3.0 13.22 23.582 6.103
run0214 MergerID000101 -170.877 36.753 409880.7 198880.7 411139.3 0.093 4.486 3.0 12.24 52.096 9.091
run0218 MergerID000245 -25.126 -22.249 361137.8 175137.8 361564.4 0.082 2.784 3.0 13.14 581.276 166.613
run0219 MergerID000029 -2.28 -67.599 390349.8 189349.8 391186.0 0.088 3.748 2.0 12.02 1563.971 510.238
run0221 MergerID000122 -122.367 59.981 92570.9 44570.9 92895.19 0.021 4.791 3.0 38.58 1.338 0.381
run0222 MergerID000318 34.198 63.791 238065.5 115065.5 238088.4 0.054 0.795 3.0 12.21 46.555 11.132
run0226 MergerID000257 -88.221 8.635 256205.0 124205.0 256584.0 0.058 3.115 3.0 14.53 163.387 52.18
run0226 MergerID000474 -82.302 -7.304 212876.8 102876.8 213366.8 0.048 3.885 3.0 16.3 90.408 21.631
run0231 MergerID000152 93.184 -62.667 218043.8 105043.8 218081.3 0.049 1.062 3.0 14.96 14.14 3.874
run0231 MergerID000320 179.243 30.383 395802.6 191802.6 397175.9 0.09 4.768 2.0 12.05 1419.062 333.2
run0233 MergerID000376 172.164 50.803 203223.0 98223.0 203293.6 0.046 1.51 3.0 22.04 5.869 1.603
run0240 MergerID000371 48.383 -23.064 206180.2 99180.2 206283.3 0.047 1.812 3.0 16.43 14.664 4.075
run0242 MergerID000066 -74.451 -39.256 57089.31 27089.31 57191.77 0.013 3.431 3.0 64.81 2.356 0.666
run0245 MergerID000155 19.457 -60.38 258455.7 125455.7 259218.1 0.058 4.397 3.0 15.36 26.561 6.648
run0245 MergerID000236 -163.951 14.309 203674.0 98674.0 204133.2 0.046 3.845 3.0 21.24 11.477 3.009
run0246 MergerID000002 -161.689 -60.908 184263.9 89263.9 184805.9 0.042 4.391 3.0 16.19 22.546 5.761
run0251 MergerID000377 129.213 -39.534 107203.7 51203.7 107469.8 0.024 4.034 2.0 20.95 98.001 17.301
run0252 MergerID000066 29.212 -26.214 315103.9 152103.9 315266.8 0.071 1.842 3.0 12.17 29.375 7.417
run0254 MergerID000367 64.777 39.016 139752.0 67752.0 140051.1 0.032 3.746 3.0 17.07 33.785 9.328
run0254 MergerID000456 148.094 34.309 368205.4 178205.4 368433.0 0.083 2.014 2.0 12.01 1295.502 343.061
run0256 MergerID000112 128.563 1.475 291842.1 141842.1 292633.8 0.066 4.217 3.0 13.49 132.192 39.742
run0258 MergerID000165 -168.669 -4.934 148325.9 71325.9 148652.0 0.034 3.797 3.0 22.06 42.717 9.494
run0266 MergerID000397 121.22 74.447 266371.7 128371.7 266682.5 0.06 2.767 3.0 15.27 27.629 5.224
run0276 MergerID000003 -76.251 -5.659 296632.5 143632.5 296991.5 0.067 2.818 3.0 13.49 110.256 30.739
run0278 MergerID000152 -30.819 -9.751 198190.3 96190.3 198606.1 0.045 3.709 3.0 20.59 21.417 5.375
run0279 MergerID000405 80.724 43.733 263396.5 127396.5 263689.4 0.06 2.701 3.0 13.01 72.415 16.507
run0284 MergerID000362 -33.357 6.72 272600.0 131600.0 273016.3 0.062 3.165 3.0 14.56 82.182 23.615
run0286 MergerID000099 -116.996 18.343 165877.5 79877.5 166315.0 0.038 4.158 3.0 18.73 14.568 4.511
run0290 MergerID000056 -57.309 -1.118 235246.7 114246.7 235936.8 0.053 4.385 3.0 15.67 93.483 26.674
run0290 MergerID000069 -172.733 24.924 320834.7 154834.7 321306.5 0.073 3.106 3.0 13.78 44.581 11.314
run0294 MergerID000203 176.285 -11.722 148183.0 71183.0 148694.1 0.034 4.754 3.0 23.4 44.791 9.903
run0315 MergerID000225 84.982 35.949 201459.9 97459.9 201948.8 0.046 3.989 3.0 14.07 87.585 18.209
run0317 MergerID000219 11.304 -12.847 181645.4 87645.4 181823.4 0.041 2.536 3.0 20.26 13.926 3.716
run0318 MergerID000143 -1.575 2.907 174542.1 84542.1 174889.0 0.039 3.61 3.0 20.53 43.533 9.193
run0328 MergerID000117 14.143 -42.253 362429.3 175429.3 363097.0 0.082 3.476 3.0 12.78 43.674 9.398
run0330 MergerID000007 125.217 -5.535 379992.0 183992.0 381380.0 0.086 4.892 3.0 12.09 284.94 66.527
run0332 MergerID000122 154.081 50.258 261091.0 126091.0 261677.8 0.059 3.839 2.0 17.59 684.811 130.759
run0334 MergerID000299 -7.673 -51.392 164036.7 79036.7 164574.5 0.037 4.635 3.0 26.62 3.979 1.131
run0335 MergerID000263 -54.709 32.397 174658.8 84658.8 174799.0 0.04 2.295 2.0 13.13 160.377 37.565
run0339 MergerID000241 169.825 73.048 226070.1 109070.1 226748.2 0.051 4.434 3.0 16.85 11.812 3.196
run0340 MergerID000060 -53.355 -60.093 325975.7 157975.7 326054.3 0.074 1.258 2.0 14.42 1043.871 232.288
run0341 MergerID000126 -165.048 -41.713 113186.0 54186.0 113422.9 0.026 3.705 3.0 22.78 15.196 4.356
run0344 MergerID000129 -56.759 -29.29 189609.6 91609.6 189783.9 0.043 2.456 2.0 21.79 253.955 59.059
run0346 MergerID000093 4.555 -9.441 232920.3 112920.3 233493.3 0.053 4.016 2.0 15.38 613.261 187.425
run0358 MergerID000063 110.691 65.46 238794.2 115794.2 239386.3 0.054 4.032 3.0 17.87 29.143 7.377
run0361 MergerID000216 91.799 -33.671 146443.7 70443.7 146788.5 0.033 3.929 3.0 20.55 9.985 2.792
run0363 MergerID000288 96.017 12.31 235791.3 113791.3 236192.1 0.053 3.339 3.0 15.56 58.029 16.979
run0363 MergerID000327 -38.742 -45.929 336715.8 162715.8 336825.0 0.076 1.459 2.0 13.16 1238.85 362.837
run0364 MergerID000134 131.974 43.674 204503.0 99503.0 205232.1 0.046 4.833 2.0 22.38 238.018 57.449
run0369 MergerID000392 21.125 -22.217 55862.96 26862.96 55889.71 0.013 1.773 3.0 68.85 0.724 0.217
run0370 MergerID000146 -157.081 -50.297 216111.5 104111.5 216460.1 0.049 3.253 3.0 12.45 74.95 18.523
run0370 MergerID000157 58.167 42.635 219939.2 106939.2 220612.4 0.05 4.479 3.0 12.67 64.396 16.402
run0371 MergerID000333 -176.679 -8.586 337768.1 163768.1 338941.0 0.076 4.77 3.0 12.09 150.017 23.818
run0378 MergerID000234 -127.582 32.271 267881.9 129881.9 268066.4 0.061 2.126 3.0 12.16 39.823 9.828
run0398 MergerID000008 -34.321 -27.0 449337.6 217337.6 449905.7 0.102 2.88 2.0 13.02 1449.355 498.96
run0403 MergerID000285 -43.153 -4.808 288472.4 139472.4 289150.2 0.065 3.925 3.0 14.72 75.277 18.523
run0406 MergerID000126 33.057 -51.841 430093.2 208093.2 430525.1 0.097 2.567 3.0 12.42 38.263 7.06
run0407 MergerID000101 -33.859 20.292 192759.4 92759.4 192857.9 0.044 1.831 3.0 16.74 51.499 14.789
run0410 MergerID000273 -170.882 60.087 288031.4 140031.4 289046.8 0.065 4.806 3.0 17.16 12.421 2.928
run0410 MergerID000425 135.268 37.087 340747.1 164747.1 341338.9 0.077 3.375 2.0 15.16 933.058 249.887
run0419 MergerID000300 -9.086 -11.072 395223.6 192223.6 396386.2 0.089 4.391 2.0 12.29 1408.846 334.367
run0420 MergerID000152 135.567 35.711 220977.4 106977.4 221202.4 0.05 2.585 2.0 21.14 371.44 69.622
run0421 MergerID000212 74.008 22.998 84720.57 40720.57 85040.26 0.019 4.972 3.0 26.16 8.61 2.485
run0431 MergerID000202 151.593 50.349 356314.3 172314.3 356623.9 0.081 2.388 2.0 12.37 1264.829 311.273
run0436 MergerID000045 148.359 44.64 341744.2 165744.2 342088.5 0.077 2.571 3.0 13.7 557.042 116.465
run0444 MergerID000110 -6.04 38.996 107839.5 51839.5 107958.9 0.024 2.695 3.0 23.97 9.989 3.029
run0444 MergerID000120 8.284 72.095 170222.1 82222.1 170388.0 0.038 2.529 3.0 18.74 13.597 3.263
run0450 MergerID000128 -46.922 -42.458 255558.5 123558.5 255879.1 0.058 2.869 2.0 15.32 829.012 180.724
run0452 MergerID000030 -70.509 -19.379 244513.7 118513.7 244737.5 0.055 2.451 2.0 16.49 593.748 159.702
run0453 MergerID000359 122.892 0.477 144623.7 69623.7 144637.7 0.033 0.797 3.0 25.21 29.417 8.104
run0454 MergerID000028 68.47 -27.736 158100.8 76100.8 158288.4 0.036 2.79 3.0 21.16 5.779 1.623
run0457 MergerID000240 74.106 78.538 120944.6 57944.6 121046.9 0.027 2.356 3.0 29.42 2.971 0.869
run0459 MergerID000090 -132.618 35.23 324797.1 156797.1 325126.1 0.073 2.578 3.0 12.65 20.3 5.359
run0459 MergerID000351 136.764 22.383 357048.5 173048.5 357486.2 0.081 2.836 2.0 13.8 1120.431 275.59
run0460 MergerID000344 60.553 55.065 159926.1 76926.1 160372.4 0.036 4.277 3.0 20.39 17.896 4.579
run0461 MergerID000109 3.613 -53.84 239540.8 115540.8 239699.0 0.054 2.082 3.0 17.92 10.132 2.653
run0461 MergerID000248 -11.694 -44.101 337409.9 163409.9 337680.7 0.076 2.295 3.0 14.1 28.447 6.711
run0467 MergerID000321 3.269 -9.222 325019.9 158019.9 325837.9 0.074 4.062 3.0 13.24 66.317 14.386
run0468 MergerID000072 -150.767 49.968 270581.1 130581.1 270977.2 0.061 3.099 3.0 15.26 23.295 4.625
run0475 MergerID000120 -31.561 -30.63 311515.6 151515.6 312565.8 0.07 4.7 2.0 13.35 1358.607 423.843
run0475 MergerID000227 -107.092 2.911 210610.7 101610.7 210899.6 0.048 3.0 3.0 12.92 28.015 7.517
run0478 MergerID000180 91.198 -18.253 213942.9 102942.9 214028.2 0.048 1.618 3.0 14.86 24.651 6.615
run0478 MergerID000222 -119.328 32.478 165904.4 79904.4 166327.9 0.038 4.091 3.0 20.66 5.181 1.442
run0478 MergerID000299 109.021 38.318 83851.17 39851.17 83980.84 0.019 3.185 3.0 44.88 6.596 1.786
run0481 MergerID000384 -104.862 29.023 273486.3 132486.3 273815.4 0.062 2.81 3.0 12.96 28.605 7.69
run0485 MergerID000348 -31.289 21.312 253960.6 122960.6 254099.4 0.057 1.894 3.0 13.62 88.368 25.635
run0485 MergerID000378 119.809 64.187 212169.9 102169.9 212644.8 0.048 3.831 3.0 20.17 21.26 4.56
run0490 MergerID000070 -1.749 21.694 288468.6 139468.6 288930.5 0.065 3.241 3.0 12.35 329.226 83.824
run0493 MergerID000305 -157.906 -0.491 188027.9 91027.9 188121.7 0.043 1.81 2.0 14.78 583.611 158.141
run0494 MergerID000343 11.647 -24.377 311724.8 150724.8 311878.8 0.07 1.801 2.0 12.8 1463.951 341.855
run0496 MergerID000067 152.021 29.202 299984.3 145984.3 301062.2 0.068 4.852 2.0 15.3 845.929 216.407
run0496 MergerID000386 -154.192 15.026 194821.4 93821.4 194868.0 0.044 1.253 3.0 18.16 13.625 3.66
run0498 MergerID000059 -32.146 -29.772 323626.5 156626.5 323891.7 0.073 2.319 2.0 14.03 1028.581 265.518
run0498 MergerID000071 -16.868 11.488 218535.5 105535.5 218750.9 0.049 2.543 3.0 16.1 59.842 17.114
run0501 MergerID000313 -40.403 -44.583 320193.4 155193.4 320439.3 0.072 2.245 2.0 14.32 907.512 187.307
run0506 MergerID000064 -96.228 43.273 174515.3 84515.3 175092.1 0.039 4.654 3.0 19.93 8.275 2.325
run0509 MergerID000172 -25.459 -24.929 366539.9 177539.9 366966.1 0.083 2.762 2.0 12.92 1226.995 371.492
run0512 MergerID000238 161.118 26.095 420213.3 204213.3 421317.3 0.095 4.15 3.0 12.1 567.179 111.993
run0522 MergerID000294 157.414 9.789 321155.7 155155.7 321287.6 0.073 1.642 2.0 12.1 1334.11 346.786
run0524 MergerID000091 6.583 0.369 201813.9 97813.9 202435.2 0.046 4.492 2.0 17.8 416.88 102.984
run0524 MergerID000291 75.325 48.151 143253.0 69253.0 143328.3 0.032 1.857 2.0 18.09 377.367 97.581
run0529 MergerID000045 157.728 -19.02 192720.7 92720.7 193068.2 0.044 3.439 2.0 14.0 1029.971 180.789
run0533 MergerID000171 -28.918 -50.169 283323.9 137323.9 283877.0 0.064 3.578 2.0 15.4 845.038 214.794
run0535 MergerID000181 -149.91 36.447 286746.3 138746.3 287311.1 0.065 3.594 2.0 12.31 1587.314 454.163
run0539 MergerID000076 -67.056 -9.97 275995.6 133995.6 276577.1 0.062 3.717 2.0 14.04 927.839 242.674
run0545 MergerID000361 159.702 41.844 438445.9 212445.9 439117.1 0.099 3.169 2.0 13.0 1229.093 376.318
run0550 MergerID000494 -60.527 5.889 164723.9 79723.9 165166.3 0.037 4.196 2.0 17.3 853.994 264.207
run0551 MergerID000099 -19.964 -31.295 386421.9 187421.9 386636.7 0.087 1.91 2.0 12.18 1762.831 601.826
run0554 MergerID000358 131.343 36.535 295218.4 143218.4 296286.2 0.067 4.868 2.0 14.11 1022.64 270.41
run0556 MergerID000312 -25.232 -47.339 283189.5 137189.5 283613.8 0.064 3.135 2.0 15.14 867.462 217.416
run0559 MergerID000332 146.118 21.225 286725.6 138725.6 286838.1 0.065 1.605 2.0 15.96 958.657 244.195
run0563 MergerID000044 -51.662 -28.212 201586.7 97586.7 201604.7 0.046 0.765 2.0 20.68 605.157 174.376
run0566 MergerID000373 10.358 3.99 249421.3 120421.3 249964.8 0.056 3.78 2.0 13.4 782.182 207.03
run0568 MergerID000056 -151.58 -13.578 203732.9 98732.9 204040.9 0.046 3.149 2.0 12.61 958.355 249.847
run0569 MergerID000136 -22.887 8.414 187342.9 90342.9 187629.9 0.042 3.17 2.0 17.03 737.516 183.622
run0573 MergerID000478 -162.101 35.253 262887.7 126887.7 263560.5 0.059 4.096 2.0 13.07 794.968 202.978
run0576 MergerID000397 -168.648 14.908 262802.2 126802.2 262983.2 0.059 2.126 2.0 14.41 603.505 141.683
run0584 MergerID000213 112.093 26.426 156642.1 75642.1 157185.6 0.035 4.768 2.0 22.5 303.349 61.882
run0592 MergerID000035 -159.593 37.378 282926.9 136926.9 283459.6 0.064 3.514 2.0 15.25 616.028 128.477
run0595 MergerID000080 15.854 -35.175 349610.6 169610.6 349999.0 0.079 2.7 2.0 12.44 1593.819 452.799
run0595 MergerID000332 157.551 41.87 426010.4 207010.4 427461.3 0.096 4.724 2.0 15.38 852.132 224.511
run0596 MergerID000291 -43.409 -39.774 336323.2 162323.2 336523.1 0.076 1.975 2.0 15.2 877.56 230.491
run0600 MergerID000128 -30.664 5.741 170076.4 82076.4 170489.4 0.038 3.99 2.0 20.06 652.944 169.642
run0606 MergerID000304 171.916 1.909 307667.2 149667.2 308766.3 0.07 4.838 2.0 14.45 1184.742 276.364
run0607 MergerID000306 144.512 26.272 217250.4 105250.4 217331.1 0.049 1.562 2.0 21.2 623.543 178.547
run0610 MergerID000260 50.561 -52.473 240203.6 116203.6 240670.7 0.054 3.571 2.0 13.11 1462.784 499.065
run0612 MergerID000123 -145.568 -29.241 169589.2 81589.2 170130.6 0.038 4.574 2.0 12.05 656.498 187.936
run0612 MergerID000258 -3.33 -42.611 201405.1 97405.1 201687.0 0.046 3.03 2.0 21.25 526.08 129.435
run0613 MergerID000309 -16.793 -7.091 338617.6 163617.6 338628.0 0.077 0.449 2.0 12.35 1110.884 213.089
run0613 MergerID000375 -72.621 -79.521 227033.9 110033.9 227599.1 0.051 4.04 2.0 16.0 558.117 161.551
run0615 MergerID000207 143.425 56.825 327145.5 158145.5 327975.4 0.074 4.078 2.0 12.37 1264.134 318.722
run0615 MergerID000245 172.0 62.345 244626.3 118626.3 245302.3 0.055 4.256 2.0 18.77 754.971 232.786
run0620 MergerID000109 -86.181 -13.569 167613.3 80613.3 167811.6 0.038 2.786 2.0 16.48 496.259 81.936
run0621 MergerID000232 -27.788 19.985 172425.3 83425.3 172928.6 0.039 4.374 2.0 17.06 661.258 162.443
run0629 MergerID000224 165.327 -1.639 403136.1 195136.1 403336.6 0.091 1.807 2.0 12.32 1591.196 420.748
run0637 MergerID000089 31.749 -47.94 315792.5 152792.5 316121.4 0.071 2.614 2.0 12.47 1691.754 494.239
run0637 MergerID000393 148.511 29.587 424922.6 205922.6 425826.6 0.096 3.735 2.0 12.68 1405.607 471.106
run0638 MergerID000041 165.802 -0.78 380910.1 184910.1 382155.6 0.086 4.629 2.0 12.6 1478.626 385.393
run0641 MergerID000226 28.057 -21.463 74811.67 35811.67 75021.62 0.017 4.289 2.0 39.36 12.498 3.385
run0658 MergerID000260 79.223 7.739 31803.23 14803.23 31868.12 0.007 3.658 2.0 59.37 12.003 2.12
run0660 MergerID000397 31.7 -32.088 195571.5 94571.5 195745.7 0.044 2.418 2.0 16.77 112.757 30.008
run0672 MergerID000265 95.491 69.893 161027.8 78027.8 161153.9 0.036 2.267 2.0 16.36 133.379 19.425
run0688 MergerID000044 -129.992 44.17 183160.3 88160.3 183462.4 0.041 3.289 2.0 14.82 67.97 17.117
run0709 MergerID000364 35.29 37.317 72983.13 34983.13 73247.87 0.017 4.875 2.0 22.66 73.938 9.582
run0762 MergerID000202 -49.578 18.45 145264.7 70264.7 145414.5 0.033 2.601 2.0 16.63 191.487 41.791
run0763 MergerID000224 136.78 -6.789 181250.9 87250.9 181317.3 0.041 1.551 2.0 15.17 280.626 86.946
run0765 MergerID000033 -177.784 -75.667 136462.0 65462.0 136651.6 0.031 3.019 2.0 16.98 58.78 13.261
run0767 MergerID000231 -25.53 -5.046 224921.7 108921.7 225078.8 0.051 2.141 2.0 14.77 178.576 48.561
run0782 MergerID000343 143.052 60.252 111489.6 53489.6 111865.1 0.025 4.698 2.0 29.1 36.202 9.241
run0793 MergerID000465 63.173 -52.945 154657.7 74657.7 154982.1 0.035 3.709 2.0 19.33 39.643 8.449
run0798 MergerID000122 -26.736 -51.951 314542.1 152542.1 315092.6 0.071 3.388 2.0 12.1 313.738 81.215
run0798 MergerID000403 49.306 -23.08 197964.0 95964.0 197997.2 0.045 1.049 2.0 12.16 121.583 30.969
run0807 MergerID000202 99.169 42.803 136304.9 65304.9 136486.2 0.031 2.954 2.0 22.22 55.013 14.402
run0811 MergerID000253 -1.505 -61.341 233788.2 112788.2 233886.0 0.053 1.657 2.0 12.53 336.639 61.878
run0837 MergerID000263 -81.654 29.525 202465.5 98465.5 203230.7 0.046 4.976 2.0 12.81 187.621 59.891
run0839 MergerID000040 -150.854 51.404 120022.1 58022.1 120079.1 0.027 1.766 2.0 26.46 34.919 9.58
run0842 MergerID000212 77.973 48.959 157456.6 76456.6 157669.7 0.036 2.98 2.0 19.29 85.877 23.841
run0874 MergerID000385 150.44 70.646 167214.9 81214.9 167612.8 0.038 3.95 2.0 19.6 87.559 17.773
run0880 MergerID000380 103.232 -40.29 172060.4 83060.4 172136.0 0.039 1.698 2.0 16.44 165.731 29.867
run0888 MergerID000244 121.572 -27.191 210254.8 101254.8 210739.0 0.048 3.886 2.0 12.06 243.818 57.652
run0889 MergerID000364 -86.836 42.183 142298.2 68298.2 142320.0 0.032 1.002 2.0 18.83 112.033 17.969
