HST
1 20580U 90037B   25134.08447312  .00006524  00000+0  24601-3 0  9990
2 20580  28.4685 276.0162 0002890  72.6806 287.4104 15.24960776727731
POLAR
1 23802U 96013A   25132.53067644  .00000140  00000+0  00000+0 0  9995
2 23802  79.4153 231.4152 6095872 222.6034  69.3161  1.29846635139654
SWAS
1 25560U 98071A   25133.49645168  .00002768  00000+0  19683-3 0  9992
2 25560  69.8953 175.2424 0005627 183.5173 176.5951 15.05911372437027
CXO
1 25867U 99040B   25135.05626942  .00000692  00000+0  00000+0 0  9995
2 25867  48.7613 131.3158 8472963 308.9766 359.8810  0.37804079 26975
XMM-NEWTON
1 25989U 99066A   25133.47381320  .00000047  00000+0  00000+0 0  9994
2 25989  66.4116 288.2672 4869049  71.8692   0.0873  0.50135510 21008
TERRA
1 25994U 99068A   25134.18242259  .00000525  00000+0  11709-3 0  9991
2 25994  97.9999 193.2974 0003428  66.3156 323.8869 14.60675883351479
CLUSTER II-FM7 (SAMBA)
1 26410U 00041A   25135.83375346  .00001213  00000+0  00000+0 0  9998
2 26410 143.7989   9.8861 8304340 225.2180   0.6340  0.44829054 18525
CLUSTER II-FM5 (RUMBA)
1 26463U 00045A   25130.54575865  .00004250  00000+0  00000+0 0  9995
2 26463 152.8278  69.3746 9054265 287.5998   2.3452  0.42914972 30793
CLUSTER II-FM8 (TANGO)
1 26464U 00045B   25134.91092996  .00001225  00000+0  00000+0 0  9999
2 26464 144.0404  10.2160 8308213 225.3992   0.6511  0.44420972 18529
ODIN
1 26702U 01007A   25134.05652957  .00017201  00000+0  44825-3 0  9995
2 26702  97.4478 157.0840 0006761 163.9756 196.1704 15.38903942328117
TIMED
1 26998U 01055B   25134.00099546  .00001479  00000+0  14282-3 0  9993
2 26998  74.0682 317.8862 0001926 250.9303 109.1673 14.93879504271320
CORIOLIS
1 27640U 03001A   25133.63794553  .00000134  00000+0  83780-4 0  9996
2 27640  98.7132 141.6608 0012863 284.9946  74.9806 14.19781520157521
SORCE
1 27651U 03004A   25134.15386936  .00003682  00000+0  29897-3 0  9990
2 27651  39.9928  12.5182 0016510  58.2466 301.9933 15.00366697211900
MOST
1 27843U 03031D   25133.97479339  .00000091  00000+0  61870-4 0  9991
2 27843  98.7061 142.2669 0009243 331.1826  28.8840 14.21202122134004
SCISAT 1
1 27858U 03036A   25133.82133491  .00000827  00000+0  11227-3 0  9999
2 27858  73.9306 244.3570 0006847  31.2112 328.9469 14.80679352172321
SWIFT
1 28485U 04047A   25134.14072818  .00023120  00000+0  59389-3 0  9992
2 28485  20.5563 301.6850 0005044 299.0197  60.9737 15.37234874124994
HINODE (SOLAR-B)
1 29479U 06041A   25134.03687481  .00000953  00000+0  17485-3 0  9998
2 29479  98.0730 150.8336 0019128 112.2912 248.0323 14.67864833996304
SHIJIAN-6 02A (SJ-6 02A)
1 29505U 06046A   25134.22197058  .00006287  00000+0  37890-3 0  9998
2 29505  97.6836 167.7909 0005272  83.0519 277.1310 15.11125382 12028
SHIJIAN-6 02B (SJ-6 02B)
1 29506U 06046B   25134.23748102  .00001681  00000+0  14069-3 0  9998
2 29506  97.7122 162.0272 0002526  21.6848 338.4482 14.99810308 10912
FGRST (GLAST)
1 33053U 08029A   25133.54536325  .00003071  00000+0  12009-3 0  9995
2 33053  25.5816  92.9779 0008808 303.6108  56.3589 15.21046895934868
SDO
1 36395U 10005A   25133.43039513 -.00000056  00000+0  00000+0 0  9994
2 36395  33.8151  92.4579 0000076 256.1837 296.0379  1.00272601 56051
CRYOSAT 2
1 36508U 10013A   25133.89630124  .00000168  00000+0  40984-4 0  9997
2 36508  92.0115 180.8806 0001662 111.6038 248.5347 14.51911373800149
X-SAT
1 37389U 11015C   25134.22349859  .00000149  00000+0  81086-4 0  9995
2 37389  98.3112 126.3282 0015345  75.9992 284.2894 14.25031696731374
GCOM-W1 (SHIZUKU)
1 38337U 12025A   25133.85742377  .00000645  00000+0  15309-3 0  9996
2 38337  98.2007  75.1656 0001283  82.9852 342.1240 14.57151788690884
NUSTAR
1 38358U 12031A   25133.91667824  .00001559  00000+0  53041-4 0  9997
2 38358   6.0248 136.6943 0009787 305.8347 154.9563 15.03563637  1308
NEOSSAT
1 39089U 13009D   25133.59632094  .00000201  00000+0  84419-4 0  9996
2 39089  98.4073 318.4410 0011055   4.2240 355.9037 14.35598449639403
BRITE-AUSTRIA
1 39091U 13009F   25133.51220138  .00000214  00000+0  87832-4 0  9999
2 39091  98.3884 318.1769 0010170   0.7767 359.3434 14.36296448639674
IRIS
1 39197U 13033A   25134.11869910  .00001434  00000+0  17590-3 0  9995
2 39197  97.9532 329.4971 0024992 179.8993 180.2231 14.84499295641163
HISAKI (SPRINT-A)
1 39253U 13049A   25134.16553614  .00000133  00000+0  94514-4 0  9998
2 39253  29.7193  88.5671 0136646  22.0915 338.5478 13.55489279578286
CASSIOPE
1 39265U 13055A   25133.88941886  .00020801 -38005-6  33396-3 0  9996
2 39265  80.9424 180.2091 0394323 299.4731  56.7685 14.96844339607409
STSAT-3
1 39422U 13066G   25134.17197657  .00003030  00000+0  25022-3 0  9993
2 39422  97.5611 108.0743 0019772 328.4765  31.5273 14.99567047624347
SWARM B
1 39451U 13067A   25133.92055326  .00004126  00000+0  16371-3 0  9998
2 39451  87.7417 103.2826 0003442  93.7295 266.4345 15.25084417622320
SWARM A
1 39452U 13067B   25134.14840803  .00008268  00000+0  19363-3 0  9991
2 39452  87.3440 203.0934 0002994 101.8466 258.3126 15.41931305644634
SWARM C
1 39453U 13067C   25133.88873119  .00008006  00000+0  18750-3 0  9997
2 39453  87.3439 201.7796 0002963 102.4651 257.6937 15.41924449644513
BRITE-CA1 (TORONTO)
1 40020U 14033L   25133.91872654  .00001418  00000+0  22456-3 0  9998
2 40020  97.9217 266.8319 0081514 114.6380 246.3345 14.71563042583589
OCO 2
1 40059U 14035A   25134.18496609  .00000576  00000+0  13778-3 0  9995
2 40059  98.2003  76.2406 0001400  82.3468 277.7890 14.57159986577951
BRITE-PL2 (HEWELIUSZ)
1 40119U 14049B   25133.87045079  .00001604  00000+0  16185-3 0  9991
2 40119  97.8879 239.0544 0014373 358.5890   1.5286 14.92453007581841
MMS 1
1 40482U 15011A   25133.91667824 -.00000263  00000+0  00000+0 0  9993
2 40482  63.5866 356.1533 8749760 158.6843 174.2233  0.28498018  1368
MMS 2
1 40483U 15011B   25133.91667824 -.00000264  00000+0  00000+0 0  9995
2 40483  63.5724 356.1581 8747846 158.6807 174.2128  0.28498363  1364
MMS 3
1 40484U 15011C   25133.91667824 -.00000263  00000+0  00000+0 0  9995
2 40484  63.6091 356.1408 8747757 158.6842 174.2089  0.28498318  1367
MMS 4
1 40485U 15011D   25133.91667824 -.00000263  00000+0  00000+0 0  9996
2 40485  63.6106 356.1519 8747322 158.6778 167.3838  0.28555886  1374
ASTROSAT
1 40930U 15052A   25133.94015913  .00001858  00000+0  14923-3 0  9998
2 40930   5.9956 146.6032 0007691  96.4810 263.6193 14.81366442520551
DAMPE
1 41173U 15078A   25134.23882773  .00001670  00000+0  61206-4 0  9994
2 41173  97.4479 133.3578 0013842  55.8209 304.4341 15.29355725523547
PISAT
1 41784U 16059B   25133.56572409  .00001234  00000+0  22261-3 0  9992
2 41784  97.8170 146.6237 0030647  43.9527 316.4108 14.67875218461099
HXMT (HUIYAN)
1 42758U 17034A   25134.18959616  .00005250  00000+0  29612-3 0  9995
2 42758  43.0144 236.3020 0034477 147.1042 213.1959 15.13557754437124
FLYING LAPTOP
1 42831U 17042G   25134.21311026  .00002733  00000+0  23200-3 0  9997
2 42831  97.4040 303.1293 0013042  49.2354 310.9999 14.98625929426650
ZHANGHENG 1 (CSES)
1 43194U 18015C   25134.15615997  .00010339  00000+0  46855-3 0  9990
2 43194  97.6463 287.9064 0010102 232.8363 127.1950 15.21004679403990
SALSAT
1 46495U 20068K   25133.86765591  .00007442  00000+0  32530-3 0  9997
2 46495  97.8592 110.6730 0009545 252.1757 107.8437 15.22370072254460
IXPE
1 49954U 21121A   25133.91667824  .00005406  00000+0  30833-3 0  9999
2 49954   0.2291  84.9285 0007814 179.2693 310.6681 15.05237174  5364
