#
#N Pointing	tstart	tend	Obs time
#		s
1	210	211	1
2	211	212	1
3	212	213	1
4	213	214	1
5	214	215	1
6	215	216	1
7	216	217	1
8	217	218	1
9	218	219	1
10	219	220	1
11	220	221	1
12	221	222	1
13	222	223	1
14	223	224	1
15	224	225	1
16	225	226	1
17	226	227	1
18	227	228	1
19	228	229	1
20	229	230	1
21	230	231	1
22	231	232	1
23	232	233	1
24	233	234	1
25	234	235	1
26	235	236	1
27	236	237	1
28	237	238	1
29	238	239	1
30	239	240	1
31	240	241	1
32	241	242	1
33	242	243	1
34	243	244	1
35	244	245	1
36	245	246	1
37	246	247	1
38	247	248	1
39	248	249	1
40	249	250	1
41	250	251	1
42	251	252	1
43	252	253	1
44	253	254	1
45	254	255	1
46	255	256	1
47	256	257	1
48	257	258	1
49	258	259	1
50	259	260	1
51	260	261	1
52	261	262	1
53	262	263	1
54	263	264	1
55	264	265	1
56	265	266	1
57	266	267	1
58	267	268	1
59	268	269	1
60	269	270	1
61	270	271	1
62	271	272	1
63	272	273	1
64	273	274	1
65	274	275	1
66	275	276	1
67	276	277	1
68	277	278	1
69	278	279	1
70	279	280	1
71	280	281	1
72	281	282	1
73	282	283	1
74	283	284	1
75	284	285	1
76	285	286	1
77	286	287	1
78	287	288	1
79	288	289	1
80	289	290	1
81	290	291	1
82	291	292	1
83	292	293	1
84	293	294	1
85	294	295	1
86	295	296	1
87	296	297	1
88	297	298	1
89	298	300	2
90	300	302	2
91	302	304	2
92	304	306	2
93	306	308	2
94	308	310	2
95	310	312	2
96	312	314	2
97	314	316	2
98	316	318	2
99	318	320	2
100	320	322	2
101	322	324	2
102	324	326	2
103	326	328	2
104	328	330	2
105	330	332	2
106	332	334	2
107	334	336	2
108	336	338	2
109	338	340	2
110	340	342	2
111	342	344	2
112	344	346	2
113	346	348	2
114	348	350	2
115	350	352	2
116	352	354	2
117	354	356	2
118	356	358	2
119	358	360	2
120	360	362	2
121	362	364	2
122	364	366	2
123	366	368	2
124	368	370	2
125	370	372	2
126	372	374	2
127	374	376	2
128	376	378	2
129	378	380	2
130	380	382	2
131	382	384	2
132	384	386	2
133	386	388	2
134	388	390	2
135	390	392	2
136	392	394	2
137	394	396	2
138	396	398	2
139	398	400	2
140	400	402	2
141	402	404	2
142	404	406	2
143	406	408	2
144	408	410	2
145	410	412	2
146	412	414	2
147	414	416	2
148	416	418	2
149	418	420	2
150	420	422	2
151	422	424	2
152	424	426	2
153	426	428	2
154	428	430	2
155	430	432	2
156	432	434	2
157	434	436	2
158	436	438	2
159	438	440	2
160	440	442	2
161	442	444	2
162	444	446	2
163	446	448	2
164	448	450	2
165	450	452	2
166	452	454	2
167	454	456	2
168	456	458	2
169	458	460	2
170	460	462	2
171	462	465	3
172	465	468	3
173	468	471	3
174	471	474	3
175	474	477	3
176	477	480	3
177	480	483	3
178	483	486	3
179	486	489	3
180	489	492	3
181	492	495	3
182	495	498	3
183	498	501	3
184	501	504	3
185	504	507	3
186	507	510	3
187	510	513	3
188	513	516	3
189	516	519	3
190	519	522	3
191	522	525	3
192	525	528	3
193	528	531	3
194	531	534	3
195	534	537	3
196	537	540	3
197	540	543	3
198	543	546	3
199	546	549	3
200	549	552	3
201	552	555	3
202	555	558	3
203	558	561	3
204	561	564	3
205	564	567	3
206	567	570	3
207	570	573	3
208	573	576	3
209	576	579	3
210	579	582	3
211	582	585	3
212	585	588	3
213	588	591	3
214	591	595	4
215	595	599	4
216	599	603	4
217	603	607	4
218	607	611	4
219	611	615	4
220	615	619	4
221	619	623	4
222	623	627	4
223	627	631	4
224	631	635	4
225	635	639	4
226	639	643	4
227	643	647	4
228	647	651	4
229	651	655	4
230	655	659	4
231	659	663	4
232	663	667	4
233	667	671	4
234	671	675	4
235	675	679	4
236	679	683	4
237	683	687	4
238	687	691	4
239	691	695	4
240	695	699	4
241	699	703	4
242	703	708	5
243	708	713	5
244	713	718	5
245	718	723	5
246	723	728	5
247	728	733	5
248	733	738	5
249	738	743	5
250	743	748	5
251	748	753	5
252	753	758	5
253	758	763	5
254	763	768	5
255	768	773	5
256	773	778	5
257	778	783	5
258	783	788	5
259	788	794	6
260	794	800	6
261	800	806	6
262	806	812	6
263	812	818	6
264	818	824	6
265	824	830	6
266	830	836	6
267	836	842	6
268	842	848	6
269	848	854	6
270	854	860	6
271	860	866	6
272	866	872	6
273	872	878	6
274	878	884	6
275	884	891	7
276	891	898	7
277	898	905	7
278	905	912	7
279	912	919	7
280	919	926	7
281	926	933	7
282	933	940	7
283	940	947	7
284	947	954	7
285	954	961	7
286	961	969	8
287	969	977	8
288	977	985	8
289	985	993	8
290	993	1001	8
291	1001	1009	8
292	1009	1017	8
293	1017	1025	8
294	1025	1033	8
295	1033	1042	9
296	1042	1051	9
297	1051	1060	9
298	1060	1069	9
299	1069	1078	9
300	1078	1087	9
301	1087	1096	9
302	1096	1105	9
303	1105	1115	10
304	1115	1125	10
305	1125	1135	10
306	1135	1145	10
307	1145	1155	10
308	1155	1165	10
309	1165	1175	10
310	1175	1186	11
311	1186	1197	11
312	1197	1208	11
313	1208	1219	11
314	1219	1230	11
315	1230	1242	12
316	1242	1254	12
317	1254	1266	12
318	1266	1278	12
319	1278	1291	13
320	1291	1304	13
321	1304	1317	13
322	1317	1330	13
323	1330	1343	13
324	1343	1357	14
325	1357	1371	14
326	1371	1385	14
327	1385	1399	14
328	1399	1414	15
329	1414	1429	15
330	1429	1444	15
331	1444	1459	15
332	1459	1475	16
333	1475	1491	16
334	1491	1507	16
335	1507	1524	17
336	1524	1541	17
337	1541	1559	18
338	1559	1577	18
339	1577	1596	19
340	1596	1615	19
341	1615	1634	19
342	1634	1654	20
343	1654	1674	20
344	1674	1694	20
345	1694	1715	21
346	1715	1736	21
347	1736	1758	22
348	1758	1780	22
349	1780	1803	23
350	1803	1826	23
351	1826	1850	24
352	1850	1875	25
353	1875	1900	25
354	1900	1926	26
355	1926	1953	27
356	1953	1981	28
357	1981	2010	29
358	2010	2039	29
359	2039	2069	30
360	2069	2100	31
361	2100	2131	31
362	2131	2163	32
363	2163	2196	33
364	2196	2230	34
365	2230	2265	35
366	2265	2301	36
367	2301	2338	37
368	2338	2377	39
369	2377	2417	40
370	2417	2459	42
371	2459	2502	43
372	2502	2547	45
373	2547	2593	46
374	2593	2641	48
375	2641	2690	49
376	2690	2741	51
377	2741	2794	53
378	2794	2849	55
379	2849	2906	57
380	2906	2965	59
381	2965	3027	62
382	3027	3092	65
383	3092	3160	68
384	3160	3232	72
385	3232	3306	74
386	3306	3383	77
387	3383	3463	80
388	3463	3547	84
389	3547	3635	88
390	3635	3728	93
391	3728	3826	98
392	3826	3931	105
393	3931	4043	112
394	4043	4160	117
395	4160	4283	123
396	4283	4413	130
397	4413	4551	138
398	4551	4698	147
399	4698	4856	158
400	4856	5028	172
401	5028	5213	185
402	5213	5409	196
403	5409	5619	210
404	5619	5847	228
405	5847	6096	249
406	6096	6372	276
407	6372	6674	302
408	6674	7002	328
409	7002	7364	362
410	7364	7770	406
411	7770	8233	463
412	8233	8748	515
413	8748	9330	582
414	9330	10010	680
