#
#N Pointing	tstart	tend	Obs time
#		s
1	210	211	1
2	211	212	1
3	212	213	1
4	213	214	1
5	214	215	1
6	215	216	1
7	216	217	1
8	217	218	1
9	218	219	1
10	219	220	1
11	220	221	1
12	221	222	1
13	222	223	1
14	223	224	1
15	224	225	1
16	225	226	1
17	226	227	1
18	227	228	1
19	228	229	1
20	229	230	1
21	230	231	1
22	231	232	1
23	232	233	1
24	233	234	1
25	234	235	1
26	235	236	1
27	236	237	1
28	237	238	1
29	238	239	1
30	239	240	1
31	240	241	1
32	241	242	1
33	242	243	1
34	243	244	1
35	244	245	1
36	245	246	1
37	246	247	1
38	247	248	1
39	248	249	1
40	249	250	1
41	250	251	1
42	251	252	1
43	252	253	1
44	253	254	1
45	254	255	1
46	255	256	1
47	256	257	1
48	257	258	1
49	258	259	1
50	259	260	1
51	260	261	1
52	261	262	1
53	262	263	1
54	263	264	1
55	264	265	1
56	265	266	1
57	266	267	1
58	267	268	1
59	268	269	1
60	269	270	1
61	270	271	1
62	271	272	1
63	272	273	1
64	273	274	1
65	274	275	1
66	275	276	1
67	276	277	1
68	277	278	1
69	278	279	1
70	279	280	1
71	280	281	1
72	281	282	1
73	282	283	1
74	283	284	1
75	284	285	1
76	285	286	1
77	286	287	1
78	287	288	1
79	288	289	1
80	289	290	1
81	290	291	1
82	291	292	1
83	292	293	1
84	293	294	1
85	294	295	1
86	295	296	1
87	296	297	1
88	297	298	1
89	298	299	1
90	299	300	1
91	300	301	1
92	301	302	1
93	302	303	1
94	303	304	1
95	304	305	1
96	305	306	1
97	306	307	1
98	307	308	1
99	308	309	1
100	309	310	1
101	310	311	1
102	311	312	1
103	312	313	1
104	313	314	1
105	314	315	1
106	315	316	1
107	316	317	1
108	317	318	1
109	318	319	1
110	319	320	1
111	320	321	1
112	321	322	1
113	322	323	1
114	323	324	1
115	324	325	1
116	325	326	1
117	326	327	1
118	327	328	1
119	328	329	1
120	329	330	1
121	330	331	1
122	331	332	1
123	332	333	1
124	333	334	1
125	334	335	1
126	335	336	1
127	336	337	1
128	337	338	1
129	338	339	1
130	339	340	1
131	340	341	1
132	341	342	1
133	342	343	1
134	343	344	1
135	344	345	1
136	345	346	1
137	346	347	1
138	347	348	1
139	348	349	1
140	349	350	1
141	350	351	1
142	351	352	1
143	352	353	1
144	353	354	1
145	354	355	1
146	355	356	1
147	356	357	1
148	357	358	1
149	358	359	1
150	359	360	1
151	360	361	1
152	361	362	1
153	362	363	1
154	363	364	1
155	364	365	1
156	365	366	1
157	366	367	1
158	367	368	1
159	368	369	1
160	369	370	1
161	370	371	1
162	371	372	1
163	372	373	1
164	373	374	1
165	374	375	1
166	375	376	1
167	376	377	1
168	377	378	1
169	378	379	1
170	379	380	1
171	380	381	1
172	381	382	1
173	382	383	1
174	383	384	1
175	384	385	1
176	385	386	1
177	386	387	1
178	387	388	1
179	388	389	1
180	389	390	1
181	390	391	1
182	391	392	1
183	392	393	1
184	393	394	1
185	394	395	1
186	395	396	1
187	396	397	1
188	397	398	1
189	398	399	1
190	399	400	1
191	400	401	1
192	401	402	1
193	402	403	1
194	403	404	1
195	404	405	1
196	405	406	1
197	406	407	1
198	407	408	1
199	408	409	1
200	409	410	1
201	410	411	1
202	411	412	1
203	412	413	1
204	413	414	1
205	414	415	1
206	415	416	1
207	416	417	1
208	417	418	1
209	418	419	1
210	419	420	1
211	420	421	1
212	421	422	1
213	422	423	1
214	423	424	1
215	424	425	1
216	425	426	1
217	426	427	1
218	427	428	1
219	428	429	1
220	429	430	1
221	430	431	1
222	431	432	1
223	432	433	1
224	433	434	1
225	434	435	1
226	435	436	1
227	436	437	1
228	437	438	1
229	438	439	1
230	439	440	1
231	440	441	1
232	441	442	1
233	442	443	1
234	443	444	1
235	444	445	1
236	445	446	1
237	446	447	1
238	447	448	1
239	448	449	1
240	449	450	1
241	450	451	1
242	451	452	1
243	452	453	1
244	453	454	1
245	454	455	1
246	455	456	1
247	456	457	1
248	457	458	1
249	458	459	1
250	459	460	1
251	460	461	1
252	461	462	1
253	462	463	1
254	463	464	1
255	464	465	1
256	465	466	1
257	466	467	1
258	467	468	1
259	468	469	1
260	469	470	1
261	470	471	1
262	471	472	1
263	472	473	1
264	473	474	1
265	474	475	1
266	475	476	1
267	476	477	1
268	477	478	1
269	478	479	1
270	479	480	1
271	480	481	1
272	481	482	1
273	482	483	1
274	483	484	1
275	484	485	1
276	485	486	1
277	486	487	1
278	487	488	1
279	488	489	1
280	489	490	1
281	490	491	1
282	491	492	1
283	492	493	1
284	493	494	1
285	494	495	1
286	495	496	1
287	496	497	1
288	497	498	1
289	498	499	1
290	499	500	1
291	500	501	1
292	501	502	1
293	502	503	1
294	503	504	1
295	504	505	1
296	505	506	1
297	506	507	1
298	507	508	1
299	508	509	1
300	509	510	1
301	510	511	1
302	511	512	1
303	512	513	1
304	513	514	1
305	514	515	1
306	515	516	1
307	516	517	1
308	517	518	1
309	518	519	1
310	519	520	1
311	520	521	1
312	521	522	1
313	522	523	1
314	523	524	1
315	524	525	1
316	525	526	1
317	526	527	1
318	527	528	1
319	528	529	1
320	529	530	1
321	530	531	1
322	531	532	1
323	532	533	1
324	533	534	1
325	534	535	1
326	535	536	1
327	536	537	1
328	537	538	1
329	538	539	1
330	539	540	1
331	540	541	1
332	541	542	1
333	542	543	1
334	543	544	1
335	544	545	1
336	545	546	1
337	546	547	1
338	547	548	1
339	548	549	1
340	549	550	1
341	550	551	1
342	551	552	1
343	552	553	1
344	553	554	1
345	554	555	1
346	555	556	1
347	556	557	1
348	557	558	1
349	558	559	1
350	559	560	1
351	560	561	1
352	561	562	1
353	562	563	1
354	563	564	1
355	564	565	1
356	565	566	1
357	566	567	1
358	567	568	1
359	568	569	1
360	569	570	1
361	570	571	1
362	571	572	1
363	572	573	1
364	573	574	1
365	574	575	1
366	575	576	1
367	576	577	1
368	577	578	1
369	578	579	1
370	579	580	1
371	580	581	1
372	581	582	1
373	582	583	1
374	583	584	1
375	584	585	1
376	585	586	1
377	586	587	1
378	587	588	1
379	588	589	1
380	589	590	1
381	590	591	1
382	591	592	1
383	592	593	1
384	593	594	1
385	594	595	1
386	595	596	1
387	596	597	1
388	597	598	1
389	598	599	1
390	599	600	1
391	600	601	1
392	601	602	1
393	602	603	1
394	603	604	1
395	604	605	1
396	605	606	1
397	606	607	1
398	607	608	1
399	608	609	1
400	609	610	1
401	610	611	1
402	611	612	1
403	612	613	1
404	613	614	1
405	614	615	1
406	615	616	1
407	616	617	1
408	617	618	1
409	618	619	1
410	619	620	1
411	620	621	1
412	621	622	1
413	622	623	1
414	623	624	1
415	624	625	1
416	625	626	1
417	626	627	1
418	627	628	1
419	628	629	1
420	629	630	1
421	630	631	1
422	631	632	1
423	632	633	1
424	633	634	1
425	634	635	1
426	635	636	1
427	636	637	1
428	637	638	1
429	638	639	1
430	639	640	1
431	640	641	1
432	641	642	1
433	642	643	1
434	643	644	1
435	644	645	1
436	645	646	1
437	646	647	1
438	647	648	1
439	648	649	1
440	649	650	1
441	650	651	1
442	651	652	1
443	652	653	1
444	653	654	1
445	654	655	1
446	655	656	1
447	656	657	1
448	657	658	1
449	658	659	1
450	659	660	1
451	660	661	1
452	661	662	1
453	662	663	1
454	663	664	1
455	664	665	1
456	665	666	1
457	666	667	1
458	667	668	1
459	668	669	1
460	669	670	1
461	670	671	1
462	671	672	1
463	672	673	1
464	673	674	1
465	674	675	1
466	675	676	1
467	676	677	1
468	677	678	1
469	678	679	1
470	679	680	1
471	680	681	1
472	681	682	1
473	682	683	1
474	683	684	1
475	684	685	1
476	685	686	1
477	686	687	1
478	687	688	1
479	688	689	1
480	689	690	1
481	690	691	1
482	691	692	1
483	692	693	1
484	693	694	1
485	694	695	1
486	695	696	1
487	696	697	1
488	697	698	1
489	698	699	1
490	699	700	1
491	700	701	1
492	701	702	1
493	702	703	1
494	703	704	1
495	704	705	1
496	705	706	1
497	706	707	1
498	707	708	1
499	708	709	1
500	709	710	1
501	710	711	1
502	711	712	1
503	712	713	1
504	713	714	1
505	714	715	1
506	715	716	1
507	716	717	1
508	717	718	1
509	718	719	1
510	719	720	1
511	720	721	1
512	721	722	1
513	722	723	1
514	723	724	1
515	724	725	1
516	725	726	1
517	726	727	1
518	727	728	1
519	728	729	1
520	729	730	1
521	730	731	1
522	731	732	1
523	732	733	1
524	733	734	1
525	734	735	1
526	735	736	1
527	736	737	1
528	737	738	1
529	738	739	1
530	739	740	1
531	740	741	1
532	741	742	1
533	742	743	1
534	743	744	1
535	744	745	1
536	745	746	1
537	746	747	1
538	747	748	1
539	748	749	1
540	749	750	1
541	750	751	1
542	751	752	1
543	752	753	1
544	753	754	1
545	754	755	1
546	755	756	1
547	756	757	1
548	757	758	1
549	758	759	1
550	759	760	1
551	760	761	1
552	761	762	1
553	762	763	1
554	763	764	1
555	764	765	1
556	765	766	1
557	766	767	1
558	767	768	1
559	768	769	1
560	769	770	1
561	770	771	1
562	771	772	1
563	772	773	1
564	773	774	1
565	774	775	1
566	775	776	1
567	776	777	1
568	777	778	1
569	778	779	1
570	779	780	1
571	780	781	1
572	781	782	1
573	782	783	1
574	783	784	1
575	784	785	1
576	785	786	1
577	786	787	1
578	787	788	1
579	788	789	1
580	789	790	1
581	790	791	1
582	791	792	1
583	792	793	1
584	793	794	1
585	794	795	1
586	795	796	1
587	796	797	1
588	797	798	1
589	798	799	1
590	799	800	1
591	800	801	1
592	801	802	1
593	802	803	1
594	803	804	1
595	804	805	1
596	805	806	1
597	806	807	1
598	807	808	1
599	808	809	1
600	809	810	1
601	810	811	1
602	811	812	1
603	812	813	1
604	813	814	1
605	814	815	1
606	815	816	1
607	816	817	1
608	817	818	1
609	818	819	1
610	819	820	1
611	820	821	1
612	821	822	1
613	822	823	1
614	823	824	1
615	824	825	1
616	825	826	1
617	826	827	1
618	827	828	1
619	828	829	1
620	829	830	1
621	830	831	1
622	831	832	1
623	832	833	1
624	833	834	1
625	834	835	1
626	835	836	1
627	836	837	1
628	837	838	1
629	838	839	1
630	839	840	1
631	840	841	1
632	841	842	1
633	842	843	1
634	843	844	1
635	844	845	1
636	845	846	1
637	846	847	1
638	847	848	1
639	848	849	1
640	849	850	1
641	850	851	1
642	851	852	1
643	852	853	1
644	853	854	1
645	854	855	1
646	855	856	1
647	856	857	1
648	857	858	1
649	858	859	1
650	859	860	1
651	860	861	1
652	861	862	1
653	862	863	1
654	863	864	1
655	864	865	1
656	865	866	1
657	866	867	1
658	867	868	1
659	868	869	1
660	869	870	1
661	870	871	1
662	871	872	1
663	872	873	1
664	873	874	1
665	874	875	1
666	875	876	1
667	876	877	1
668	877	878	1
669	878	879	1
670	879	880	1
671	880	881	1
672	881	882	1
673	882	883	1
674	883	884	1
675	884	885	1
676	885	886	1
677	886	887	1
678	887	888	1
679	888	889	1
680	889	890	1
681	890	891	1
682	891	892	1
683	892	893	1
684	893	894	1
685	894	895	1
686	895	896	1
687	896	897	1
688	897	898	1
689	898	899	1
690	899	900	1
691	900	901	1
692	901	902	1
693	902	903	1
694	903	904	1
695	904	905	1
696	905	906	1
697	906	907	1
698	907	908	1
699	908	909	1
700	909	910	1
701	910	911	1
702	911	912	1
703	912	913	1
704	913	914	1
705	914	915	1
706	915	916	1
707	916	917	1
708	917	918	1
709	918	919	1
710	919	920	1
711	920	921	1
712	921	922	1
713	922	923	1
714	923	924	1
715	924	925	1
716	925	926	1
717	926	927	1
718	927	928	1
719	928	929	1
720	929	930	1
721	930	931	1
722	931	932	1
723	932	933	1
724	933	934	1
725	934	935	1
726	935	936	1
727	936	937	1
728	937	938	1
729	938	939	1
730	939	940	1
731	940	941	1
732	941	942	1
733	942	943	1
734	943	944	1
735	944	945	1
736	945	946	1
737	946	947	1
738	947	948	1
739	948	949	1
740	949	950	1
741	950	951	1
742	951	952	1
743	952	953	1
744	953	954	1
745	954	955	1
746	955	956	1
747	956	957	1
748	957	958	1
749	958	959	1
750	959	960	1
751	960	961	1
752	961	962	1
753	962	963	1
754	963	964	1
755	964	965	1
756	965	966	1
757	966	967	1
758	967	968	1
759	968	969	1
760	969	970	1
761	970	971	1
762	971	972	1
763	972	973	1
764	973	974	1
765	974	975	1
766	975	976	1
767	976	977	1
768	977	978	1
769	978	979	1
770	979	980	1
771	980	981	1
772	981	982	1
773	982	983	1
774	983	984	1
775	984	985	1
776	985	986	1
777	986	987	1
778	987	988	1
779	988	989	1
780	989	990	1
781	990	991	1
782	991	992	1
783	992	993	1
784	993	994	1
785	994	995	1
786	995	996	1
787	996	997	1
788	997	998	1
789	998	999	1
790	999	1000	1
791	1000	1001	1
792	1001	1002	1
793	1002	1003	1
794	1003	1004	1
795	1004	1005	1
796	1005	1006	1
797	1006	1007	1
798	1007	1008	1
799	1008	1009	1
800	1009	1010	1
801	1010	1011	1
802	1011	1012	1
803	1012	1013	1
804	1013	1014	1
805	1014	1015	1
806	1015	1016	1
807	1016	1017	1
808	1017	1018	1
809	1018	1019	1
810	1019	1020	1
811	1020	1021	1
812	1021	1022	1
813	1022	1023	1
814	1023	1024	1
815	1024	1025	1
816	1025	1026	1
817	1026	1027	1
818	1027	1028	1
819	1028	1029	1
820	1029	1030	1
821	1030	1031	1
822	1031	1032	1
823	1032	1033	1
824	1033	1034	1
825	1034	1035	1
826	1035	1036	1
827	1036	1037	1
828	1037	1038	1
829	1038	1039	1
830	1039	1040	1
831	1040	1041	1
832	1041	1042	1
833	1042	1043	1
834	1043	1044	1
835	1044	1045	1
836	1045	1046	1
837	1046	1047	1
838	1047	1048	1
839	1048	1049	1
840	1049	1050	1
841	1050	1051	1
842	1051	1052	1
843	1052	1053	1
844	1053	1054	1
845	1054	1055	1
846	1055	1056	1
847	1056	1057	1
848	1057	1058	1
849	1058	1059	1
850	1059	1060	1
851	1060	1061	1
852	1061	1062	1
853	1062	1063	1
854	1063	1064	1
855	1064	1065	1
856	1065	1066	1
857	1066	1067	1
858	1067	1068	1
859	1068	1069	1
860	1069	1070	1
861	1070	1071	1
862	1071	1072	1
863	1072	1073	1
864	1073	1074	1
865	1074	1075	1
866	1075	1076	1
867	1076	1077	1
868	1077	1078	1
869	1078	1079	1
870	1079	1080	1
871	1080	1081	1
872	1081	1082	1
873	1082	1083	1
874	1083	1084	1
875	1084	1085	1
876	1085	1086	1
877	1086	1087	1
878	1087	1088	1
879	1088	1089	1
880	1089	1090	1
881	1090	1091	1
882	1091	1092	1
883	1092	1093	1
884	1093	1094	1
885	1094	1095	1
886	1095	1096	1
887	1096	1097	1
888	1097	1098	1
889	1098	1099	1
890	1099	1100	1
891	1100	1101	1
892	1101	1102	1
893	1102	1103	1
894	1103	1104	1
895	1104	1105	1
896	1105	1106	1
897	1106	1107	1
898	1107	1108	1
899	1108	1109	1
900	1109	1110	1
901	1110	1111	1
902	1111	1112	1
903	1112	1113	1
904	1113	1114	1
905	1114	1115	1
906	1115	1116	1
907	1116	1117	1
908	1117	1118	1
909	1118	1119	1
910	1119	1120	1
911	1120	1121	1
912	1121	1122	1
913	1122	1123	1
914	1123	1124	1
915	1124	1125	1
916	1125	1126	1
917	1126	1127	1
918	1127	1128	1
919	1128	1129	1
920	1129	1130	1
921	1130	1131	1
922	1131	1132	1
923	1132	1133	1
924	1133	1134	1
925	1134	1135	1
926	1135	1136	1
927	1136	1137	1
928	1137	1138	1
929	1138	1139	1
930	1139	1140	1
931	1140	1141	1
932	1141	1142	1
933	1142	1143	1
934	1143	1144	1
935	1144	1145	1
936	1145	1146	1
937	1146	1147	1
938	1147	1148	1
939	1148	1149	1
940	1149	1150	1
941	1150	1151	1
942	1151	1152	1
943	1152	1153	1
944	1153	1154	1
945	1154	1155	1
946	1155	1156	1
947	1156	1157	1
948	1157	1158	1
949	1158	1159	1
950	1159	1160	1
951	1160	1161	1
952	1161	1162	1
953	1162	1163	1
954	1163	1164	1
955	1164	1165	1
956	1165	1166	1
957	1166	1167	1
958	1167	1168	1
959	1168	1169	1
960	1169	1170	1
961	1170	1171	1
962	1171	1172	1
963	1172	1173	1
964	1173	1174	1
965	1174	1175	1
966	1175	1176	1
967	1176	1177	1
968	1177	1178	1
969	1178	1179	1
970	1179	1180	1
971	1180	1181	1
972	1181	1182	1
973	1182	1183	1
974	1183	1184	1
975	1184	1185	1
976	1185	1186	1
977	1186	1187	1
978	1187	1188	1
979	1188	1189	1
980	1189	1190	1
981	1190	1191	1
982	1191	1192	1
983	1192	1193	1
984	1193	1194	1
985	1194	1195	1
986	1195	1196	1
987	1196	1197	1
988	1197	1198	1
989	1198	1199	1
990	1199	1200	1
991	1200	1201	1
992	1201	1202	1
993	1202	1203	1
994	1203	1204	1
995	1204	1205	1
996	1205	1206	1
997	1206	1207	1
998	1207	1208	1
999	1208	1209	1
1000	1209	1210	1
1001	1210	1211	1
1002	1211	1212	1
1003	1212	1213	1
1004	1213	1214	1
1005	1214	1215	1
1006	1215	1216	1
1007	1216	1217	1
1008	1217	1218	1
1009	1218	1219	1
1010	1219	1220	1
1011	1220	1221	1
1012	1221	1222	1
1013	1222	1223	1
1014	1223	1224	1
1015	1224	1225	1
1016	1225	1226	1
1017	1226	1227	1
1018	1227	1228	1
1019	1228	1229	1
1020	1229	1230	1
1021	1230	1231	1
1022	1231	1232	1
1023	1232	1233	1
1024	1233	1234	1
1025	1234	1235	1
1026	1235	1236	1
1027	1236	1237	1
1028	1237	1238	1
1029	1238	1239	1
1030	1239	1240	1
1031	1240	1241	1
1032	1241	1242	1
1033	1242	1243	1
1034	1243	1244	1
1035	1244	1245	1
1036	1245	1246	1
1037	1246	1247	1
1038	1247	1248	1
1039	1248	1249	1
1040	1249	1250	1
1041	1250	1251	1
1042	1251	1252	1
1043	1252	1253	1
1044	1253	1254	1
1045	1254	1255	1
1046	1255	1256	1
1047	1256	1257	1
1048	1257	1258	1
1049	1258	1259	1
1050	1259	1260	1
1051	1260	1261	1
1052	1261	1262	1
1053	1262	1263	1
1054	1263	1264	1
1055	1264	1265	1
1056	1265	1266	1
1057	1266	1267	1
1058	1267	1268	1
1059	1268	1269	1
1060	1269	1270	1
1061	1270	1271	1
1062	1271	1272	1
1063	1272	1273	1
1064	1273	1274	1
1065	1274	1275	1
1066	1275	1276	1
1067	1276	1277	1
1068	1277	1278	1
1069	1278	1279	1
1070	1279	1280	1
1071	1280	1281	1
1072	1281	1282	1
1073	1282	1283	1
1074	1283	1284	1
1075	1284	1285	1
1076	1285	1286	1
1077	1286	1287	1
1078	1287	1288	1
1079	1288	1289	1
1080	1289	1290	1
1081	1290	1291	1
1082	1291	1292	1
1083	1292	1293	1
1084	1293	1294	1
1085	1294	1295	1
1086	1295	1296	1
1087	1296	1297	1
1088	1297	1298	1
1089	1298	1299	1
1090	1299	1300	1
1091	1300	1301	1
1092	1301	1302	1
1093	1302	1303	1
1094	1303	1304	1
1095	1304	1305	1
1096	1305	1306	1
1097	1306	1307	1
1098	1307	1308	1
1099	1308	1309	1
1100	1309	1310	1
1101	1310	1311	1
1102	1311	1312	1
1103	1312	1313	1
1104	1313	1314	1
1105	1314	1315	1
1106	1315	1316	1
1107	1316	1317	1
1108	1317	1318	1
1109	1318	1319	1
1110	1319	1320	1
1111	1320	1321	1
1112	1321	1322	1
1113	1322	1323	1
1114	1323	1324	1
1115	1324	1325	1
1116	1325	1326	1
1117	1326	1327	1
1118	1327	1328	1
1119	1328	1329	1
1120	1329	1330	1
1121	1330	1331	1
1122	1331	1332	1
1123	1332	1333	1
1124	1333	1334	1
1125	1334	1335	1
1126	1335	1336	1
1127	1336	1337	1
1128	1337	1338	1
1129	1338	1339	1
1130	1339	1340	1
1131	1340	1341	1
1132	1341	1342	1
1133	1342	1343	1
1134	1343	1344	1
1135	1344	1345	1
1136	1345	1346	1
1137	1346	1347	1
1138	1347	1348	1
1139	1348	1349	1
1140	1349	1350	1
1141	1350	1351	1
1142	1351	1352	1
1143	1352	1353	1
1144	1353	1354	1
1145	1354	1355	1
1146	1355	1356	1
1147	1356	1357	1
1148	1357	1358	1
1149	1358	1359	1
1150	1359	1361	2
1151	1361	1363	2
1152	1363	1365	2
1153	1365	1367	2
1154	1367	1369	2
1155	1369	1371	2
1156	1371	1373	2
1157	1373	1375	2
1158	1375	1377	2
1159	1377	1379	2
1160	1379	1381	2
1161	1381	1383	2
1162	1383	1385	2
1163	1385	1387	2
1164	1387	1389	2
1165	1389	1391	2
1166	1391	1393	2
1167	1393	1395	2
1168	1395	1397	2
1169	1397	1399	2
1170	1399	1401	2
1171	1401	1403	2
1172	1403	1405	2
1173	1405	1407	2
1174	1407	1409	2
1175	1409	1411	2
1176	1411	1413	2
1177	1413	1415	2
1178	1415	1417	2
1179	1417	1419	2
1180	1419	1421	2
1181	1421	1423	2
1182	1423	1425	2
1183	1425	1427	2
1184	1427	1429	2
1185	1429	1431	2
1186	1431	1433	2
1187	1433	1435	2
1188	1435	1437	2
1189	1437	1439	2
1190	1439	1441	2
1191	1441	1443	2
1192	1443	1445	2
1193	1445	1447	2
1194	1447	1449	2
1195	1449	1451	2
1196	1451	1453	2
1197	1453	1455	2
1198	1455	1457	2
1199	1457	1459	2
1200	1459	1461	2
1201	1461	1463	2
1202	1463	1465	2
1203	1465	1467	2
1204	1467	1469	2
1205	1469	1471	2
1206	1471	1473	2
1207	1473	1475	2
1208	1475	1477	2
1209	1477	1479	2
1210	1479	1481	2
1211	1481	1483	2
1212	1483	1485	2
1213	1485	1487	2
1214	1487	1489	2
1215	1489	1491	2
1216	1491	1493	2
1217	1493	1495	2
1218	1495	1497	2
1219	1497	1499	2
1220	1499	1501	2
1221	1501	1503	2
1222	1503	1505	2
1223	1505	1507	2
1224	1507	1509	2
1225	1509	1511	2
1226	1511	1513	2
1227	1513	1515	2
1228	1515	1517	2
1229	1517	1519	2
1230	1519	1521	2
1231	1521	1523	2
1232	1523	1525	2
1233	1525	1527	2
1234	1527	1529	2
1235	1529	1531	2
1236	1531	1533	2
1237	1533	1535	2
1238	1535	1537	2
1239	1537	1539	2
1240	1539	1541	2
1241	1541	1543	2
1242	1543	1545	2
1243	1545	1547	2
1244	1547	1549	2
1245	1549	1551	2
1246	1551	1553	2
1247	1553	1555	2
1248	1555	1557	2
1249	1557	1559	2
1250	1559	1561	2
1251	1561	1563	2
1252	1563	1565	2
1253	1565	1567	2
1254	1567	1569	2
1255	1569	1571	2
1256	1571	1573	2
1257	1573	1575	2
1258	1575	1577	2
1259	1577	1579	2
1260	1579	1581	2
1261	1581	1583	2
1262	1583	1585	2
1263	1585	1587	2
1264	1587	1589	2
1265	1589	1591	2
1266	1591	1593	2
1267	1593	1595	2
1268	1595	1597	2
1269	1597	1599	2
1270	1599	1601	2
1271	1601	1603	2
1272	1603	1605	2
1273	1605	1607	2
1274	1607	1609	2
1275	1609	1611	2
1276	1611	1613	2
1277	1613	1615	2
1278	1615	1617	2
1279	1617	1619	2
1280	1619	1621	2
1281	1621	1623	2
1282	1623	1625	2
1283	1625	1627	2
1284	1627	1629	2
1285	1629	1631	2
1286	1631	1633	2
1287	1633	1635	2
1288	1635	1637	2
1289	1637	1639	2
1290	1639	1641	2
1291	1641	1643	2
1292	1643	1645	2
1293	1645	1647	2
1294	1647	1649	2
1295	1649	1651	2
1296	1651	1653	2
1297	1653	1655	2
1298	1655	1657	2
1299	1657	1659	2
1300	1659	1661	2
1301	1661	1663	2
1302	1663	1665	2
1303	1665	1667	2
1304	1667	1669	2
1305	1669	1671	2
1306	1671	1673	2
1307	1673	1675	2
1308	1675	1677	2
1309	1677	1679	2
1310	1679	1681	2
1311	1681	1683	2
1312	1683	1685	2
1313	1685	1687	2
1314	1687	1689	2
1315	1689	1691	2
1316	1691	1693	2
1317	1693	1695	2
1318	1695	1697	2
1319	1697	1699	2
1320	1699	1701	2
1321	1701	1703	2
1322	1703	1705	2
1323	1705	1707	2
1324	1707	1709	2
1325	1709	1711	2
1326	1711	1713	2
1327	1713	1715	2
1328	1715	1717	2
1329	1717	1719	2
1330	1719	1721	2
1331	1721	1723	2
1332	1723	1725	2
1333	1725	1727	2
1334	1727	1729	2
1335	1729	1731	2
1336	1731	1733	2
1337	1733	1735	2
1338	1735	1737	2
1339	1737	1739	2
1340	1739	1741	2
1341	1741	1743	2
1342	1743	1745	2
1343	1745	1747	2
1344	1747	1749	2
1345	1749	1751	2
1346	1751	1753	2
1347	1753	1755	2
1348	1755	1757	2
1349	1757	1759	2
1350	1759	1761	2
1351	1761	1763	2
1352	1763	1765	2
1353	1765	1767	2
1354	1767	1769	2
1355	1769	1771	2
1356	1771	1773	2
1357	1773	1775	2
1358	1775	1777	2
1359	1777	1779	2
1360	1779	1781	2
1361	1781	1783	2
1362	1783	1785	2
1363	1785	1787	2
1364	1787	1789	2
1365	1789	1791	2
1366	1791	1793	2
1367	1793	1795	2
1368	1795	1797	2
1369	1797	1799	2
1370	1799	1801	2
1371	1801	1803	2
1372	1803	1805	2
1373	1805	1807	2
1374	1807	1809	2
1375	1809	1811	2
1376	1811	1813	2
1377	1813	1815	2
1378	1815	1817	2
1379	1817	1819	2
1380	1819	1821	2
1381	1821	1823	2
1382	1823	1825	2
1383	1825	1827	2
1384	1827	1829	2
1385	1829	1831	2
1386	1831	1833	2
1387	1833	1835	2
1388	1835	1837	2
1389	1837	1839	2
1390	1839	1841	2
1391	1841	1843	2
1392	1843	1845	2
1393	1845	1847	2
1394	1847	1849	2
1395	1849	1851	2
1396	1851	1853	2
1397	1853	1855	2
1398	1855	1857	2
1399	1857	1859	2
1400	1859	1861	2
1401	1861	1863	2
1402	1863	1865	2
1403	1865	1867	2
1404	1867	1869	2
1405	1869	1871	2
1406	1871	1873	2
1407	1873	1875	2
1408	1875	1877	2
1409	1877	1879	2
1410	1879	1881	2
1411	1881	1883	2
1412	1883	1885	2
1413	1885	1887	2
1414	1887	1889	2
1415	1889	1891	2
1416	1891	1893	2
1417	1893	1895	2
1418	1895	1897	2
1419	1897	1899	2
1420	1899	1901	2
1421	1901	1903	2
1422	1903	1905	2
1423	1905	1907	2
1424	1907	1909	2
1425	1909	1911	2
1426	1911	1913	2
1427	1913	1915	2
1428	1915	1917	2
1429	1917	1919	2
1430	1919	1921	2
1431	1921	1923	2
1432	1923	1925	2
1433	1925	1927	2
1434	1927	1929	2
1435	1929	1931	2
1436	1931	1933	2
1437	1933	1935	2
1438	1935	1937	2
1439	1937	1939	2
1440	1939	1941	2
1441	1941	1943	2
1442	1943	1945	2
1443	1945	1947	2
1444	1947	1949	2
1445	1949	1951	2
1446	1951	1953	2
1447	1953	1955	2
1448	1955	1957	2
1449	1957	1959	2
1450	1959	1961	2
1451	1961	1963	2
1452	1963	1965	2
1453	1965	1967	2
1454	1967	1969	2
1455	1969	1971	2
1456	1971	1973	2
1457	1973	1975	2
1458	1975	1977	2
1459	1977	1979	2
1460	1979	1981	2
1461	1981	1983	2
1462	1983	1985	2
1463	1985	1987	2
1464	1987	1989	2
1465	1989	1991	2
1466	1991	1993	2
1467	1993	1995	2
1468	1995	1997	2
1469	1997	1999	2
1470	1999	2001	2
1471	2001	2003	2
1472	2003	2005	2
1473	2005	2007	2
1474	2007	2009	2
1475	2009	2011	2
1476	2011	2013	2
1477	2013	2015	2
1478	2015	2017	2
1479	2017	2019	2
1480	2019	2021	2
1481	2021	2023	2
1482	2023	2025	2
1483	2025	2027	2
1484	2027	2029	2
1485	2029	2031	2
1486	2031	2033	2
1487	2033	2035	2
1488	2035	2037	2
1489	2037	2039	2
1490	2039	2041	2
1491	2041	2043	2
1492	2043	2045	2
1493	2045	2047	2
1494	2047	2049	2
1495	2049	2051	2
1496	2051	2053	2
1497	2053	2055	2
1498	2055	2057	2
1499	2057	2059	2
1500	2059	2061	2
1501	2061	2063	2
1502	2063	2065	2
1503	2065	2067	2
1504	2067	2069	2
1505	2069	2071	2
1506	2071	2073	2
1507	2073	2075	2
1508	2075	2077	2
1509	2077	2079	2
1510	2079	2081	2
1511	2081	2083	2
1512	2083	2085	2
1513	2085	2087	2
1514	2087	2089	2
1515	2089	2091	2
1516	2091	2093	2
1517	2093	2095	2
1518	2095	2097	2
1519	2097	2099	2
1520	2099	2101	2
1521	2101	2103	2
1522	2103	2105	2
1523	2105	2107	2
1524	2107	2109	2
1525	2109	2111	2
1526	2111	2113	2
1527	2113	2115	2
1528	2115	2117	2
1529	2117	2119	2
1530	2119	2121	2
1531	2121	2123	2
1532	2123	2125	2
1533	2125	2127	2
1534	2127	2129	2
1535	2129	2131	2
1536	2131	2133	2
1537	2133	2135	2
1538	2135	2137	2
1539	2137	2139	2
1540	2139	2141	2
1541	2141	2143	2
1542	2143	2145	2
1543	2145	2147	2
1544	2147	2149	2
1545	2149	2151	2
1546	2151	2153	2
1547	2153	2155	2
1548	2155	2157	2
1549	2157	2159	2
1550	2159	2161	2
1551	2161	2163	2
1552	2163	2165	2
1553	2165	2167	2
1554	2167	2169	2
1555	2169	2171	2
1556	2171	2173	2
1557	2173	2175	2
1558	2175	2177	2
1559	2177	2179	2
1560	2179	2181	2
1561	2181	2183	2
1562	2183	2185	2
1563	2185	2187	2
1564	2187	2189	2
1565	2189	2191	2
1566	2191	2193	2
1567	2193	2195	2
1568	2195	2197	2
1569	2197	2199	2
1570	2199	2201	2
1571	2201	2203	2
1572	2203	2205	2
1573	2205	2207	2
1574	2207	2209	2
1575	2209	2211	2
1576	2211	2213	2
1577	2213	2215	2
1578	2215	2217	2
1579	2217	2219	2
1580	2219	2221	2
1581	2221	2223	2
1582	2223	2225	2
1583	2225	2227	2
1584	2227	2229	2
1585	2229	2231	2
1586	2231	2233	2
1587	2233	2235	2
1588	2235	2237	2
1589	2237	2239	2
1590	2239	2241	2
1591	2241	2243	2
1592	2243	2245	2
1593	2245	2247	2
1594	2247	2249	2
1595	2249	2251	2
1596	2251	2253	2
1597	2253	2255	2
1598	2255	2257	2
1599	2257	2259	2
1600	2259	2261	2
1601	2261	2263	2
1602	2263	2265	2
1603	2265	2267	2
1604	2267	2269	2
1605	2269	2271	2
1606	2271	2273	2
1607	2273	2275	2
1608	2275	2277	2
1609	2277	2279	2
1610	2279	2281	2
1611	2281	2283	2
1612	2283	2285	2
1613	2285	2287	2
1614	2287	2289	2
1615	2289	2291	2
1616	2291	2293	2
1617	2293	2295	2
1618	2295	2297	2
1619	2297	2299	2
1620	2299	2301	2
1621	2301	2303	2
1622	2303	2305	2
1623	2305	2307	2
1624	2307	2309	2
1625	2309	2311	2
1626	2311	2313	2
1627	2313	2315	2
1628	2315	2317	2
1629	2317	2319	2
1630	2319	2321	2
1631	2321	2323	2
1632	2323	2325	2
1633	2325	2327	2
1634	2327	2329	2
1635	2329	2331	2
1636	2331	2333	2
1637	2333	2335	2
1638	2335	2337	2
1639	2337	2339	2
1640	2339	2341	2
1641	2341	2343	2
1642	2343	2345	2
1643	2345	2347	2
1644	2347	2349	2
1645	2349	2351	2
1646	2351	2353	2
1647	2353	2355	2
1648	2355	2357	2
1649	2357	2359	2
1650	2359	2361	2
1651	2361	2363	2
1652	2363	2365	2
1653	2365	2367	2
1654	2367	2369	2
1655	2369	2371	2
1656	2371	2373	2
1657	2373	2375	2
1658	2375	2377	2
1659	2377	2379	2
1660	2379	2381	2
1661	2381	2383	2
1662	2383	2385	2
1663	2385	2387	2
1664	2387	2389	2
1665	2389	2391	2
1666	2391	2393	2
1667	2393	2395	2
1668	2395	2397	2
1669	2397	2399	2
1670	2399	2401	2
1671	2401	2403	2
1672	2403	2405	2
1673	2405	2407	2
1674	2407	2409	2
1675	2409	2411	2
1676	2411	2413	2
1677	2413	2415	2
1678	2415	2417	2
1679	2417	2419	2
1680	2419	2421	2
1681	2421	2423	2
1682	2423	2425	2
1683	2425	2427	2
1684	2427	2429	2
1685	2429	2431	2
1686	2431	2433	2
1687	2433	2435	2
1688	2435	2437	2
1689	2437	2439	2
1690	2439	2441	2
1691	2441	2443	2
1692	2443	2445	2
1693	2445	2447	2
1694	2447	2449	2
1695	2449	2451	2
1696	2451	2453	2
1697	2453	2455	2
1698	2455	2457	2
1699	2457	2459	2
1700	2459	2461	2
1701	2461	2463	2
1702	2463	2465	2
1703	2465	2467	2
1704	2467	2469	2
1705	2469	2471	2
1706	2471	2473	2
1707	2473	2475	2
1708	2475	2477	2
1709	2477	2479	2
1710	2479	2481	2
1711	2481	2483	2
1712	2483	2485	2
1713	2485	2487	2
1714	2487	2489	2
1715	2489	2491	2
1716	2491	2493	2
1717	2493	2495	2
1718	2495	2497	2
1719	2497	2499	2
1720	2499	2501	2
1721	2501	2503	2
1722	2503	2505	2
1723	2505	2507	2
1724	2507	2509	2
1725	2509	2511	2
1726	2511	2513	2
1727	2513	2515	2
1728	2515	2517	2
1729	2517	2519	2
1730	2519	2521	2
1731	2521	2523	2
1732	2523	2525	2
1733	2525	2527	2
1734	2527	2529	2
1735	2529	2531	2
1736	2531	2533	2
1737	2533	2535	2
1738	2535	2537	2
1739	2537	2539	2
1740	2539	2541	2
1741	2541	2543	2
1742	2543	2545	2
1743	2545	2547	2
1744	2547	2549	2
1745	2549	2551	2
1746	2551	2553	2
1747	2553	2555	2
1748	2555	2557	2
1749	2557	2559	2
1750	2559	2561	2
1751	2561	2563	2
1752	2563	2565	2
1753	2565	2567	2
1754	2567	2569	2
1755	2569	2571	2
1756	2571	2573	2
1757	2573	2575	2
1758	2575	2577	2
1759	2577	2579	2
1760	2579	2581	2
1761	2581	2583	2
1762	2583	2585	2
1763	2585	2587	2
1764	2587	2589	2
1765	2589	2591	2
1766	2591	2593	2
1767	2593	2595	2
1768	2595	2597	2
1769	2597	2599	2
1770	2599	2601	2
1771	2601	2603	2
1772	2603	2605	2
1773	2605	2607	2
1774	2607	2609	2
1775	2609	2611	2
1776	2611	2613	2
1777	2613	2615	2
1778	2615	2617	2
1779	2617	2619	2
1780	2619	2621	2
1781	2621	2623	2
1782	2623	2625	2
1783	2625	2627	2
1784	2627	2629	2
1785	2629	2631	2
1786	2631	2633	2
1787	2633	2635	2
1788	2635	2637	2
1789	2637	2639	2
1790	2639	2641	2
1791	2641	2643	2
1792	2643	2645	2
1793	2645	2647	2
1794	2647	2649	2
1795	2649	2651	2
1796	2651	2653	2
1797	2653	2655	2
1798	2655	2657	2
1799	2657	2659	2
1800	2659	2661	2
1801	2661	2663	2
1802	2663	2665	2
1803	2665	2667	2
1804	2667	2669	2
1805	2669	2671	2
1806	2671	2673	2
1807	2673	2675	2
1808	2675	2677	2
1809	2677	2679	2
1810	2679	2681	2
1811	2681	2683	2
1812	2683	2685	2
1813	2685	2687	2
1814	2687	2689	2
1815	2689	2691	2
1816	2691	2693	2
1817	2693	2695	2
1818	2695	2697	2
1819	2697	2699	2
1820	2699	2701	2
1821	2701	2703	2
1822	2703	2705	2
1823	2705	2707	2
1824	2707	2709	2
1825	2709	2711	2
1826	2711	2713	2
1827	2713	2715	2
1828	2715	2717	2
1829	2717	2719	2
1830	2719	2721	2
1831	2721	2723	2
1832	2723	2725	2
1833	2725	2727	2
1834	2727	2729	2
1835	2729	2731	2
1836	2731	2733	2
1837	2733	2735	2
1838	2735	2737	2
1839	2737	2739	2
1840	2739	2741	2
1841	2741	2743	2
1842	2743	2745	2
1843	2745	2747	2
1844	2747	2749	2
1845	2749	2751	2
1846	2751	2753	2
1847	2753	2755	2
1848	2755	2757	2
1849	2757	2759	2
1850	2759	2761	2
1851	2761	2763	2
1852	2763	2765	2
1853	2765	2767	2
1854	2767	2769	2
1855	2769	2771	2
1856	2771	2773	2
1857	2773	2775	2
1858	2775	2777	2
1859	2777	2779	2
1860	2779	2781	2
1861	2781	2783	2
1862	2783	2785	2
1863	2785	2787	2
1864	2787	2789	2
1865	2789	2791	2
1866	2791	2793	2
1867	2793	2795	2
1868	2795	2797	2
1869	2797	2799	2
1870	2799	2801	2
1871	2801	2803	2
1872	2803	2805	2
1873	2805	2807	2
1874	2807	2809	2
1875	2809	2811	2
1876	2811	2813	2
1877	2813	2815	2
1878	2815	2817	2
1879	2817	2819	2
1880	2819	2821	2
1881	2821	2823	2
1882	2823	2825	2
1883	2825	2827	2
1884	2827	2829	2
1885	2829	2831	2
1886	2831	2833	2
1887	2833	2835	2
1888	2835	2837	2
1889	2837	2839	2
1890	2839	2841	2
1891	2841	2843	2
1892	2843	2845	2
1893	2845	2847	2
1894	2847	2849	2
1895	2849	2851	2
1896	2851	2853	2
1897	2853	2855	2
1898	2855	2857	2
1899	2857	2859	2
1900	2859	2861	2
1901	2861	2863	2
1902	2863	2865	2
1903	2865	2867	2
1904	2867	2869	2
1905	2869	2871	2
1906	2871	2873	2
1907	2873	2875	2
1908	2875	2877	2
1909	2877	2879	2
1910	2879	2881	2
1911	2881	2883	2
1912	2883	2885	2
1913	2885	2887	2
1914	2887	2889	2
1915	2889	2891	2
1916	2891	2893	2
1917	2893	2895	2
1918	2895	2897	2
1919	2897	2899	2
1920	2899	2901	2
1921	2901	2903	2
1922	2903	2905	2
1923	2905	2907	2
1924	2907	2909	2
1925	2909	2911	2
1926	2911	2913	2
1927	2913	2915	2
1928	2915	2917	2
1929	2917	2919	2
1930	2919	2921	2
1931	2921	2923	2
1932	2923	2925	2
1933	2925	2927	2
1934	2927	2929	2
1935	2929	2931	2
1936	2931	2933	2
1937	2933	2935	2
1938	2935	2937	2
1939	2937	2939	2
1940	2939	2941	2
1941	2941	2943	2
1942	2943	2945	2
1943	2945	2947	2
1944	2947	2949	2
1945	2949	2951	2
1946	2951	2953	2
1947	2953	2955	2
1948	2955	2957	2
1949	2957	2959	2
1950	2959	2961	2
1951	2961	2963	2
1952	2963	2965	2
1953	2965	2967	2
1954	2967	2969	2
1955	2969	2971	2
1956	2971	2973	2
1957	2973	2975	2
1958	2975	2977	2
1959	2977	2979	2
1960	2979	2981	2
1961	2981	2983	2
1962	2983	2985	2
1963	2985	2987	2
1964	2987	2989	2
1965	2989	2991	2
1966	2991	2993	2
1967	2993	2995	2
1968	2995	2997	2
1969	2997	2999	2
1970	2999	3001	2
1971	3001	3003	2
1972	3003	3005	2
1973	3005	3007	2
1974	3007	3009	2
1975	3009	3011	2
1976	3011	3013	2
1977	3013	3015	2
1978	3015	3017	2
1979	3017	3019	2
1980	3019	3021	2
1981	3021	3023	2
1982	3023	3025	2
1983	3025	3027	2
1984	3027	3029	2
1985	3029	3031	2
1986	3031	3033	2
1987	3033	3035	2
1988	3035	3037	2
1989	3037	3039	2
1990	3039	3041	2
1991	3041	3043	2
1992	3043	3045	2
1993	3045	3047	2
1994	3047	3049	2
1995	3049	3051	2
1996	3051	3053	2
1997	3053	3055	2
1998	3055	3057	2
1999	3057	3059	2
2000	3059	3061	2
2001	3061	3063	2
2002	3063	3065	2
2003	3065	3067	2
2004	3067	3069	2
2005	3069	3071	2
2006	3071	3073	2
2007	3073	3075	2
2008	3075	3077	2
2009	3077	3079	2
2010	3079	3081	2
2011	3081	3083	2
2012	3083	3085	2
2013	3085	3087	2
2014	3087	3089	2
2015	3089	3091	2
2016	3091	3093	2
2017	3093	3095	2
2018	3095	3097	2
2019	3097	3099	2
2020	3099	3101	2
2021	3101	3103	2
2022	3103	3105	2
2023	3105	3107	2
2024	3107	3109	2
2025	3109	3111	2
2026	3111	3113	2
2027	3113	3115	2
2028	3115	3117	2
2029	3117	3119	2
2030	3119	3121	2
2031	3121	3123	2
2032	3123	3125	2
2033	3125	3127	2
2034	3127	3129	2
2035	3129	3131	2
2036	3131	3133	2
2037	3133	3135	2
2038	3135	3137	2
2039	3137	3139	2
2040	3139	3141	2
2041	3141	3143	2
2042	3143	3145	2
2043	3145	3147	2
2044	3147	3149	2
2045	3149	3151	2
2046	3151	3153	2
2047	3153	3155	2
2048	3155	3157	2
2049	3157	3159	2
2050	3159	3161	2
2051	3161	3163	2
2052	3163	3165	2
2053	3165	3167	2
2054	3167	3169	2
2055	3169	3171	2
2056	3171	3173	2
2057	3173	3175	2
2058	3175	3177	2
2059	3177	3179	2
2060	3179	3181	2
2061	3181	3183	2
2062	3183	3185	2
2063	3185	3187	2
2064	3187	3189	2
2065	3189	3191	2
2066	3191	3193	2
2067	3193	3195	2
2068	3195	3197	2
2069	3197	3199	2
2070	3199	3201	2
2071	3201	3203	2
2072	3203	3205	2
2073	3205	3207	2
2074	3207	3209	2
2075	3209	3211	2
2076	3211	3213	2
2077	3213	3215	2
2078	3215	3217	2
2079	3217	3219	2
2080	3219	3221	2
2081	3221	3223	2
2082	3223	3225	2
2083	3225	3227	2
2084	3227	3229	2
2085	3229	3231	2
2086	3231	3233	2
2087	3233	3235	2
2088	3235	3237	2
2089	3237	3239	2
2090	3239	3241	2
2091	3241	3243	2
2092	3243	3245	2
2093	3245	3247	2
2094	3247	3249	2
2095	3249	3251	2
2096	3251	3253	2
2097	3253	3255	2
2098	3255	3257	2
2099	3257	3260	3
2100	3260	3263	3
2101	3263	3266	3
2102	3266	3269	3
2103	3269	3272	3
2104	3272	3275	3
2105	3275	3278	3
2106	3278	3281	3
2107	3281	3284	3
2108	3284	3287	3
2109	3287	3290	3
2110	3290	3293	3
2111	3293	3296	3
2112	3296	3299	3
2113	3299	3302	3
2114	3302	3305	3
2115	3305	3308	3
2116	3308	3311	3
2117	3311	3314	3
2118	3314	3317	3
2119	3317	3320	3
2120	3320	3323	3
2121	3323	3326	3
2122	3326	3329	3
2123	3329	3332	3
2124	3332	3335	3
2125	3335	3338	3
2126	3338	3341	3
2127	3341	3344	3
2128	3344	3347	3
2129	3347	3350	3
2130	3350	3353	3
2131	3353	3356	3
2132	3356	3359	3
2133	3359	3362	3
2134	3362	3365	3
2135	3365	3368	3
2136	3368	3371	3
2137	3371	3374	3
2138	3374	3377	3
2139	3377	3380	3
2140	3380	3383	3
2141	3383	3386	3
2142	3386	3389	3
2143	3389	3392	3
2144	3392	3395	3
2145	3395	3398	3
2146	3398	3401	3
2147	3401	3404	3
2148	3404	3407	3
2149	3407	3410	3
2150	3410	3413	3
2151	3413	3416	3
2152	3416	3419	3
2153	3419	3422	3
2154	3422	3425	3
2155	3425	3428	3
2156	3428	3431	3
2157	3431	3434	3
2158	3434	3437	3
2159	3437	3440	3
2160	3440	3443	3
2161	3443	3446	3
2162	3446	3449	3
2163	3449	3452	3
2164	3452	3455	3
2165	3455	3458	3
2166	3458	3461	3
2167	3461	3464	3
2168	3464	3467	3
2169	3467	3470	3
2170	3470	3473	3
2171	3473	3476	3
2172	3476	3479	3
2173	3479	3482	3
2174	3482	3485	3
2175	3485	3488	3
2176	3488	3491	3
2177	3491	3494	3
2178	3494	3497	3
2179	3497	3500	3
2180	3500	3503	3
2181	3503	3506	3
2182	3506	3509	3
2183	3509	3512	3
2184	3512	3515	3
2185	3515	3518	3
2186	3518	3521	3
2187	3521	3524	3
2188	3524	3527	3
2189	3527	3530	3
2190	3530	3533	3
2191	3533	3536	3
2192	3536	3539	3
2193	3539	3542	3
2194	3542	3545	3
2195	3545	3548	3
2196	3548	3551	3
2197	3551	3554	3
2198	3554	3557	3
2199	3557	3560	3
2200	3560	3563	3
2201	3563	3566	3
2202	3566	3569	3
2203	3569	3572	3
2204	3572	3575	3
2205	3575	3578	3
2206	3578	3581	3
2207	3581	3584	3
2208	3584	3587	3
2209	3587	3590	3
2210	3590	3593	3
2211	3593	3596	3
2212	3596	3599	3
2213	3599	3602	3
2214	3602	3605	3
2215	3605	3608	3
2216	3608	3611	3
2217	3611	3614	3
2218	3614	3617	3
2219	3617	3620	3
2220	3620	3623	3
2221	3623	3626	3
2222	3626	3629	3
2223	3629	3632	3
2224	3632	3635	3
2225	3635	3638	3
2226	3638	3641	3
2227	3641	3644	3
2228	3644	3647	3
2229	3647	3650	3
2230	3650	3653	3
2231	3653	3656	3
2232	3656	3659	3
2233	3659	3662	3
2234	3662	3665	3
2235	3665	3668	3
2236	3668	3671	3
2237	3671	3674	3
2238	3674	3677	3
2239	3677	3680	3
2240	3680	3683	3
2241	3683	3686	3
2242	3686	3689	3
2243	3689	3692	3
2244	3692	3695	3
2245	3695	3698	3
2246	3698	3701	3
2247	3701	3704	3
2248	3704	3707	3
2249	3707	3710	3
2250	3710	3713	3
2251	3713	3716	3
2252	3716	3719	3
2253	3719	3722	3
2254	3722	3725	3
2255	3725	3728	3
2256	3728	3731	3
2257	3731	3734	3
2258	3734	3737	3
2259	3737	3740	3
2260	3740	3743	3
2261	3743	3746	3
2262	3746	3749	3
2263	3749	3752	3
2264	3752	3755	3
2265	3755	3758	3
2266	3758	3761	3
2267	3761	3764	3
2268	3764	3767	3
2269	3767	3770	3
2270	3770	3773	3
2271	3773	3776	3
2272	3776	3779	3
2273	3779	3782	3
2274	3782	3785	3
2275	3785	3788	3
2276	3788	3791	3
2277	3791	3794	3
2278	3794	3797	3
2279	3797	3800	3
2280	3800	3803	3
2281	3803	3806	3
2282	3806	3809	3
2283	3809	3812	3
2284	3812	3815	3
2285	3815	3818	3
2286	3818	3821	3
2287	3821	3824	3
2288	3824	3827	3
2289	3827	3830	3
2290	3830	3833	3
2291	3833	3836	3
2292	3836	3839	3
2293	3839	3842	3
2294	3842	3845	3
2295	3845	3848	3
2296	3848	3851	3
2297	3851	3854	3
2298	3854	3857	3
2299	3857	3860	3
2300	3860	3863	3
2301	3863	3866	3
2302	3866	3869	3
2303	3869	3872	3
2304	3872	3875	3
2305	3875	3878	3
2306	3878	3881	3
2307	3881	3884	3
2308	3884	3887	3
2309	3887	3890	3
2310	3890	3893	3
2311	3893	3896	3
2312	3896	3899	3
2313	3899	3902	3
2314	3902	3905	3
2315	3905	3908	3
2316	3908	3911	3
2317	3911	3914	3
2318	3914	3917	3
2319	3917	3920	3
2320	3920	3923	3
2321	3923	3926	3
2322	3926	3929	3
2323	3929	3932	3
2324	3932	3935	3
2325	3935	3938	3
2326	3938	3941	3
2327	3941	3944	3
2328	3944	3947	3
2329	3947	3950	3
2330	3950	3953	3
2331	3953	3956	3
2332	3956	3959	3
2333	3959	3962	3
2334	3962	3965	3
2335	3965	3968	3
2336	3968	3971	3
2337	3971	3974	3
2338	3974	3977	3
2339	3977	3980	3
2340	3980	3983	3
2341	3983	3986	3
2342	3986	3989	3
2343	3989	3992	3
2344	3992	3995	3
2345	3995	3998	3
2346	3998	4001	3
2347	4001	4004	3
2348	4004	4007	3
2349	4007	4010	3
2350	4010	4013	3
2351	4013	4016	3
2352	4016	4019	3
2353	4019	4022	3
2354	4022	4025	3
2355	4025	4028	3
2356	4028	4031	3
2357	4031	4034	3
2358	4034	4037	3
2359	4037	4040	3
2360	4040	4043	3
2361	4043	4046	3
2362	4046	4049	3
2363	4049	4052	3
2364	4052	4055	3
2365	4055	4058	3
2366	4058	4061	3
2367	4061	4064	3
2368	4064	4067	3
2369	4067	4070	3
2370	4070	4073	3
2371	4073	4076	3
2372	4076	4079	3
2373	4079	4082	3
2374	4082	4085	3
2375	4085	4088	3
2376	4088	4091	3
2377	4091	4094	3
2378	4094	4097	3
2379	4097	4100	3
2380	4100	4103	3
2381	4103	4106	3
2382	4106	4109	3
2383	4109	4112	3
2384	4112	4115	3
2385	4115	4118	3
2386	4118	4121	3
2387	4121	4124	3
2388	4124	4127	3
2389	4127	4130	3
2390	4130	4133	3
2391	4133	4136	3
2392	4136	4139	3
2393	4139	4142	3
2394	4142	4145	3
2395	4145	4148	3
2396	4148	4151	3
2397	4151	4154	3
2398	4154	4157	3
2399	4157	4160	3
2400	4160	4163	3
2401	4163	4166	3
2402	4166	4169	3
2403	4169	4172	3
2404	4172	4175	3
2405	4175	4178	3
2406	4178	4181	3
2407	4181	4184	3
2408	4184	4187	3
2409	4187	4190	3
2410	4190	4193	3
2411	4193	4196	3
2412	4196	4199	3
2413	4199	4202	3
2414	4202	4205	3
2415	4205	4208	3
2416	4208	4211	3
2417	4211	4214	3
2418	4214	4217	3
2419	4217	4220	3
2420	4220	4223	3
2421	4223	4226	3
2422	4226	4229	3
2423	4229	4232	3
2424	4232	4235	3
2425	4235	4238	3
2426	4238	4241	3
2427	4241	4244	3
2428	4244	4247	3
2429	4247	4251	4
2430	4251	4255	4
2431	4255	4259	4
2432	4259	4263	4
2433	4263	4267	4
2434	4267	4271	4
2435	4271	4275	4
2436	4275	4279	4
2437	4279	4283	4
2438	4283	4287	4
2439	4287	4291	4
2440	4291	4295	4
2441	4295	4299	4
2442	4299	4303	4
2443	4303	4307	4
2444	4307	4311	4
2445	4311	4315	4
2446	4315	4319	4
2447	4319	4323	4
2448	4323	4327	4
2449	4327	4331	4
2450	4331	4335	4
2451	4335	4339	4
2452	4339	4343	4
2453	4343	4347	4
2454	4347	4351	4
2455	4351	4355	4
2456	4355	4359	4
2457	4359	4363	4
2458	4363	4367	4
2459	4367	4371	4
2460	4371	4375	4
2461	4375	4379	4
2462	4379	4383	4
2463	4383	4387	4
2464	4387	4391	4
2465	4391	4395	4
2466	4395	4399	4
2467	4399	4403	4
2468	4403	4407	4
2469	4407	4411	4
2470	4411	4415	4
2471	4415	4419	4
2472	4419	4423	4
2473	4423	4427	4
2474	4427	4431	4
2475	4431	4435	4
2476	4435	4439	4
2477	4439	4443	4
2478	4443	4447	4
2479	4447	4451	4
2480	4451	4455	4
2481	4455	4459	4
2482	4459	4463	4
2483	4463	4467	4
2484	4467	4471	4
2485	4471	4475	4
2486	4475	4479	4
2487	4479	4483	4
2488	4483	4487	4
2489	4487	4491	4
2490	4491	4495	4
2491	4495	4499	4
2492	4499	4503	4
2493	4503	4507	4
2494	4507	4511	4
2495	4511	4515	4
2496	4515	4519	4
2497	4519	4523	4
2498	4523	4527	4
2499	4527	4531	4
2500	4531	4535	4
2501	4535	4539	4
2502	4539	4543	4
2503	4543	4547	4
2504	4547	4551	4
2505	4551	4555	4
2506	4555	4559	4
2507	4559	4563	4
2508	4563	4567	4
2509	4567	4571	4
2510	4571	4575	4
2511	4575	4579	4
2512	4579	4583	4
2513	4583	4587	4
2514	4587	4591	4
2515	4591	4595	4
2516	4595	4599	4
2517	4599	4603	4
2518	4603	4607	4
2519	4607	4611	4
2520	4611	4615	4
2521	4615	4619	4
2522	4619	4623	4
2523	4623	4627	4
2524	4627	4631	4
2525	4631	4635	4
2526	4635	4639	4
2527	4639	4643	4
2528	4643	4647	4
2529	4647	4651	4
2530	4651	4655	4
2531	4655	4659	4
2532	4659	4663	4
2533	4663	4667	4
2534	4667	4671	4
2535	4671	4675	4
2536	4675	4679	4
2537	4679	4683	4
2538	4683	4687	4
2539	4687	4691	4
2540	4691	4695	4
2541	4695	4699	4
2542	4699	4703	4
2543	4703	4707	4
2544	4707	4711	4
2545	4711	4715	4
2546	4715	4719	4
2547	4719	4723	4
2548	4723	4727	4
2549	4727	4731	4
2550	4731	4735	4
2551	4735	4739	4
2552	4739	4743	4
2553	4743	4747	4
2554	4747	4751	4
2555	4751	4755	4
2556	4755	4759	4
2557	4759	4763	4
2558	4763	4767	4
2559	4767	4771	4
2560	4771	4775	4
2561	4775	4779	4
2562	4779	4783	4
2563	4783	4787	4
2564	4787	4791	4
2565	4791	4795	4
2566	4795	4799	4
2567	4799	4803	4
2568	4803	4807	4
2569	4807	4811	4
2570	4811	4815	4
2571	4815	4819	4
2572	4819	4823	4
2573	4823	4827	4
2574	4827	4831	4
2575	4831	4835	4
2576	4835	4839	4
2577	4839	4843	4
2578	4843	4847	4
2579	4847	4851	4
2580	4851	4855	4
2581	4855	4859	4
2582	4859	4863	4
2583	4863	4867	4
2584	4867	4871	4
2585	4871	4875	4
2586	4875	4879	4
2587	4879	4883	4
2588	4883	4887	4
2589	4887	4891	4
2590	4891	4895	4
2591	4895	4899	4
2592	4899	4903	4
2593	4903	4907	4
2594	4907	4911	4
2595	4911	4915	4
2596	4915	4919	4
2597	4919	4923	4
2598	4923	4927	4
2599	4927	4931	4
2600	4931	4935	4
2601	4935	4939	4
2602	4939	4943	4
2603	4943	4947	4
2604	4947	4951	4
2605	4951	4955	4
2606	4955	4959	4
2607	4959	4963	4
2608	4963	4967	4
2609	4967	4971	4
2610	4971	4975	4
2611	4975	4979	4
2612	4979	4983	4
2613	4983	4987	4
2614	4987	4991	4
2615	4991	4995	4
2616	4995	4999	4
2617	4999	5003	4
2618	5003	5007	4
2619	5007	5011	4
2620	5011	5015	4
2621	5015	5020	5
2622	5020	5025	5
2623	5025	5030	5
2624	5030	5035	5
2625	5035	5040	5
2626	5040	5045	5
2627	5045	5050	5
2628	5050	5055	5
2629	5055	5060	5
2630	5060	5065	5
2631	5065	5070	5
2632	5070	5075	5
2633	5075	5080	5
2634	5080	5085	5
2635	5085	5090	5
2636	5090	5095	5
2637	5095	5100	5
2638	5100	5105	5
2639	5105	5110	5
2640	5110	5115	5
2641	5115	5120	5
2642	5120	5125	5
2643	5125	5130	5
2644	5130	5135	5
2645	5135	5140	5
2646	5140	5145	5
2647	5145	5150	5
2648	5150	5155	5
2649	5155	5160	5
2650	5160	5165	5
2651	5165	5170	5
2652	5170	5175	5
2653	5175	5180	5
2654	5180	5185	5
2655	5185	5190	5
2656	5190	5195	5
2657	5195	5200	5
2658	5200	5205	5
2659	5205	5210	5
2660	5210	5215	5
2661	5215	5220	5
2662	5220	5225	5
2663	5225	5230	5
2664	5230	5235	5
2665	5235	5240	5
2666	5240	5245	5
2667	5245	5250	5
2668	5250	5255	5
2669	5255	5260	5
2670	5260	5265	5
2671	5265	5270	5
2672	5270	5275	5
2673	5275	5280	5
2674	5280	5285	5
2675	5285	5290	5
2676	5290	5295	5
2677	5295	5300	5
2678	5300	5305	5
2679	5305	5310	5
2680	5310	5315	5
2681	5315	5320	5
2682	5320	5325	5
2683	5325	5330	5
2684	5330	5335	5
2685	5335	5340	5
2686	5340	5345	5
2687	5345	5350	5
2688	5350	5355	5
2689	5355	5360	5
2690	5360	5365	5
2691	5365	5370	5
2692	5370	5375	5
2693	5375	5380	5
2694	5380	5385	5
2695	5385	5390	5
2696	5390	5395	5
2697	5395	5400	5
2698	5400	5405	5
2699	5405	5410	5
2700	5410	5415	5
2701	5415	5420	5
2702	5420	5425	5
2703	5425	5430	5
2704	5430	5435	5
2705	5435	5440	5
2706	5440	5445	5
2707	5445	5450	5
2708	5450	5455	5
2709	5455	5460	5
2710	5460	5465	5
2711	5465	5470	5
2712	5470	5475	5
2713	5475	5480	5
2714	5480	5485	5
2715	5485	5490	5
2716	5490	5495	5
2717	5495	5500	5
2718	5500	5505	5
2719	5505	5510	5
2720	5510	5515	5
2721	5515	5520	5
2722	5520	5525	5
2723	5525	5530	5
2724	5530	5535	5
2725	5535	5540	5
2726	5540	5545	5
2727	5545	5550	5
2728	5550	5555	5
2729	5555	5560	5
2730	5560	5565	5
2731	5565	5570	5
2732	5570	5575	5
2733	5575	5580	5
2734	5580	5585	5
2735	5585	5590	5
2736	5590	5595	5
2737	5595	5600	5
2738	5600	5605	5
2739	5605	5610	5
2740	5610	5615	5
2741	5615	5620	5
2742	5620	5625	5
2743	5625	5630	5
2744	5630	5635	5
2745	5635	5640	5
2746	5640	5645	5
2747	5645	5650	5
2748	5650	5655	5
2749	5655	5660	5
2750	5660	5665	5
2751	5665	5670	5
2752	5670	5675	5
2753	5675	5680	5
2754	5680	5685	5
2755	5685	5690	5
2756	5690	5695	5
2757	5695	5700	5
2758	5700	5705	5
2759	5705	5710	5
2760	5710	5715	5
2761	5715	5720	5
2762	5720	5725	5
2763	5725	5730	5
2764	5730	5735	5
2765	5735	5740	5
2766	5740	5745	5
2767	5745	5750	5
2768	5750	5755	5
2769	5755	5760	5
2770	5760	5765	5
2771	5765	5770	5
2772	5770	5775	5
2773	5775	5780	5
2774	5780	5785	5
2775	5785	5790	5
2776	5790	5795	5
2777	5795	5801	6
2778	5801	5807	6
2779	5807	5813	6
2780	5813	5819	6
2781	5819	5825	6
2782	5825	5831	6
2783	5831	5837	6
2784	5837	5843	6
2785	5843	5849	6
2786	5849	5855	6
2787	5855	5861	6
2788	5861	5867	6
2789	5867	5873	6
2790	5873	5879	6
2791	5879	5885	6
2792	5885	5891	6
2793	5891	5897	6
2794	5897	5903	6
2795	5903	5909	6
2796	5909	5915	6
2797	5915	5921	6
2798	5921	5927	6
2799	5927	5933	6
2800	5933	5939	6
2801	5939	5945	6
2802	5945	5951	6
2803	5951	5957	6
2804	5957	5963	6
2805	5963	5969	6
2806	5969	5975	6
2807	5975	5981	6
2808	5981	5987	6
2809	5987	5993	6
2810	5993	5999	6
2811	5999	6005	6
2812	6005	6011	6
2813	6011	6017	6
2814	6017	6023	6
2815	6023	6029	6
2816	6029	6035	6
2817	6035	6041	6
2818	6041	6047	6
2819	6047	6053	6
2820	6053	6059	6
2821	6059	6065	6
2822	6065	6071	6
2823	6071	6077	6
2824	6077	6083	6
2825	6083	6089	6
2826	6089	6095	6
2827	6095	6101	6
2828	6101	6107	6
2829	6107	6113	6
2830	6113	6119	6
2831	6119	6125	6
2832	6125	6131	6
2833	6131	6137	6
2834	6137	6143	6
2835	6143	6149	6
2836	6149	6155	6
2837	6155	6161	6
2838	6161	6167	6
2839	6167	6173	6
2840	6173	6179	6
2841	6179	6185	6
2842	6185	6191	6
2843	6191	6197	6
2844	6197	6203	6
2845	6203	6209	6
2846	6209	6215	6
2847	6215	6221	6
2848	6221	6227	6
2849	6227	6233	6
2850	6233	6239	6
2851	6239	6245	6
2852	6245	6251	6
2853	6251	6257	6
2854	6257	6263	6
2855	6263	6269	6
2856	6269	6275	6
2857	6275	6281	6
2858	6281	6287	6
2859	6287	6293	6
2860	6293	6299	6
2861	6299	6305	6
2862	6305	6311	6
2863	6311	6317	6
2864	6317	6323	6
2865	6323	6329	6
2866	6329	6335	6
2867	6335	6341	6
2868	6341	6347	6
2869	6347	6353	6
2870	6353	6359	6
2871	6359	6365	6
2872	6365	6371	6
2873	6371	6378	7
2874	6378	6385	7
2875	6385	6392	7
2876	6392	6399	7
2877	6399	6406	7
2878	6406	6413	7
2879	6413	6420	7
2880	6420	6427	7
2881	6427	6434	7
2882	6434	6441	7
2883	6441	6448	7
2884	6448	6455	7
2885	6455	6462	7
2886	6462	6469	7
2887	6469	6476	7
2888	6476	6483	7
2889	6483	6490	7
2890	6490	6497	7
2891	6497	6504	7
2892	6504	6511	7
2893	6511	6518	7
2894	6518	6525	7
2895	6525	6532	7
2896	6532	6539	7
2897	6539	6546	7
2898	6546	6553	7
2899	6553	6560	7
2900	6560	6567	7
2901	6567	6574	7
2902	6574	6581	7
2903	6581	6588	7
2904	6588	6595	7
2905	6595	6602	7
2906	6602	6609	7
2907	6609	6616	7
2908	6616	6623	7
2909	6623	6630	7
2910	6630	6637	7
2911	6637	6644	7
2912	6644	6651	7
2913	6651	6658	7
2914	6658	6665	7
2915	6665	6672	7
2916	6672	6679	7
2917	6679	6686	7
2918	6686	6693	7
2919	6693	6700	7
2920	6700	6707	7
2921	6707	6714	7
2922	6714	6721	7
2923	6721	6728	7
2924	6728	6735	7
2925	6735	6742	7
2926	6742	6749	7
2927	6749	6756	7
2928	6756	6763	7
2929	6763	6770	7
2930	6770	6777	7
2931	6777	6784	7
2932	6784	6791	7
2933	6791	6798	7
2934	6798	6805	7
2935	6805	6812	7
2936	6812	6819	7
2937	6819	6826	7
2938	6826	6833	7
2939	6833	6840	7
2940	6840	6847	7
2941	6847	6854	7
2942	6854	6861	7
2943	6861	6868	7
2944	6868	6875	7
2945	6875	6882	7
2946	6882	6889	7
2947	6889	6896	7
2948	6896	6903	7
2949	6903	6910	7
2950	6910	6917	7
2951	6917	6924	7
2952	6924	6931	7
2953	6931	6938	7
2954	6938	6945	7
2955	6945	6952	7
2956	6952	6959	7
2957	6959	6966	7
2958	6966	6973	7
2959	6973	6980	7
2960	6980	6987	7
2961	6987	6994	7
2962	6994	7001	7
2963	7001	7008	7
2964	7008	7015	7
2965	7015	7022	7
2966	7022	7029	7
2967	7029	7036	7
2968	7036	7044	8
2969	7044	7052	8
2970	7052	7060	8
2971	7060	7068	8
2972	7068	7076	8
2973	7076	7084	8
2974	7084	7092	8
2975	7092	7100	8
2976	7100	7108	8
2977	7108	7116	8
2978	7116	7124	8
2979	7124	7132	8
2980	7132	7140	8
2981	7140	7148	8
2982	7148	7156	8
2983	7156	7164	8
2984	7164	7172	8
2985	7172	7180	8
2986	7180	7188	8
2987	7188	7196	8
2988	7196	7204	8
2989	7204	7212	8
2990	7212	7220	8
2991	7220	7228	8
2992	7228	7236	8
2993	7236	7244	8
2994	7244	7252	8
2995	7252	7260	8
2996	7260	7268	8
2997	7268	7276	8
2998	7276	7284	8
2999	7284	7292	8
3000	7292	7300	8
3001	7300	7308	8
3002	7308	7316	8
3003	7316	7324	8
3004	7324	7332	8
3005	7332	7340	8
3006	7340	7348	8
3007	7348	7356	8
3008	7356	7364	8
3009	7364	7372	8
3010	7372	7380	8
3011	7380	7388	8
3012	7388	7396	8
3013	7396	7404	8
3014	7404	7412	8
3015	7412	7420	8
3016	7420	7428	8
3017	7428	7436	8
3018	7436	7444	8
3019	7444	7452	8
3020	7452	7460	8
3021	7460	7468	8
3022	7468	7476	8
3023	7476	7484	8
3024	7484	7492	8
3025	7492	7500	8
3026	7500	7508	8
3027	7508	7516	8
3028	7516	7524	8
3029	7524	7532	8
3030	7532	7540	8
3031	7540	7548	8
3032	7548	7556	8
3033	7556	7565	9
3034	7565	7574	9
3035	7574	7583	9
3036	7583	7592	9
3037	7592	7601	9
3038	7601	7610	9
3039	7610	7619	9
3040	7619	7628	9
3041	7628	7637	9
3042	7637	7646	9
3043	7646	7655	9
3044	7655	7664	9
3045	7664	7673	9
3046	7673	7682	9
3047	7682	7691	9
3048	7691	7700	9
3049	7700	7709	9
3050	7709	7718	9
3051	7718	7727	9
3052	7727	7736	9
3053	7736	7745	9
3054	7745	7754	9
3055	7754	7763	9
3056	7763	7772	9
3057	7772	7781	9
3058	7781	7790	9
3059	7790	7799	9
3060	7799	7808	9
3061	7808	7817	9
3062	7817	7826	9
3063	7826	7835	9
3064	7835	7844	9
3065	7844	7853	9
3066	7853	7862	9
3067	7862	7871	9
3068	7871	7880	9
3069	7880	7889	9
3070	7889	7898	9
3071	7898	7907	9
3072	7907	7916	9
3073	7916	7925	9
3074	7925	7934	9
3075	7934	7943	9
3076	7943	7952	9
3077	7952	7961	9
3078	7961	7970	9
3079	7970	7979	9
3080	7979	7988	9
3081	7988	7997	9
3082	7997	8007	10
3083	8007	8017	10
3084	8017	8027	10
3085	8027	8037	10
3086	8037	8047	10
3087	8047	8057	10
3088	8057	8067	10
3089	8067	8077	10
3090	8077	8087	10
3091	8087	8097	10
3092	8097	8107	10
3093	8107	8117	10
3094	8117	8127	10
3095	8127	8137	10
3096	8137	8147	10
3097	8147	8157	10
3098	8157	8167	10
3099	8167	8177	10
3100	8177	8187	10
3101	8187	8197	10
3102	8197	8207	10
3103	8207	8217	10
3104	8217	8227	10
3105	8227	8237	10
3106	8237	8247	10
3107	8247	8257	10
3108	8257	8267	10
3109	8267	8277	10
3110	8277	8287	10
3111	8287	8297	10
3112	8297	8307	10
3113	8307	8317	10
3114	8317	8327	10
3115	8327	8337	10
3116	8337	8347	10
3117	8347	8357	10
3118	8357	8367	10
3119	8367	8377	10
3120	8377	8387	10
3121	8387	8397	10
3122	8397	8407	10
3123	8407	8417	10
3124	8417	8427	10
3125	8427	8437	10
3126	8437	8447	10
3127	8447	8457	10
3128	8457	8467	10
3129	8467	8477	10
3130	8477	8487	10
3131	8487	8497	10
3132	8497	8507	10
3133	8507	8517	10
3134	8517	8527	10
3135	8527	8537	10
3136	8537	8547	10
3137	8547	8557	10
3138	8557	8568	11
3139	8568	8579	11
3140	8579	8590	11
3141	8590	8601	11
3142	8601	8612	11
3143	8612	8623	11
3144	8623	8634	11
3145	8634	8645	11
3146	8645	8656	11
3147	8656	8667	11
3148	8667	8678	11
3149	8678	8689	11
3150	8689	8700	11
3151	8700	8711	11
3152	8711	8722	11
3153	8722	8733	11
3154	8733	8744	11
3155	8744	8755	11
3156	8755	8766	11
3157	8766	8777	11
3158	8777	8788	11
3159	8788	8799	11
3160	8799	8810	11
3161	8810	8821	11
3162	8821	8832	11
3163	8832	8843	11
3164	8843	8854	11
3165	8854	8865	11
3166	8865	8876	11
3167	8876	8887	11
3168	8887	8898	11
3169	8898	8909	11
3170	8909	8920	11
3171	8920	8931	11
3172	8931	8942	11
3173	8942	8953	11
3174	8953	8964	11
3175	8964	8975	11
3176	8975	8986	11
3177	8986	8997	11
3178	8997	9008	11
3179	9008	9019	11
3180	9019	9030	11
3181	9030	9042	12
3182	9042	9054	12
3183	9054	9066	12
3184	9066	9078	12
3185	9078	9090	12
3186	9090	9102	12
3187	9102	9114	12
3188	9114	9126	12
3189	9126	9138	12
3190	9138	9150	12
3191	9150	9162	12
3192	9162	9174	12
3193	9174	9186	12
3194	9186	9198	12
3195	9198	9210	12
3196	9210	9222	12
3197	9222	9234	12
3198	9234	9246	12
3199	9246	9258	12
3200	9258	9270	12
3201	9270	9282	12
3202	9282	9294	12
3203	9294	9306	12
3204	9306	9318	12
3205	9318	9330	12
3206	9330	9342	12
3207	9342	9354	12
3208	9354	9366	12
3209	9366	9378	12
3210	9378	9390	12
3211	9390	9402	12
3212	9402	9414	12
3213	9414	9426	12
3214	9426	9438	12
3215	9438	9451	13
3216	9451	9464	13
3217	9464	9477	13
3218	9477	9490	13
3219	9490	9503	13
3220	9503	9516	13
3221	9516	9529	13
3222	9529	9542	13
3223	9542	9555	13
3224	9555	9568	13
3225	9568	9581	13
3226	9581	9594	13
3227	9594	9607	13
3228	9607	9620	13
3229	9620	9633	13
3230	9633	9646	13
3231	9646	9659	13
3232	9659	9672	13
3233	9672	9685	13
3234	9685	9698	13
3235	9698	9711	13
3236	9711	9724	13
3237	9724	9737	13
3238	9737	9750	13
3239	9750	9763	13
3240	9763	9776	13
3241	9776	9789	13
3242	9789	9803	14
3243	9803	9817	14
3244	9817	9831	14
3245	9831	9845	14
3246	9845	9859	14
3247	9859	9873	14
3248	9873	9887	14
3249	9887	9901	14
3250	9901	9915	14
3251	9915	9929	14
3252	9929	9943	14
3253	9943	9957	14
3254	9957	9971	14
3255	9971	9985	14
3256	9985	9999	14
3257	9999	10013	14
3258	10013	10027	14
3259	10027	10041	14
3260	10041	10055	14
3261	10055	10069	14
3262	10069	10083	14
3263	10083	10097	14
3264	10097	10111	14
3265	10111	10125	14
3266	10125	10139	14
3267	10139	10153	14
3268	10153	10167	14
3269	10167	10182	15
3270	10182	10197	15
