#
#N Pointing	tstart	tend	Obs time
#		s
1	210	211	1
2	211	212	1
3	212	213	1
4	213	214	1
5	214	215	1
6	215	216	1
7	216	217	1
8	217	218	1
9	218	219	1
10	219	220	1
11	220	221	1
12	221	222	1
13	222	223	1
14	223	224	1
15	224	225	1
16	225	226	1
17	226	227	1
18	227	228	1
19	228	229	1
20	229	230	1
21	230	231	1
22	231	232	1
23	232	233	1
24	233	234	1
25	234	235	1
26	235	236	1
27	236	237	1
28	237	238	1
29	238	239	1
30	239	240	1
31	240	241	1
32	241	243	2
33	243	245	2
34	245	247	2
35	247	249	2
36	249	251	2
37	251	253	2
38	253	255	2
39	255	257	2
40	257	259	2
41	259	261	2
42	261	263	2
43	263	265	2
44	265	267	2
45	267	269	2
46	269	271	2
47	271	273	2
48	273	275	2
49	275	277	2
50	277	279	2
51	279	281	2
52	281	283	2
53	283	285	2
54	285	287	2
55	287	289	2
56	289	291	2
57	291	293	2
58	293	295	2
59	295	297	2
60	297	299	2
61	299	301	2
62	301	303	2
63	303	305	2
64	305	307	2
65	307	309	2
66	309	311	2
67	311	313	2
68	313	315	2
69	315	317	2
70	317	319	2
71	319	321	2
72	321	323	2
73	323	325	2
74	325	327	2
75	327	329	2
76	329	331	2
77	331	333	2
78	333	335	2
79	335	337	2
80	337	339	2
81	339	341	2
82	341	343	2
83	343	345	2
84	345	347	2
85	347	349	2
86	349	351	2
87	351	353	2
88	353	355	2
89	355	357	2
90	357	359	2
91	359	361	2
92	361	363	2
93	363	365	2
94	365	367	2
95	367	369	2
96	369	371	2
97	371	373	2
98	373	375	2
99	375	377	2
100	377	379	2
101	379	381	2
102	381	383	2
103	383	385	2
104	385	387	2
105	387	389	2
106	389	391	2
107	391	393	2
108	393	395	2
109	395	397	2
110	397	399	2
111	399	401	2
112	401	403	2
113	403	405	2
114	405	407	2
115	407	409	2
116	409	411	2
117	411	413	2
118	413	415	2
119	415	417	2
120	417	419	2
121	419	421	2
122	421	423	2
123	423	425	2
124	425	427	2
125	427	429	2
126	429	431	2
127	431	433	2
128	433	435	2
129	435	437	2
130	437	439	2
131	439	441	2
132	441	443	2
133	443	445	2
134	445	447	2
135	447	449	2
136	449	451	2
137	451	453	2
138	453	455	2
139	455	457	2
140	457	459	2
141	459	461	2
142	461	463	2
143	463	465	2
144	465	467	2
145	467	469	2
146	469	471	2
147	471	473	2
148	473	475	2
149	475	477	2
150	477	479	2
151	479	481	2
152	481	484	3
153	484	487	3
154	487	490	3
155	490	493	3
156	493	496	3
157	496	499	3
158	499	502	3
159	502	505	3
160	505	508	3
161	508	511	3
162	511	514	3
163	514	517	3
164	517	520	3
165	520	523	3
166	523	526	3
167	526	529	3
168	529	532	3
169	532	535	3
170	535	538	3
171	538	541	3
172	541	544	3
173	544	547	3
174	547	550	3
175	550	553	3
176	553	556	3
177	556	559	3
178	559	562	3
179	562	565	3
180	565	568	3
181	568	571	3
182	571	574	3
183	574	577	3
184	577	580	3
185	580	583	3
186	583	586	3
187	586	589	3
188	589	592	3
189	592	595	3
190	595	598	3
191	598	601	3
192	601	604	3
193	604	607	3
194	607	610	3
195	610	613	3
196	613	616	3
197	616	619	3
198	619	622	3
199	622	625	3
200	625	628	3
201	628	631	3
202	631	634	3
203	634	637	3
204	637	640	3
205	640	643	3
206	643	646	3
207	646	649	3
208	649	652	3
209	652	655	3
210	655	658	3
211	658	661	3
212	661	664	3
213	664	667	3
214	667	670	3
215	670	673	3
216	673	676	3
217	676	679	3
218	679	682	3
219	682	685	3
220	685	689	4
221	689	693	4
222	693	697	4
223	697	701	4
224	701	705	4
225	705	709	4
226	709	713	4
227	713	717	4
228	717	721	4
229	721	725	4
230	725	729	4
231	729	733	4
232	733	737	4
233	737	741	4
234	741	745	4
235	745	749	4
236	749	753	4
237	753	757	4
238	757	761	4
239	761	765	4
240	765	769	4
241	769	773	4
242	773	777	4
243	777	781	4
244	781	785	4
245	785	789	4
246	789	793	4
247	793	797	4
248	797	801	4
249	801	805	4
250	805	809	4
251	809	813	4
252	813	817	4
253	817	821	4
254	821	825	4
255	825	829	4
256	829	833	4
257	833	837	4
258	837	841	4
259	841	845	4
260	845	849	4
261	849	853	4
262	853	858	5
263	858	863	5
264	863	868	5
265	868	873	5
266	873	878	5
267	878	883	5
268	883	888	5
269	888	893	5
270	893	898	5
271	898	903	5
272	903	908	5
273	908	913	5
274	913	918	5
275	918	923	5
276	923	928	5
277	928	933	5
278	933	938	5
279	938	943	5
280	943	948	5
281	948	953	5
282	953	958	5
283	958	963	5
284	963	968	5
285	968	973	5
286	973	978	5
287	978	983	5
288	983	988	5
289	988	993	5
290	993	998	5
291	998	1004	6
292	1004	1010	6
293	1010	1016	6
294	1016	1022	6
295	1022	1028	6
296	1028	1034	6
297	1034	1040	6
298	1040	1046	6
299	1046	1052	6
300	1052	1058	6
301	1058	1064	6
302	1064	1070	6
303	1070	1076	6
304	1076	1082	6
305	1082	1088	6
306	1088	1094	6
307	1094	1100	6
308	1100	1106	6
309	1106	1112	6
310	1112	1119	7
311	1119	1126	7
312	1126	1133	7
313	1133	1140	7
314	1140	1147	7
315	1147	1154	7
316	1154	1161	7
317	1161	1168	7
318	1168	1175	7
319	1175	1182	7
320	1182	1189	7
321	1189	1196	7
322	1196	1204	8
323	1204	1212	8
324	1212	1220	8
325	1220	1228	8
326	1228	1236	8
327	1236	1244	8
328	1244	1252	8
329	1252	1260	8
330	1260	1268	8
331	1268	1276	8
332	1276	1285	9
333	1285	1294	9
334	1294	1303	9
335	1303	1312	9
336	1312	1321	9
337	1321	1330	9
338	1330	1339	9
339	1339	1348	9
340	1348	1357	9
341	1357	1366	9
342	1366	1375	9
343	1375	1384	9
344	1384	1393	9
345	1393	1403	10
346	1403	1413	10
347	1413	1423	10
348	1423	1433	10
349	1433	1443	10
350	1443	1453	10
351	1453	1463	10
352	1463	1473	10
353	1473	1483	10
354	1483	1494	11
355	1494	1505	11
356	1505	1516	11
357	1516	1527	11
358	1527	1538	11
359	1538	1549	11
360	1549	1560	11
361	1560	1572	12
362	1572	1584	12
363	1584	1596	12
364	1596	1608	12
365	1608	1620	12
366	1620	1632	12
367	1632	1644	12
368	1644	1656	12
369	1656	1669	13
370	1669	1682	13
371	1682	1695	13
372	1695	1708	13
373	1708	1721	13
374	1721	1734	13
375	1734	1747	13
376	1747	1761	14
377	1761	1775	14
378	1775	1789	14
379	1789	1803	14
380	1803	1817	14
381	1817	1831	14
382	1831	1846	15
383	1846	1861	15
384	1861	1876	15
385	1876	1891	15
386	1891	1906	15
387	1906	1922	16
388	1922	1938	16
389	1938	1954	16
390	1954	1970	16
391	1970	1987	17
392	1987	2004	17
393	2004	2021	17
394	2021	2038	17
395	2038	2056	18
396	2056	2074	18
397	2074	2092	18
398	2092	2110	18
399	2110	2128	18
400	2128	2147	19
401	2147	2166	19
402	2166	2185	19
403	2185	2204	19
404	2204	2224	20
405	2224	2244	20
406	2244	2264	20
407	2264	2285	21
408	2285	2306	21
409	2306	2327	21
410	2327	2349	22
411	2349	2371	22
412	2371	2393	22
413	2393	2416	23
414	2416	2439	23
415	2439	2463	24
416	2463	2487	24
417	2487	2512	25
418	2512	2537	25
419	2537	2562	25
420	2562	2588	26
421	2588	2614	26
422	2614	2641	27
423	2641	2668	27
424	2668	2695	27
425	2695	2723	28
426	2723	2751	28
427	2751	2780	29
428	2780	2809	29
429	2809	2839	30
430	2839	2869	30
431	2869	2900	31
432	2900	2932	32
433	2932	2964	32
434	2964	2997	33
435	2997	3031	34
436	3031	3065	34
437	3065	3100	35
438	3100	3136	36
439	3136	3173	37
440	3173	3211	38
441	3211	3249	38
442	3249	3288	39
443	3288	3328	40
444	3328	3369	41
445	3369	3410	41
446	3410	3452	42
447	3452	3495	43
448	3495	3539	44
449	3539	3584	45
450	3584	3630	46
451	3630	3677	47
452	3677	3725	48
453	3725	3775	50
454	3775	3826	51
455	3826	3879	53
456	3879	3933	54
457	3933	3989	56
458	3989	4046	57
459	4046	4105	59
460	4105	4165	60
461	4165	4226	61
462	4226	4289	63
463	4289	4353	64
464	4353	4419	66
465	4419	4487	68
466	4487	4557	70
467	4557	4629	72
468	4629	4703	74
469	4703	4780	77
470	4780	4859	79
471	4859	4941	82
472	4941	5027	86
473	5027	5115	88
474	5115	5206	91
475	5206	5299	93
476	5299	5395	96
477	5395	5494	99
478	5494	5596	102
479	5596	5702	106
480	5702	5812	110
481	5812	5926	114
482	5926	6045	119
483	6045	6170	125
484	6170	6301	131
485	6301	6438	137
486	6438	6579	141
487	6579	6726	147
488	6726	6878	152
489	6878	7037	159
490	7037	7203	166
491	7203	7377	174
492	7377	7560	183
493	7560	7753	193
494	7753	7958	205
495	7958	8174	216
496	8174	8400	226
497	8400	8637	237
498	8637	8886	249
499	8886	9149	263
500	9149	9429	280
501	9429	9729	300
502	9729	10052	323
