#
#N Pointing	tstart	tend	Obs time
#		s
1	210	211	1
2	211	212	1
3	212	213	1
4	213	214	1
5	214	215	1
6	215	216	1
7	216	217	1
8	217	218	1
9	218	219	1
10	219	220	1
11	220	221	1
12	221	222	1
13	222	223	1
14	223	224	1
15	224	225	1
16	225	226	1
17	226	227	1
18	227	228	1
19	228	229	1
20	229	230	1
21	230	231	1
22	231	232	1
23	232	233	1
24	233	234	1
25	234	235	1
26	235	236	1
27	236	237	1
28	237	238	1
29	238	239	1
30	239	240	1
31	240	241	1
32	241	242	1
33	242	243	1
34	243	244	1
35	244	245	1
36	245	246	1
37	246	247	1
38	247	248	1
39	248	249	1
40	249	250	1
41	250	251	1
42	251	252	1
43	252	253	1
44	253	254	1
45	254	255	1
46	255	256	1
47	256	257	1
48	257	258	1
49	258	259	1
50	259	260	1
51	260	261	1
52	261	262	1
53	262	263	1
54	263	264	1
55	264	265	1
56	265	266	1
57	266	267	1
58	267	268	1
59	268	269	1
60	269	270	1
61	270	271	1
62	271	272	1
63	272	273	1
64	273	274	1
65	274	275	1
66	275	276	1
67	276	277	1
68	277	278	1
69	278	279	1
70	279	280	1
71	280	281	1
72	281	282	1
73	282	283	1
74	283	284	1
75	284	285	1
76	285	286	1
77	286	287	1
78	287	288	1
79	288	289	1
80	289	290	1
81	290	291	1
82	291	292	1
83	292	293	1
84	293	294	1
85	294	295	1
86	295	296	1
87	296	297	1
88	297	298	1
89	298	299	1
90	299	300	1
91	300	301	1
92	301	302	1
93	302	303	1
94	303	304	1
95	304	305	1
96	305	306	1
97	306	307	1
98	307	308	1
99	308	309	1
100	309	310	1
101	310	311	1
102	311	312	1
103	312	313	1
104	313	314	1
105	314	315	1
106	315	316	1
107	316	317	1
108	317	318	1
109	318	319	1
110	319	320	1
111	320	321	1
112	321	322	1
113	322	323	1
114	323	324	1
115	324	325	1
116	325	326	1
117	326	327	1
118	327	328	1
119	328	329	1
120	329	330	1
121	330	331	1
122	331	332	1
123	332	333	1
124	333	334	1
125	334	335	1
126	335	336	1
127	336	337	1
128	337	338	1
129	338	339	1
130	339	340	1
131	340	341	1
132	341	342	1
133	342	343	1
134	343	344	1
135	344	345	1
136	345	346	1
137	346	347	1
138	347	348	1
139	348	349	1
140	349	350	1
141	350	351	1
142	351	352	1
143	352	353	1
144	353	354	1
145	354	355	1
146	355	356	1
147	356	357	1
148	357	358	1
149	358	359	1
150	359	360	1
151	360	361	1
152	361	362	1
153	362	363	1
154	363	364	1
155	364	365	1
156	365	366	1
157	366	367	1
158	367	368	1
159	368	369	1
160	369	370	1
161	370	371	1
162	371	372	1
163	372	373	1
164	373	374	1
165	374	375	1
166	375	376	1
167	376	377	1
168	377	378	1
169	378	379	1
170	379	380	1
171	380	381	1
172	381	382	1
173	382	383	1
174	383	384	1
175	384	385	1
176	385	386	1
177	386	387	1
178	387	388	1
179	388	389	1
180	389	390	1
181	390	391	1
182	391	392	1
183	392	393	1
184	393	394	1
185	394	395	1
186	395	396	1
187	396	397	1
188	397	398	1
189	398	399	1
190	399	400	1
191	400	401	1
192	401	402	1
193	402	403	1
194	403	404	1
195	404	405	1
196	405	406	1
197	406	407	1
198	407	408	1
199	408	409	1
200	409	410	1
201	410	411	1
202	411	412	1
203	412	413	1
204	413	414	1
205	414	415	1
206	415	416	1
207	416	417	1
208	417	418	1
209	418	419	1
210	419	420	1
211	420	421	1
212	421	422	1
213	422	423	1
214	423	424	1
215	424	425	1
216	425	426	1
217	426	427	1
218	427	428	1
219	428	429	1
220	429	430	1
221	430	431	1
222	431	432	1
223	432	433	1
224	433	434	1
225	434	435	1
226	435	436	1
227	436	437	1
228	437	438	1
229	438	439	1
230	439	440	1
231	440	441	1
232	441	442	1
233	442	443	1
234	443	444	1
235	444	445	1
236	445	446	1
237	446	447	1
238	447	448	1
239	448	449	1
240	449	450	1
241	450	451	1
242	451	452	1
243	452	453	1
244	453	454	1
245	454	455	1
246	455	456	1
247	456	457	1
248	457	458	1
249	458	459	1
250	459	460	1
251	460	461	1
252	461	462	1
253	462	463	1
254	463	464	1
255	464	465	1
256	465	466	1
257	466	467	1
258	467	468	1
259	468	469	1
260	469	470	1
261	470	471	1
262	471	472	1
263	472	473	1
264	473	474	1
265	474	475	1
266	475	476	1
267	476	477	1
268	477	478	1
269	478	479	1
270	479	480	1
271	480	481	1
272	481	482	1
273	482	483	1
274	483	484	1
275	484	485	1
276	485	486	1
277	486	487	1
278	487	488	1
279	488	489	1
280	489	490	1
281	490	491	1
282	491	492	1
283	492	493	1
284	493	494	1
285	494	495	1
286	495	496	1
287	496	497	1
288	497	498	1
289	498	499	1
290	499	500	1
291	500	501	1
292	501	502	1
293	502	503	1
294	503	504	1
295	504	505	1
296	505	506	1
297	506	507	1
298	507	508	1
299	508	509	1
300	509	510	1
301	510	511	1
302	511	512	1
303	512	513	1
304	513	514	1
305	514	515	1
306	515	516	1
307	516	517	1
308	517	518	1
309	518	519	1
310	519	520	1
311	520	521	1
312	521	522	1
313	522	523	1
314	523	524	1
315	524	525	1
316	525	526	1
317	526	527	1
318	527	528	1
319	528	529	1
320	529	530	1
321	530	531	1
322	531	532	1
323	532	533	1
324	533	534	1
325	534	535	1
326	535	536	1
327	536	537	1
328	537	538	1
329	538	539	1
330	539	540	1
331	540	541	1
332	541	542	1
333	542	543	1
334	543	544	1
335	544	545	1
336	545	546	1
337	546	547	1
338	547	548	1
339	548	549	1
340	549	550	1
341	550	551	1
342	551	552	1
343	552	553	1
344	553	554	1
345	554	555	1
346	555	556	1
347	556	557	1
348	557	558	1
349	558	559	1
350	559	560	1
351	560	561	1
352	561	562	1
353	562	563	1
354	563	564	1
355	564	565	1
356	565	566	1
357	566	567	1
358	567	568	1
359	568	569	1
360	569	570	1
361	570	571	1
362	571	572	1
363	572	573	1
364	573	574	1
365	574	575	1
366	575	576	1
367	576	577	1
368	577	578	1
369	578	579	1
370	579	580	1
371	580	581	1
372	581	582	1
373	582	583	1
374	583	584	1
375	584	585	1
376	585	586	1
377	586	587	1
378	587	588	1
379	588	589	1
380	589	590	1
381	590	591	1
382	591	592	1
383	592	593	1
384	593	594	1
385	594	595	1
386	595	596	1
387	596	597	1
388	597	598	1
389	598	599	1
390	599	600	1
391	600	601	1
392	601	602	1
393	602	603	1
394	603	604	1
395	604	605	1
396	605	606	1
397	606	607	1
398	607	608	1
399	608	609	1
400	609	610	1
401	610	611	1
402	611	612	1
403	612	613	1
404	613	614	1
405	614	615	1
406	615	616	1
407	616	617	1
408	617	618	1
409	618	619	1
410	619	620	1
411	620	621	1
412	621	622	1
413	622	623	1
414	623	624	1
415	624	625	1
416	625	626	1
417	626	627	1
418	627	628	1
419	628	629	1
420	629	630	1
421	630	631	1
422	631	632	1
423	632	633	1
424	633	634	1
425	634	635	1
426	635	636	1
427	636	637	1
428	637	638	1
429	638	639	1
430	639	640	1
431	640	641	1
432	641	642	1
433	642	643	1
434	643	644	1
435	644	645	1
436	645	646	1
437	646	647	1
438	647	648	1
439	648	649	1
440	649	650	1
441	650	651	1
442	651	652	1
443	652	653	1
444	653	654	1
445	654	655	1
446	655	656	1
447	656	657	1
448	657	658	1
449	658	659	1
450	659	660	1
451	660	661	1
452	661	662	1
453	662	663	1
454	663	664	1
455	664	665	1
456	665	666	1
457	666	667	1
458	667	668	1
459	668	669	1
460	669	670	1
461	670	671	1
462	671	672	1
463	672	673	1
464	673	674	1
465	674	675	1
466	675	676	1
467	676	677	1
468	677	678	1
469	678	679	1
470	679	680	1
471	680	681	1
472	681	682	1
473	682	683	1
474	683	684	1
475	684	685	1
476	685	686	1
477	686	687	1
478	687	688	1
479	688	689	1
480	689	690	1
481	690	691	1
482	691	692	1
483	692	693	1
484	693	694	1
485	694	695	1
486	695	696	1
487	696	697	1
488	697	698	1
489	698	699	1
490	699	700	1
491	700	701	1
492	701	702	1
493	702	703	1
494	703	704	1
495	704	705	1
496	705	706	1
497	706	707	1
498	707	708	1
499	708	709	1
500	709	710	1
501	710	711	1
502	711	712	1
503	712	713	1
504	713	714	1
505	714	715	1
506	715	716	1
507	716	717	1
508	717	718	1
509	718	719	1
510	719	720	1
511	720	721	1
512	721	722	1
513	722	723	1
514	723	724	1
515	724	725	1
516	725	726	1
517	726	727	1
518	727	728	1
519	728	729	1
520	729	730	1
521	730	731	1
522	731	732	1
523	732	733	1
524	733	734	1
525	734	735	1
526	735	736	1
527	736	737	1
528	737	738	1
529	738	739	1
530	739	740	1
531	740	741	1
532	741	742	1
533	742	743	1
534	743	744	1
535	744	745	1
536	745	746	1
537	746	747	1
538	747	748	1
539	748	749	1
540	749	750	1
541	750	751	1
542	751	752	1
543	752	753	1
544	753	754	1
545	754	755	1
546	755	756	1
547	756	757	1
548	757	758	1
549	758	759	1
550	759	760	1
551	760	761	1
552	761	762	1
553	762	763	1
554	763	764	1
555	764	765	1
556	765	766	1
557	766	767	1
558	767	768	1
559	768	769	1
560	769	770	1
561	770	771	1
562	771	772	1
563	772	773	1
564	773	774	1
565	774	775	1
566	775	776	1
567	776	777	1
568	777	778	1
569	778	779	1
570	779	780	1
571	780	781	1
572	781	782	1
573	782	783	1
574	783	784	1
575	784	785	1
576	785	786	1
577	786	787	1
578	787	788	1
579	788	789	1
580	789	790	1
581	790	791	1
582	791	792	1
583	792	793	1
584	793	794	1
585	794	795	1
586	795	796	1
587	796	797	1
588	797	798	1
589	798	799	1
590	799	800	1
591	800	801	1
592	801	802	1
593	802	803	1
594	803	804	1
595	804	805	1
596	805	806	1
597	806	807	1
598	807	808	1
599	808	809	1
600	809	810	1
601	810	811	1
602	811	812	1
603	812	813	1
604	813	814	1
605	814	815	1
606	815	816	1
607	816	817	1
608	817	818	1
609	818	819	1
610	819	820	1
611	820	821	1
612	821	822	1
613	822	823	1
614	823	824	1
615	824	825	1
616	825	826	1
617	826	827	1
618	827	828	1
619	828	829	1
620	829	830	1
621	830	831	1
622	831	832	1
623	832	833	1
624	833	834	1
625	834	835	1
626	835	836	1
627	836	837	1
628	837	838	1
629	838	839	1
630	839	840	1
631	840	841	1
632	841	842	1
633	842	843	1
634	843	844	1
635	844	845	1
636	845	846	1
637	846	847	1
638	847	848	1
639	848	849	1
640	849	850	1
641	850	851	1
642	851	852	1
643	852	853	1
644	853	854	1
645	854	855	1
646	855	856	1
647	856	857	1
648	857	858	1
649	858	859	1
650	859	860	1
651	860	861	1
652	861	862	1
653	862	863	1
654	863	864	1
655	864	865	1
656	865	866	1
657	866	867	1
658	867	868	1
659	868	869	1
660	869	870	1
661	870	871	1
662	871	872	1
663	872	873	1
664	873	874	1
665	874	875	1
666	875	876	1
667	876	877	1
668	877	878	1
669	878	879	1
670	879	880	1
671	880	881	1
672	881	882	1
673	882	883	1
674	883	884	1
675	884	885	1
676	885	886	1
677	886	887	1
678	887	888	1
679	888	889	1
680	889	890	1
681	890	891	1
682	891	892	1
683	892	893	1
684	893	894	1
685	894	895	1
686	895	896	1
687	896	897	1
688	897	898	1
689	898	899	1
690	899	900	1
691	900	901	1
692	901	902	1
693	902	903	1
694	903	904	1
695	904	905	1
696	905	906	1
697	906	907	1
698	907	908	1
699	908	909	1
700	909	910	1
701	910	911	1
702	911	912	1
703	912	913	1
704	913	914	1
705	914	915	1
706	915	916	1
707	916	917	1
708	917	918	1
709	918	919	1
710	919	920	1
711	920	921	1
712	921	922	1
713	922	923	1
714	923	924	1
715	924	925	1
716	925	926	1
717	926	927	1
718	927	928	1
719	928	929	1
720	929	930	1
721	930	931	1
722	931	932	1
723	932	933	1
724	933	934	1
725	934	935	1
726	935	936	1
727	936	937	1
728	937	938	1
729	938	939	1
730	939	940	1
731	940	941	1
732	941	942	1
733	942	943	1
734	943	944	1
735	944	945	1
736	945	946	1
737	946	947	1
738	947	948	1
739	948	949	1
740	949	950	1
741	950	951	1
742	951	952	1
743	952	953	1
744	953	954	1
745	954	955	1
746	955	956	1
747	956	957	1
748	957	958	1
749	958	959	1
750	959	960	1
751	960	961	1
752	961	962	1
753	962	963	1
754	963	964	1
755	964	965	1
756	965	966	1
757	966	967	1
758	967	968	1
759	968	969	1
760	969	970	1
761	970	971	1
762	971	972	1
763	972	973	1
764	973	974	1
765	974	975	1
766	975	976	1
767	976	977	1
768	977	978	1
769	978	979	1
770	979	980	1
771	980	981	1
772	981	982	1
773	982	983	1
774	983	984	1
775	984	985	1
776	985	986	1
777	986	987	1
778	987	988	1
779	988	989	1
780	989	990	1
781	990	991	1
782	991	992	1
783	992	993	1
784	993	994	1
785	994	995	1
786	995	996	1
787	996	997	1
788	997	998	1
789	998	999	1
790	999	1000	1
791	1000	1001	1
792	1001	1002	1
793	1002	1003	1
794	1003	1004	1
795	1004	1005	1
796	1005	1006	1
797	1006	1007	1
798	1007	1008	1
799	1008	1009	1
800	1009	1010	1
801	1010	1011	1
802	1011	1012	1
803	1012	1013	1
804	1013	1014	1
805	1014	1015	1
806	1015	1016	1
807	1016	1017	1
808	1017	1018	1
809	1018	1019	1
810	1019	1020	1
811	1020	1021	1
812	1021	1022	1
813	1022	1023	1
814	1023	1024	1
815	1024	1025	1
816	1025	1026	1
817	1026	1027	1
818	1027	1028	1
819	1028	1029	1
820	1029	1030	1
821	1030	1031	1
822	1031	1032	1
823	1032	1033	1
824	1033	1034	1
825	1034	1035	1
826	1035	1036	1
827	1036	1037	1
828	1037	1038	1
829	1038	1039	1
830	1039	1040	1
831	1040	1041	1
832	1041	1042	1
833	1042	1043	1
834	1043	1044	1
835	1044	1045	1
836	1045	1046	1
837	1046	1047	1
838	1047	1048	1
839	1048	1049	1
840	1049	1050	1
841	1050	1051	1
842	1051	1052	1
843	1052	1053	1
844	1053	1054	1
845	1054	1055	1
846	1055	1056	1
847	1056	1057	1
848	1057	1058	1
849	1058	1059	1
850	1059	1060	1
851	1060	1061	1
852	1061	1062	1
853	1062	1063	1
854	1063	1064	1
855	1064	1065	1
856	1065	1066	1
857	1066	1067	1
858	1067	1068	1
859	1068	1069	1
860	1069	1070	1
861	1070	1071	1
862	1071	1072	1
863	1072	1073	1
864	1073	1074	1
865	1074	1075	1
866	1075	1076	1
867	1076	1077	1
868	1077	1078	1
869	1078	1079	1
870	1079	1080	1
871	1080	1081	1
872	1081	1082	1
873	1082	1083	1
874	1083	1084	1
875	1084	1085	1
876	1085	1086	1
877	1086	1087	1
878	1087	1088	1
879	1088	1089	1
880	1089	1090	1
881	1090	1091	1
882	1091	1092	1
883	1092	1093	1
884	1093	1094	1
885	1094	1095	1
886	1095	1096	1
887	1096	1097	1
888	1097	1098	1
889	1098	1099	1
890	1099	1100	1
891	1100	1101	1
892	1101	1102	1
893	1102	1103	1
894	1103	1104	1
895	1104	1105	1
896	1105	1106	1
897	1106	1107	1
898	1107	1108	1
899	1108	1109	1
900	1109	1110	1
901	1110	1111	1
902	1111	1112	1
903	1112	1113	1
904	1113	1114	1
905	1114	1115	1
906	1115	1116	1
907	1116	1117	1
908	1117	1118	1
909	1118	1119	1
910	1119	1120	1
911	1120	1121	1
912	1121	1122	1
913	1122	1123	1
914	1123	1124	1
915	1124	1125	1
916	1125	1126	1
917	1126	1127	1
918	1127	1128	1
919	1128	1129	1
920	1129	1130	1
921	1130	1131	1
922	1131	1132	1
923	1132	1133	1
924	1133	1134	1
925	1134	1135	1
926	1135	1136	1
927	1136	1137	1
928	1137	1138	1
929	1138	1139	1
930	1139	1140	1
931	1140	1141	1
932	1141	1142	1
933	1142	1143	1
934	1143	1144	1
935	1144	1145	1
936	1145	1146	1
937	1146	1147	1
938	1147	1148	1
939	1148	1149	1
940	1149	1150	1
941	1150	1151	1
942	1151	1152	1
943	1152	1153	1
944	1153	1154	1
945	1154	1155	1
946	1155	1156	1
947	1156	1157	1
948	1157	1158	1
949	1158	1159	1
950	1159	1160	1
951	1160	1162	2
952	1162	1164	2
953	1164	1166	2
954	1166	1168	2
955	1168	1170	2
956	1170	1172	2
957	1172	1174	2
958	1174	1176	2
959	1176	1178	2
960	1178	1180	2
961	1180	1182	2
962	1182	1184	2
963	1184	1186	2
964	1186	1188	2
965	1188	1190	2
966	1190	1192	2
967	1192	1194	2
968	1194	1196	2
969	1196	1198	2
970	1198	1200	2
971	1200	1202	2
972	1202	1204	2
973	1204	1206	2
974	1206	1208	2
975	1208	1210	2
976	1210	1212	2
977	1212	1214	2
978	1214	1216	2
979	1216	1218	2
980	1218	1220	2
981	1220	1222	2
982	1222	1224	2
983	1224	1226	2
984	1226	1228	2
985	1228	1230	2
986	1230	1232	2
987	1232	1234	2
988	1234	1236	2
989	1236	1238	2
990	1238	1240	2
991	1240	1242	2
992	1242	1244	2
993	1244	1246	2
994	1246	1248	2
995	1248	1250	2
996	1250	1252	2
997	1252	1254	2
998	1254	1256	2
999	1256	1258	2
1000	1258	1260	2
1001	1260	1262	2
1002	1262	1264	2
1003	1264	1266	2
1004	1266	1268	2
1005	1268	1270	2
1006	1270	1272	2
1007	1272	1274	2
1008	1274	1276	2
1009	1276	1278	2
1010	1278	1280	2
1011	1280	1282	2
1012	1282	1284	2
1013	1284	1286	2
1014	1286	1288	2
1015	1288	1290	2
1016	1290	1292	2
1017	1292	1294	2
1018	1294	1296	2
1019	1296	1298	2
1020	1298	1300	2
1021	1300	1302	2
1022	1302	1304	2
1023	1304	1306	2
1024	1306	1308	2
1025	1308	1310	2
1026	1310	1312	2
1027	1312	1314	2
1028	1314	1316	2
1029	1316	1318	2
1030	1318	1320	2
1031	1320	1322	2
1032	1322	1324	2
1033	1324	1326	2
1034	1326	1328	2
1035	1328	1330	2
1036	1330	1332	2
1037	1332	1334	2
1038	1334	1336	2
1039	1336	1338	2
1040	1338	1340	2
1041	1340	1342	2
1042	1342	1344	2
1043	1344	1346	2
1044	1346	1348	2
1045	1348	1350	2
1046	1350	1352	2
1047	1352	1354	2
1048	1354	1356	2
1049	1356	1358	2
1050	1358	1360	2
1051	1360	1362	2
1052	1362	1364	2
1053	1364	1366	2
1054	1366	1368	2
1055	1368	1370	2
1056	1370	1372	2
1057	1372	1374	2
1058	1374	1376	2
1059	1376	1378	2
1060	1378	1380	2
1061	1380	1382	2
1062	1382	1384	2
1063	1384	1386	2
1064	1386	1388	2
1065	1388	1390	2
1066	1390	1392	2
1067	1392	1394	2
1068	1394	1396	2
1069	1396	1398	2
1070	1398	1400	2
1071	1400	1402	2
1072	1402	1404	2
1073	1404	1406	2
1074	1406	1408	2
1075	1408	1410	2
1076	1410	1412	2
1077	1412	1414	2
1078	1414	1416	2
1079	1416	1418	2
1080	1418	1420	2
1081	1420	1422	2
1082	1422	1424	2
1083	1424	1426	2
1084	1426	1428	2
1085	1428	1430	2
1086	1430	1432	2
1087	1432	1434	2
1088	1434	1436	2
1089	1436	1438	2
1090	1438	1440	2
1091	1440	1442	2
1092	1442	1444	2
1093	1444	1446	2
1094	1446	1448	2
1095	1448	1450	2
1096	1450	1452	2
1097	1452	1454	2
1098	1454	1456	2
1099	1456	1458	2
1100	1458	1460	2
1101	1460	1462	2
1102	1462	1464	2
1103	1464	1466	2
1104	1466	1468	2
1105	1468	1470	2
1106	1470	1472	2
1107	1472	1474	2
1108	1474	1476	2
1109	1476	1478	2
1110	1478	1480	2
1111	1480	1482	2
1112	1482	1484	2
1113	1484	1486	2
1114	1486	1488	2
1115	1488	1490	2
1116	1490	1492	2
1117	1492	1494	2
1118	1494	1496	2
1119	1496	1498	2
1120	1498	1500	2
1121	1500	1502	2
1122	1502	1504	2
1123	1504	1506	2
1124	1506	1508	2
1125	1508	1510	2
1126	1510	1512	2
1127	1512	1514	2
1128	1514	1516	2
1129	1516	1518	2
1130	1518	1520	2
1131	1520	1522	2
1132	1522	1524	2
1133	1524	1526	2
1134	1526	1528	2
1135	1528	1530	2
1136	1530	1532	2
1137	1532	1534	2
1138	1534	1536	2
1139	1536	1538	2
1140	1538	1540	2
1141	1540	1542	2
1142	1542	1544	2
1143	1544	1546	2
1144	1546	1548	2
1145	1548	1550	2
1146	1550	1552	2
1147	1552	1554	2
1148	1554	1556	2
1149	1556	1558	2
1150	1558	1560	2
1151	1560	1562	2
1152	1562	1564	2
1153	1564	1566	2
1154	1566	1568	2
1155	1568	1570	2
1156	1570	1572	2
1157	1572	1574	2
1158	1574	1576	2
1159	1576	1578	2
1160	1578	1580	2
1161	1580	1582	2
1162	1582	1584	2
1163	1584	1586	2
1164	1586	1588	2
1165	1588	1590	2
1166	1590	1592	2
1167	1592	1594	2
1168	1594	1596	2
1169	1596	1598	2
1170	1598	1600	2
1171	1600	1602	2
1172	1602	1604	2
1173	1604	1606	2
1174	1606	1608	2
1175	1608	1610	2
1176	1610	1612	2
1177	1612	1614	2
1178	1614	1616	2
1179	1616	1618	2
1180	1618	1620	2
1181	1620	1622	2
1182	1622	1624	2
1183	1624	1626	2
1184	1626	1628	2
1185	1628	1630	2
1186	1630	1632	2
1187	1632	1634	2
1188	1634	1636	2
1189	1636	1638	2
1190	1638	1640	2
1191	1640	1642	2
1192	1642	1644	2
1193	1644	1646	2
1194	1646	1648	2
1195	1648	1650	2
1196	1650	1652	2
1197	1652	1654	2
1198	1654	1656	2
1199	1656	1658	2
1200	1658	1660	2
1201	1660	1662	2
1202	1662	1664	2
1203	1664	1666	2
1204	1666	1668	2
1205	1668	1670	2
1206	1670	1672	2
1207	1672	1674	2
1208	1674	1676	2
1209	1676	1678	2
1210	1678	1680	2
1211	1680	1682	2
1212	1682	1684	2
1213	1684	1686	2
1214	1686	1688	2
1215	1688	1690	2
1216	1690	1692	2
1217	1692	1694	2
1218	1694	1696	2
1219	1696	1698	2
1220	1698	1700	2
1221	1700	1702	2
1222	1702	1704	2
1223	1704	1706	2
1224	1706	1708	2
1225	1708	1710	2
1226	1710	1712	2
1227	1712	1714	2
1228	1714	1716	2
1229	1716	1718	2
1230	1718	1720	2
1231	1720	1722	2
1232	1722	1724	2
1233	1724	1726	2
1234	1726	1728	2
1235	1728	1730	2
1236	1730	1732	2
1237	1732	1734	2
1238	1734	1736	2
1239	1736	1738	2
1240	1738	1740	2
1241	1740	1742	2
1242	1742	1744	2
1243	1744	1746	2
1244	1746	1748	2
1245	1748	1750	2
1246	1750	1752	2
1247	1752	1754	2
1248	1754	1756	2
1249	1756	1758	2
1250	1758	1760	2
1251	1760	1762	2
1252	1762	1764	2
1253	1764	1766	2
1254	1766	1768	2
1255	1768	1770	2
1256	1770	1772	2
1257	1772	1774	2
1258	1774	1776	2
1259	1776	1778	2
1260	1778	1780	2
1261	1780	1782	2
1262	1782	1784	2
1263	1784	1786	2
1264	1786	1788	2
1265	1788	1790	2
1266	1790	1792	2
1267	1792	1794	2
1268	1794	1796	2
1269	1796	1798	2
1270	1798	1800	2
1271	1800	1802	2
1272	1802	1804	2
1273	1804	1806	2
1274	1806	1808	2
1275	1808	1810	2
1276	1810	1812	2
1277	1812	1814	2
1278	1814	1816	2
1279	1816	1818	2
1280	1818	1820	2
1281	1820	1822	2
1282	1822	1824	2
1283	1824	1826	2
1284	1826	1828	2
1285	1828	1830	2
1286	1830	1832	2
1287	1832	1834	2
1288	1834	1836	2
1289	1836	1838	2
1290	1838	1840	2
1291	1840	1842	2
1292	1842	1844	2
1293	1844	1846	2
1294	1846	1848	2
1295	1848	1850	2
1296	1850	1852	2
1297	1852	1854	2
1298	1854	1856	2
1299	1856	1858	2
1300	1858	1860	2
1301	1860	1862	2
1302	1862	1864	2
1303	1864	1866	2
1304	1866	1868	2
1305	1868	1870	2
1306	1870	1872	2
1307	1872	1874	2
1308	1874	1876	2
1309	1876	1878	2
1310	1878	1880	2
1311	1880	1882	2
1312	1882	1884	2
1313	1884	1886	2
1314	1886	1888	2
1315	1888	1890	2
1316	1890	1892	2
1317	1892	1894	2
1318	1894	1896	2
1319	1896	1898	2
1320	1898	1900	2
1321	1900	1902	2
1322	1902	1904	2
1323	1904	1906	2
1324	1906	1908	2
1325	1908	1910	2
1326	1910	1912	2
1327	1912	1914	2
1328	1914	1916	2
1329	1916	1918	2
1330	1918	1920	2
1331	1920	1922	2
1332	1922	1924	2
1333	1924	1926	2
1334	1926	1928	2
1335	1928	1930	2
1336	1930	1932	2
1337	1932	1934	2
1338	1934	1936	2
1339	1936	1938	2
1340	1938	1940	2
1341	1940	1942	2
1342	1942	1944	2
1343	1944	1946	2
1344	1946	1948	2
1345	1948	1950	2
1346	1950	1952	2
1347	1952	1954	2
1348	1954	1956	2
1349	1956	1958	2
1350	1958	1960	2
1351	1960	1962	2
1352	1962	1964	2
1353	1964	1966	2
1354	1966	1968	2
1355	1968	1970	2
1356	1970	1972	2
1357	1972	1974	2
1358	1974	1976	2
1359	1976	1978	2
1360	1978	1980	2
1361	1980	1982	2
1362	1982	1984	2
1363	1984	1986	2
1364	1986	1988	2
1365	1988	1990	2
1366	1990	1992	2
1367	1992	1994	2
1368	1994	1996	2
1369	1996	1998	2
1370	1998	2000	2
1371	2000	2002	2
1372	2002	2004	2
1373	2004	2006	2
1374	2006	2008	2
1375	2008	2010	2
1376	2010	2012	2
1377	2012	2014	2
1378	2014	2016	2
1379	2016	2018	2
1380	2018	2020	2
1381	2020	2022	2
1382	2022	2024	2
1383	2024	2026	2
1384	2026	2028	2
1385	2028	2030	2
1386	2030	2032	2
1387	2032	2034	2
1388	2034	2036	2
1389	2036	2038	2
1390	2038	2040	2
1391	2040	2042	2
1392	2042	2044	2
1393	2044	2046	2
1394	2046	2048	2
1395	2048	2050	2
1396	2050	2052	2
1397	2052	2054	2
1398	2054	2056	2
1399	2056	2058	2
1400	2058	2060	2
1401	2060	2062	2
1402	2062	2064	2
1403	2064	2066	2
1404	2066	2068	2
1405	2068	2070	2
1406	2070	2072	2
1407	2072	2074	2
1408	2074	2076	2
1409	2076	2078	2
1410	2078	2080	2
1411	2080	2082	2
1412	2082	2084	2
1413	2084	2086	2
1414	2086	2088	2
1415	2088	2090	2
1416	2090	2092	2
1417	2092	2094	2
1418	2094	2096	2
1419	2096	2098	2
1420	2098	2100	2
1421	2100	2102	2
1422	2102	2104	2
1423	2104	2106	2
1424	2106	2108	2
1425	2108	2110	2
1426	2110	2112	2
1427	2112	2114	2
1428	2114	2116	2
1429	2116	2118	2
1430	2118	2120	2
1431	2120	2122	2
1432	2122	2124	2
1433	2124	2126	2
1434	2126	2128	2
1435	2128	2130	2
1436	2130	2132	2
1437	2132	2134	2
1438	2134	2136	2
1439	2136	2138	2
1440	2138	2140	2
1441	2140	2142	2
1442	2142	2144	2
1443	2144	2146	2
1444	2146	2148	2
1445	2148	2150	2
1446	2150	2152	2
1447	2152	2154	2
1448	2154	2156	2
1449	2156	2158	2
1450	2158	2160	2
1451	2160	2162	2
1452	2162	2164	2
1453	2164	2166	2
1454	2166	2168	2
1455	2168	2170	2
1456	2170	2172	2
1457	2172	2174	2
1458	2174	2176	2
1459	2176	2178	2
1460	2178	2180	2
1461	2180	2182	2
1462	2182	2184	2
1463	2184	2186	2
1464	2186	2188	2
1465	2188	2190	2
1466	2190	2192	2
1467	2192	2194	2
1468	2194	2196	2
1469	2196	2198	2
1470	2198	2200	2
1471	2200	2202	2
1472	2202	2204	2
1473	2204	2206	2
1474	2206	2208	2
1475	2208	2210	2
1476	2210	2212	2
1477	2212	2214	2
1478	2214	2216	2
1479	2216	2218	2
1480	2218	2220	2
1481	2220	2222	2
1482	2222	2224	2
1483	2224	2226	2
1484	2226	2228	2
1485	2228	2230	2
1486	2230	2232	2
1487	2232	2234	2
1488	2234	2236	2
1489	2236	2238	2
1490	2238	2240	2
1491	2240	2242	2
1492	2242	2244	2
1493	2244	2246	2
1494	2246	2248	2
1495	2248	2250	2
1496	2250	2253	3
1497	2253	2256	3
1498	2256	2259	3
1499	2259	2262	3
1500	2262	2265	3
1501	2265	2268	3
1502	2268	2271	3
1503	2271	2274	3
1504	2274	2277	3
1505	2277	2280	3
1506	2280	2283	3
1507	2283	2286	3
1508	2286	2289	3
1509	2289	2292	3
1510	2292	2295	3
1511	2295	2298	3
1512	2298	2301	3
1513	2301	2304	3
1514	2304	2307	3
1515	2307	2310	3
1516	2310	2313	3
1517	2313	2316	3
1518	2316	2319	3
1519	2319	2322	3
1520	2322	2325	3
1521	2325	2328	3
1522	2328	2331	3
1523	2331	2334	3
1524	2334	2337	3
1525	2337	2340	3
1526	2340	2343	3
1527	2343	2346	3
1528	2346	2349	3
1529	2349	2352	3
1530	2352	2355	3
1531	2355	2358	3
1532	2358	2361	3
1533	2361	2364	3
1534	2364	2367	3
1535	2367	2370	3
1536	2370	2373	3
1537	2373	2376	3
1538	2376	2379	3
1539	2379	2382	3
1540	2382	2385	3
1541	2385	2388	3
1542	2388	2391	3
1543	2391	2394	3
1544	2394	2397	3
1545	2397	2400	3
1546	2400	2403	3
1547	2403	2406	3
1548	2406	2409	3
1549	2409	2412	3
1550	2412	2415	3
1551	2415	2418	3
1552	2418	2421	3
1553	2421	2424	3
1554	2424	2427	3
1555	2427	2430	3
1556	2430	2433	3
1557	2433	2436	3
1558	2436	2439	3
1559	2439	2442	3
1560	2442	2445	3
1561	2445	2448	3
1562	2448	2451	3
1563	2451	2454	3
1564	2454	2457	3
1565	2457	2460	3
1566	2460	2463	3
1567	2463	2466	3
1568	2466	2469	3
1569	2469	2472	3
1570	2472	2475	3
1571	2475	2478	3
1572	2478	2481	3
1573	2481	2484	3
1574	2484	2487	3
1575	2487	2490	3
1576	2490	2493	3
1577	2493	2496	3
1578	2496	2499	3
1579	2499	2502	3
1580	2502	2505	3
1581	2505	2508	3
1582	2508	2511	3
1583	2511	2514	3
1584	2514	2517	3
1585	2517	2520	3
1586	2520	2523	3
1587	2523	2526	3
1588	2526	2529	3
1589	2529	2532	3
1590	2532	2535	3
1591	2535	2538	3
1592	2538	2541	3
1593	2541	2544	3
1594	2544	2547	3
1595	2547	2550	3
1596	2550	2553	3
1597	2553	2556	3
1598	2556	2559	3
1599	2559	2562	3
1600	2562	2565	3
1601	2565	2568	3
1602	2568	2571	3
1603	2571	2574	3
1604	2574	2577	3
1605	2577	2580	3
1606	2580	2583	3
1607	2583	2586	3
1608	2586	2589	3
1609	2589	2592	3
1610	2592	2595	3
1611	2595	2598	3
1612	2598	2601	3
1613	2601	2604	3
1614	2604	2607	3
1615	2607	2610	3
1616	2610	2613	3
1617	2613	2616	3
1618	2616	2619	3
1619	2619	2622	3
1620	2622	2625	3
1621	2625	2628	3
1622	2628	2631	3
1623	2631	2634	3
1624	2634	2637	3
1625	2637	2640	3
1626	2640	2643	3
1627	2643	2646	3
1628	2646	2649	3
1629	2649	2652	3
1630	2652	2655	3
1631	2655	2658	3
1632	2658	2661	3
1633	2661	2664	3
1634	2664	2667	3
1635	2667	2670	3
1636	2670	2673	3
1637	2673	2676	3
1638	2676	2679	3
1639	2679	2682	3
1640	2682	2685	3
1641	2685	2688	3
1642	2688	2691	3
1643	2691	2694	3
1644	2694	2697	3
1645	2697	2700	3
1646	2700	2703	3
1647	2703	2706	3
1648	2706	2709	3
1649	2709	2712	3
1650	2712	2715	3
1651	2715	2718	3
1652	2718	2721	3
1653	2721	2724	3
1654	2724	2727	3
1655	2727	2730	3
1656	2730	2733	3
1657	2733	2736	3
1658	2736	2739	3
1659	2739	2742	3
1660	2742	2745	3
1661	2745	2748	3
1662	2748	2751	3
1663	2751	2754	3
1664	2754	2757	3
1665	2757	2760	3
1666	2760	2763	3
1667	2763	2766	3
1668	2766	2769	3
1669	2769	2772	3
1670	2772	2775	3
1671	2775	2778	3
1672	2778	2781	3
1673	2781	2784	3
1674	2784	2787	3
1675	2787	2790	3
1676	2790	2793	3
1677	2793	2796	3
1678	2796	2799	3
1679	2799	2802	3
1680	2802	2805	3
1681	2805	2808	3
1682	2808	2811	3
1683	2811	2814	3
1684	2814	2817	3
1685	2817	2820	3
1686	2820	2823	3
1687	2823	2826	3
1688	2826	2829	3
1689	2829	2832	3
1690	2832	2835	3
1691	2835	2838	3
1692	2838	2841	3
1693	2841	2844	3
1694	2844	2847	3
1695	2847	2850	3
1696	2850	2853	3
1697	2853	2856	3
1698	2856	2859	3
1699	2859	2862	3
1700	2862	2865	3
1701	2865	2868	3
1702	2868	2871	3
1703	2871	2874	3
1704	2874	2877	3
1705	2877	2880	3
1706	2880	2883	3
1707	2883	2886	3
1708	2886	2889	3
1709	2889	2892	3
1710	2892	2895	3
1711	2895	2898	3
1712	2898	2901	3
1713	2901	2904	3
1714	2904	2907	3
1715	2907	2910	3
1716	2910	2913	3
1717	2913	2916	3
1718	2916	2919	3
1719	2919	2922	3
1720	2922	2925	3
1721	2925	2928	3
1722	2928	2931	3
1723	2931	2934	3
1724	2934	2937	3
1725	2937	2940	3
1726	2940	2943	3
1727	2943	2946	3
1728	2946	2949	3
1729	2949	2952	3
1730	2952	2955	3
1731	2955	2958	3
1732	2958	2961	3
1733	2961	2964	3
1734	2964	2967	3
1735	2967	2970	3
1736	2970	2973	3
1737	2973	2976	3
1738	2976	2979	3
1739	2979	2982	3
1740	2982	2985	3
1741	2985	2988	3
1742	2988	2991	3
1743	2991	2994	3
1744	2994	2997	3
1745	2997	3000	3
1746	3000	3003	3
1747	3003	3006	3
1748	3006	3009	3
1749	3009	3012	3
1750	3012	3015	3
1751	3015	3018	3
1752	3018	3021	3
1753	3021	3024	3
1754	3024	3027	3
1755	3027	3030	3
1756	3030	3033	3
1757	3033	3036	3
1758	3036	3039	3
1759	3039	3042	3
1760	3042	3045	3
1761	3045	3048	3
1762	3048	3051	3
1763	3051	3054	3
1764	3054	3057	3
1765	3057	3061	4
1766	3061	3065	4
1767	3065	3069	4
1768	3069	3073	4
1769	3073	3077	4
1770	3077	3081	4
1771	3081	3085	4
1772	3085	3089	4
1773	3089	3093	4
1774	3093	3097	4
1775	3097	3101	4
1776	3101	3105	4
1777	3105	3109	4
1778	3109	3113	4
1779	3113	3117	4
1780	3117	3121	4
1781	3121	3125	4
1782	3125	3129	4
1783	3129	3133	4
1784	3133	3137	4
1785	3137	3141	4
1786	3141	3145	4
1787	3145	3149	4
1788	3149	3153	4
1789	3153	3157	4
1790	3157	3161	4
1791	3161	3165	4
1792	3165	3169	4
1793	3169	3173	4
1794	3173	3177	4
1795	3177	3181	4
1796	3181	3185	4
1797	3185	3189	4
1798	3189	3193	4
1799	3193	3197	4
1800	3197	3201	4
1801	3201	3205	4
1802	3205	3209	4
1803	3209	3213	4
1804	3213	3217	4
1805	3217	3221	4
1806	3221	3225	4
1807	3225	3229	4
1808	3229	3233	4
1809	3233	3237	4
1810	3237	3241	4
1811	3241	3245	4
1812	3245	3249	4
1813	3249	3253	4
1814	3253	3257	4
1815	3257	3261	4
1816	3261	3265	4
1817	3265	3269	4
1818	3269	3273	4
1819	3273	3277	4
1820	3277	3281	4
1821	3281	3285	4
1822	3285	3289	4
1823	3289	3293	4
1824	3293	3297	4
1825	3297	3301	4
1826	3301	3305	4
1827	3305	3309	4
1828	3309	3313	4
1829	3313	3317	4
1830	3317	3321	4
1831	3321	3325	4
1832	3325	3329	4
1833	3329	3333	4
1834	3333	3337	4
1835	3337	3341	4
1836	3341	3345	4
1837	3345	3349	4
1838	3349	3353	4
1839	3353	3357	4
1840	3357	3361	4
1841	3361	3365	4
1842	3365	3369	4
1843	3369	3373	4
1844	3373	3377	4
1845	3377	3381	4
1846	3381	3385	4
1847	3385	3389	4
1848	3389	3393	4
1849	3393	3397	4
1850	3397	3401	4
1851	3401	3405	4
1852	3405	3409	4
1853	3409	3413	4
1854	3413	3417	4
1855	3417	3421	4
1856	3421	3425	4
1857	3425	3429	4
1858	3429	3433	4
1859	3433	3437	4
1860	3437	3441	4
1861	3441	3445	4
1862	3445	3449	4
1863	3449	3453	4
1864	3453	3457	4
1865	3457	3461	4
1866	3461	3465	4
1867	3465	3469	4
1868	3469	3473	4
1869	3473	3477	4
1870	3477	3481	4
1871	3481	3485	4
1872	3485	3489	4
1873	3489	3493	4
1874	3493	3497	4
1875	3497	3501	4
1876	3501	3505	4
1877	3505	3509	4
1878	3509	3513	4
1879	3513	3517	4
1880	3517	3521	4
1881	3521	3525	4
1882	3525	3529	4
1883	3529	3533	4
1884	3533	3537	4
1885	3537	3541	4
1886	3541	3545	4
1887	3545	3549	4
1888	3549	3553	4
1889	3553	3557	4
1890	3557	3561	4
1891	3561	3565	4
1892	3565	3569	4
1893	3569	3573	4
1894	3573	3577	4
1895	3577	3581	4
1896	3581	3585	4
1897	3585	3589	4
1898	3589	3593	4
1899	3593	3597	4
1900	3597	3601	4
1901	3601	3605	4
1902	3605	3609	4
1903	3609	3613	4
1904	3613	3617	4
1905	3617	3621	4
1906	3621	3625	4
1907	3625	3629	4
1908	3629	3633	4
1909	3633	3637	4
1910	3637	3641	4
1911	3641	3645	4
1912	3645	3649	4
1913	3649	3653	4
1914	3653	3657	4
1915	3657	3661	4
1916	3661	3665	4
1917	3665	3669	4
1918	3669	3673	4
1919	3673	3677	4
1920	3677	3681	4
1921	3681	3685	4
1922	3685	3689	4
1923	3689	3693	4
1924	3693	3697	4
1925	3697	3701	4
1926	3701	3705	4
1927	3705	3709	4
1928	3709	3713	4
1929	3713	3717	4
1930	3717	3721	4
1931	3721	3725	4
1932	3725	3729	4
1933	3729	3734	5
1934	3734	3739	5
1935	3739	3744	5
1936	3744	3749	5
1937	3749	3754	5
1938	3754	3759	5
1939	3759	3764	5
1940	3764	3769	5
1941	3769	3774	5
1942	3774	3779	5
1943	3779	3784	5
1944	3784	3789	5
1945	3789	3794	5
1946	3794	3799	5
1947	3799	3804	5
1948	3804	3809	5
1949	3809	3814	5
1950	3814	3819	5
1951	3819	3824	5
1952	3824	3829	5
1953	3829	3834	5
1954	3834	3839	5
1955	3839	3844	5
1956	3844	3849	5
1957	3849	3854	5
1958	3854	3859	5
1959	3859	3864	5
1960	3864	3869	5
1961	3869	3874	5
1962	3874	3879	5
1963	3879	3884	5
1964	3884	3889	5
1965	3889	3894	5
1966	3894	3899	5
1967	3899	3904	5
1968	3904	3909	5
1969	3909	3914	5
1970	3914	3919	5
1971	3919	3924	5
1972	3924	3929	5
1973	3929	3934	5
1974	3934	3939	5
1975	3939	3944	5
1976	3944	3949	5
1977	3949	3954	5
1978	3954	3959	5
1979	3959	3964	5
1980	3964	3969	5
1981	3969	3974	5
1982	3974	3979	5
1983	3979	3984	5
1984	3984	3989	5
1985	3989	3994	5
1986	3994	3999	5
1987	3999	4004	5
1988	4004	4009	5
1989	4009	4014	5
1990	4014	4019	5
1991	4019	4024	5
1992	4024	4029	5
1993	4029	4034	5
1994	4034	4039	5
1995	4039	4044	5
1996	4044	4049	5
1997	4049	4054	5
1998	4054	4059	5
1999	4059	4064	5
2000	4064	4069	5
2001	4069	4074	5
2002	4074	4079	5
2003	4079	4084	5
2004	4084	4089	5
2005	4089	4094	5
2006	4094	4099	5
2007	4099	4104	5
2008	4104	4109	5
2009	4109	4114	5
2010	4114	4119	5
2011	4119	4124	5
2012	4124	4129	5
2013	4129	4134	5
2014	4134	4139	5
2015	4139	4144	5
2016	4144	4149	5
2017	4149	4154	5
2018	4154	4159	5
2019	4159	4164	5
2020	4164	4169	5
2021	4169	4174	5
2022	4174	4179	5
2023	4179	4184	5
2024	4184	4189	5
2025	4189	4194	5
2026	4194	4199	5
2027	4199	4204	5
2028	4204	4209	5
2029	4209	4214	5
2030	4214	4219	5
2031	4219	4224	5
2032	4224	4229	5
2033	4229	4234	5
2034	4234	4239	5
2035	4239	4244	5
2036	4244	4249	5
2037	4249	4254	5
2038	4254	4259	5
2039	4259	4264	5
2040	4264	4269	5
2041	4269	4274	5
2042	4274	4279	5
2043	4279	4284	5
2044	4284	4289	5
2045	4289	4295	6
2046	4295	4301	6
2047	4301	4307	6
2048	4307	4313	6
2049	4313	4319	6
2050	4319	4325	6
2051	4325	4331	6
2052	4331	4337	6
2053	4337	4343	6
2054	4343	4349	6
2055	4349	4355	6
2056	4355	4361	6
2057	4361	4367	6
2058	4367	4373	6
2059	4373	4379	6
2060	4379	4385	6
2061	4385	4391	6
2062	4391	4397	6
2063	4397	4403	6
2064	4403	4409	6
2065	4409	4415	6
2066	4415	4421	6
2067	4421	4427	6
2068	4427	4433	6
2069	4433	4439	6
2070	4439	4445	6
2071	4445	4451	6
2072	4451	4457	6
2073	4457	4463	6
2074	4463	4469	6
2075	4469	4475	6
2076	4475	4481	6
2077	4481	4487	6
2078	4487	4493	6
2079	4493	4499	6
2080	4499	4505	6
2081	4505	4511	6
2082	4511	4517	6
2083	4517	4523	6
2084	4523	4529	6
2085	4529	4535	6
2086	4535	4541	6
2087	4541	4547	6
2088	4547	4553	6
2089	4553	4559	6
2090	4559	4565	6
2091	4565	4571	6
2092	4571	4577	6
2093	4577	4583	6
2094	4583	4589	6
2095	4589	4595	6
2096	4595	4601	6
2097	4601	4607	6
2098	4607	4613	6
2099	4613	4619	6
2100	4619	4625	6
2101	4625	4631	6
2102	4631	4637	6
2103	4637	4643	6
2104	4643	4649	6
2105	4649	4655	6
2106	4655	4661	6
2107	4661	4667	6
2108	4667	4673	6
2109	4673	4679	6
2110	4679	4685	6
2111	4685	4691	6
2112	4691	4697	6
2113	4697	4703	6
2114	4703	4709	6
2115	4709	4715	6
2116	4715	4721	6
2117	4721	4727	6
2118	4727	4733	6
2119	4733	4739	6
2120	4739	4745	6
2121	4745	4751	6
2122	4751	4757	6
2123	4757	4763	6
2124	4763	4769	6
2125	4769	4775	6
2126	4775	4781	6
2127	4781	4788	7
2128	4788	4795	7
2129	4795	4802	7
2130	4802	4809	7
2131	4809	4816	7
2132	4816	4823	7
2133	4823	4830	7
2134	4830	4837	7
2135	4837	4844	7
2136	4844	4851	7
2137	4851	4858	7
2138	4858	4865	7
2139	4865	4872	7
2140	4872	4879	7
2141	4879	4886	7
2142	4886	4893	7
2143	4893	4900	7
2144	4900	4907	7
2145	4907	4914	7
2146	4914	4921	7
2147	4921	4928	7
2148	4928	4935	7
2149	4935	4942	7
2150	4942	4949	7
2151	4949	4956	7
2152	4956	4963	7
2153	4963	4970	7
2154	4970	4977	7
2155	4977	4984	7
2156	4984	4991	7
2157	4991	4998	7
2158	4998	5005	7
2159	5005	5012	7
2160	5012	5019	7
2161	5019	5026	7
2162	5026	5033	7
2163	5033	5040	7
2164	5040	5047	7
2165	5047	5054	7
2166	5054	5061	7
2167	5061	5068	7
2168	5068	5075	7
2169	5075	5082	7
2170	5082	5089	7
2171	5089	5096	7
2172	5096	5103	7
2173	5103	5110	7
2174	5110	5117	7
2175	5117	5124	7
2176	5124	5131	7
2177	5131	5138	7
2178	5138	5145	7
2179	5145	5152	7
2180	5152	5159	7
2181	5159	5166	7
2182	5166	5173	7
2183	5173	5180	7
2184	5180	5187	7
2185	5187	5194	7
2186	5194	5201	7
2187	5201	5208	7
2188	5208	5215	7
2189	5215	5223	8
2190	5223	5231	8
2191	5231	5239	8
2192	5239	5247	8
2193	5247	5255	8
2194	5255	5263	8
2195	5263	5271	8
2196	5271	5279	8
2197	5279	5287	8
2198	5287	5295	8
2199	5295	5303	8
2200	5303	5311	8
2201	5311	5319	8
2202	5319	5327	8
2203	5327	5335	8
2204	5335	5343	8
2205	5343	5351	8
2206	5351	5359	8
2207	5359	5367	8
2208	5367	5375	8
2209	5375	5383	8
2210	5383	5391	8
2211	5391	5399	8
2212	5399	5407	8
2213	5407	5415	8
2214	5415	5423	8
2215	5423	5431	8
2216	5431	5439	8
2217	5439	5447	8
2218	5447	5455	8
2219	5455	5463	8
2220	5463	5471	8
2221	5471	5479	8
2222	5479	5487	8
2223	5487	5495	8
2224	5495	5503	8
2225	5503	5511	8
2226	5511	5519	8
2227	5519	5527	8
2228	5527	5535	8
2229	5535	5543	8
2230	5543	5551	8
2231	5551	5559	8
2232	5559	5567	8
2233	5567	5575	8
2234	5575	5583	8
2235	5583	5591	8
2236	5591	5599	8
2237	5599	5607	8
2238	5607	5615	8
2239	5615	5623	8
2240	5623	5631	8
2241	5631	5639	8
2242	5639	5647	8
2243	5647	5655	8
2244	5655	5663	8
2245	5663	5672	9
2246	5672	5681	9
2247	5681	5690	9
2248	5690	5699	9
2249	5699	5708	9
2250	5708	5717	9
2251	5717	5726	9
2252	5726	5735	9
2253	5735	5744	9
2254	5744	5753	9
2255	5753	5762	9
2256	5762	5771	9
2257	5771	5780	9
2258	5780	5789	9
2259	5789	5798	9
2260	5798	5807	9
2261	5807	5816	9
2262	5816	5825	9
2263	5825	5834	9
2264	5834	5843	9
2265	5843	5852	9
2266	5852	5861	9
2267	5861	5870	9
2268	5870	5879	9
2269	5879	5888	9
2270	5888	5897	9
2271	5897	5906	9
2272	5906	5915	9
2273	5915	5924	9
2274	5924	5933	9
2275	5933	5942	9
2276	5942	5951	9
2277	5951	5960	9
2278	5960	5969	9
2279	5969	5978	9
2280	5978	5987	9
2281	5987	5996	9
2282	5996	6005	9
2283	6005	6014	9
2284	6014	6023	9
2285	6023	6033	10
2286	6033	6043	10
2287	6043	6053	10
2288	6053	6063	10
2289	6063	6073	10
2290	6073	6083	10
2291	6083	6093	10
2292	6093	6103	10
2293	6103	6113	10
2294	6113	6123	10
2295	6123	6133	10
2296	6133	6143	10
2297	6143	6153	10
2298	6153	6163	10
2299	6163	6173	10
2300	6173	6183	10
2301	6183	6193	10
2302	6193	6203	10
2303	6203	6213	10
2304	6213	6223	10
2305	6223	6233	10
2306	6233	6243	10
2307	6243	6253	10
2308	6253	6263	10
2309	6263	6273	10
2310	6273	6283	10
2311	6283	6293	10
2312	6293	6303	10
2313	6303	6313	10
2314	6313	6323	10
2315	6323	6333	10
2316	6333	6344	11
2317	6344	6355	11
2318	6355	6366	11
2319	6366	6377	11
2320	6377	6388	11
2321	6388	6399	11
2322	6399	6410	11
2323	6410	6421	11
2324	6421	6432	11
2325	6432	6443	11
2326	6443	6454	11
2327	6454	6465	11
2328	6465	6476	11
2329	6476	6487	11
2330	6487	6498	11
2331	6498	6509	11
2332	6509	6520	11
2333	6520	6531	11
2334	6531	6542	11
2335	6542	6553	11
2336	6553	6564	11
2337	6564	6575	11
2338	6575	6586	11
2339	6586	6597	11
2340	6597	6608	11
2341	6608	6619	11
2342	6619	6630	11
2343	6630	6641	11
2344	6641	6652	11
2345	6652	6663	11
2346	6663	6674	11
2347	6674	6685	11
2348	6685	6696	11
2349	6696	6707	11
2350	6707	6718	11
2351	6718	6729	11
2352	6729	6740	11
2353	6740	6752	12
2354	6752	6764	12
2355	6764	6776	12
2356	6776	6788	12
2357	6788	6800	12
2358	6800	6812	12
2359	6812	6824	12
2360	6824	6836	12
2361	6836	6848	12
2362	6848	6860	12
2363	6860	6872	12
2364	6872	6884	12
2365	6884	6896	12
2366	6896	6908	12
2367	6908	6920	12
2368	6920	6932	12
2369	6932	6944	12
2370	6944	6956	12
2371	6956	6968	12
2372	6968	6980	12
2373	6980	6992	12
2374	6992	7004	12
2375	7004	7016	12
2376	7016	7028	12
2377	7028	7040	12
2378	7040	7052	12
2379	7052	7064	12
2380	7064	7076	12
2381	7076	7088	12
2382	7088	7101	13
2383	7101	7114	13
2384	7114	7127	13
2385	7127	7140	13
2386	7140	7153	13
2387	7153	7166	13
2388	7166	7179	13
2389	7179	7192	13
2390	7192	7205	13
2391	7205	7218	13
2392	7218	7231	13
2393	7231	7244	13
2394	7244	7257	13
2395	7257	7270	13
2396	7270	7283	13
2397	7283	7296	13
2398	7296	7309	13
2399	7309	7322	13
2400	7322	7335	13
2401	7335	7348	13
2402	7348	7361	13
2403	7361	7374	13
2404	7374	7387	13
2405	7387	7401	14
2406	7401	7415	14
2407	7415	7429	14
2408	7429	7443	14
2409	7443	7457	14
2410	7457	7471	14
2411	7471	7485	14
2412	7485	7499	14
2413	7499	7513	14
2414	7513	7527	14
2415	7527	7541	14
2416	7541	7555	14
2417	7555	7569	14
2418	7569	7583	14
2419	7583	7597	14
2420	7597	7611	14
2421	7611	7625	14
2422	7625	7639	14
2423	7639	7653	14
2424	7653	7668	15
2425	7668	7683	15
2426	7683	7698	15
2427	7698	7713	15
2428	7713	7728	15
2429	7728	7743	15
2430	7743	7758	15
2431	7758	7773	15
2432	7773	7788	15
2433	7788	7803	15
2434	7803	7818	15
2435	7818	7833	15
2436	7833	7848	15
2437	7848	7863	15
2438	7863	7878	15
2439	7878	7893	15
2440	7893	7909	16
2441	7909	7925	16
2442	7925	7941	16
2443	7941	7957	16
2444	7957	7973	16
2445	7973	7989	16
2446	7989	8005	16
2447	8005	8021	16
2448	8021	8037	16
2449	8037	8053	16
2450	8053	8069	16
2451	8069	8085	16
2452	8085	8101	16
2453	8101	8117	16
2454	8117	8133	16
2455	8133	8149	16
2456	8149	8165	16
2457	8165	8181	16
2458	8181	8197	16
2459	8197	8214	17
2460	8214	8231	17
2461	8231	8248	17
2462	8248	8265	17
2463	8265	8282	17
2464	8282	8299	17
2465	8299	8316	17
2466	8316	8333	17
2467	8333	8350	17
2468	8350	8367	17
2469	8367	8384	17
2470	8384	8401	17
2471	8401	8418	17
2472	8418	8435	17
2473	8435	8452	17
2474	8452	8469	17
2475	8469	8486	17
2476	8486	8503	17
2477	8503	8521	18
2478	8521	8539	18
2479	8539	8557	18
2480	8557	8575	18
2481	8575	8593	18
2482	8593	8611	18
2483	8611	8629	18
2484	8629	8647	18
2485	8647	8665	18
2486	8665	8683	18
2487	8683	8701	18
2488	8701	8719	18
2489	8719	8737	18
2490	8737	8755	18
2491	8755	8773	18
2492	8773	8791	18
2493	8791	8810	19
2494	8810	8829	19
2495	8829	8848	19
2496	8848	8867	19
2497	8867	8886	19
2498	8886	8905	19
2499	8905	8924	19
2500	8924	8943	19
2501	8943	8962	19
2502	8962	8981	19
2503	8981	9000	19
2504	9000	9019	19
2505	9019	9038	19
2506	9038	9058	20
2507	9058	9078	20
2508	9078	9098	20
2509	9098	9118	20
2510	9118	9138	20
2511	9138	9158	20
2512	9158	9178	20
2513	9178	9198	20
2514	9198	9218	20
2515	9218	9238	20
2516	9238	9258	20
2517	9258	9278	20
2518	9278	9299	21
2519	9299	9320	21
2520	9320	9341	21
2521	9341	9362	21
2522	9362	9383	21
2523	9383	9404	21
2524	9404	9425	21
2525	9425	9446	21
2526	9446	9467	21
2527	9467	9488	21
2528	9488	9510	22
2529	9510	9532	22
2530	9532	9554	22
2531	9554	9576	22
2532	9576	9598	22
2533	9598	9620	22
2534	9620	9642	22
2535	9642	9664	22
2536	9664	9686	22
2537	9686	9709	23
2538	9709	9732	23
2539	9732	9755	23
2540	9755	9778	23
2541	9778	9801	23
2542	9801	9824	23
2543	9824	9847	23
2544	9847	9870	23
2545	9870	9894	24
2546	9894	9918	24
2547	9918	9942	24
2548	9942	9966	24
2549	9966	9990	24
2550	9990	10014	24
2551	10014	10038	24
2552	10038	10062	24
2553	10062	10086	24
2554	10086	10111	25
2555	10111	10136	25
2556	10136	10161	25
2557	10161	10186	25
