#
#N Pointing	tstart	tend	Obs time
#		s
1	210	211	1
2	211	212	1
3	212	213	1
4	213	214	1
5	214	215	1
6	215	216	1
7	216	217	1
8	217	218	1
9	218	219	1
10	219	220	1
11	220	221	1
12	221	222	1
13	222	223	1
14	223	224	1
15	224	225	1
16	225	226	1
17	226	227	1
18	227	228	1
19	228	229	1
20	229	230	1
21	230	231	1
22	231	232	1
23	232	233	1
24	233	234	1
25	234	235	1
26	235	236	1
27	236	237	1
28	237	238	1
29	238	239	1
30	239	240	1
31	240	241	1
32	241	242	1
33	242	243	1
34	243	244	1
35	244	245	1
36	245	246	1
37	246	247	1
38	247	248	1
39	248	249	1
40	249	250	1
41	250	251	1
42	251	252	1
43	252	253	1
44	253	254	1
45	254	255	1
46	255	256	1
47	256	257	1
48	257	258	1
49	258	259	1
50	259	260	1
51	260	261	1
52	261	262	1
53	262	263	1
54	263	264	1
55	264	265	1
56	265	266	1
57	266	267	1
58	267	268	1
59	268	269	1
60	269	270	1
61	270	271	1
62	271	272	1
63	272	273	1
64	273	274	1
65	274	275	1
66	275	276	1
67	276	277	1
68	277	278	1
69	278	279	1
70	279	280	1
71	280	281	1
72	281	282	1
73	282	283	1
74	283	284	1
75	284	285	1
76	285	286	1
77	286	287	1
78	287	288	1
79	288	289	1
80	289	290	1
81	290	291	1
82	291	292	1
83	292	293	1
84	293	294	1
85	294	295	1
86	295	296	1
87	296	297	1
88	297	298	1
89	298	299	1
90	299	300	1
91	300	301	1
92	301	302	1
93	302	303	1
94	303	304	1
95	304	305	1
96	305	306	1
97	306	307	1
98	307	308	1
99	308	309	1
100	309	310	1
101	310	311	1
102	311	312	1
103	312	313	1
104	313	314	1
105	314	315	1
106	315	316	1
107	316	317	1
108	317	318	1
109	318	319	1
110	319	320	1
111	320	321	1
112	321	322	1
113	322	323	1
114	323	324	1
115	324	325	1
116	325	326	1
117	326	327	1
118	327	328	1
119	328	329	1
120	329	330	1
121	330	331	1
122	331	332	1
123	332	333	1
124	333	334	1
125	334	335	1
126	335	336	1
127	336	337	1
128	337	338	1
129	338	339	1
130	339	340	1
131	340	341	1
132	341	342	1
133	342	343	1
134	343	344	1
135	344	345	1
136	345	346	1
137	346	347	1
138	347	348	1
139	348	349	1
140	349	350	1
141	350	351	1
142	351	352	1
143	352	353	1
144	353	354	1
145	354	355	1
146	355	356	1
147	356	357	1
148	357	358	1
149	358	359	1
150	359	360	1
151	360	361	1
152	361	362	1
153	362	363	1
154	363	364	1
155	364	365	1
156	365	366	1
157	366	367	1
158	367	368	1
159	368	369	1
160	369	370	1
161	370	371	1
162	371	372	1
163	372	373	1
164	373	374	1
165	374	375	1
166	375	376	1
167	376	377	1
168	377	378	1
169	378	379	1
170	379	380	1
171	380	381	1
172	381	382	1
173	382	383	1
174	383	384	1
175	384	385	1
176	385	386	1
177	386	387	1
178	387	388	1
179	388	389	1
180	389	390	1
181	390	391	1
182	391	392	1
183	392	393	1
184	393	394	1
185	394	395	1
186	395	396	1
187	396	397	1
188	397	398	1
189	398	399	1
190	399	400	1
191	400	401	1
192	401	402	1
193	402	403	1
194	403	404	1
195	404	405	1
196	405	406	1
197	406	407	1
198	407	408	1
199	408	409	1
200	409	410	1
201	410	411	1
202	411	412	1
203	412	413	1
204	413	414	1
205	414	415	1
206	415	416	1
207	416	417	1
208	417	418	1
209	418	419	1
210	419	420	1
211	420	421	1
212	421	422	1
213	422	423	1
214	423	424	1
215	424	425	1
216	425	426	1
217	426	427	1
218	427	428	1
219	428	429	1
220	429	430	1
221	430	431	1
222	431	432	1
223	432	433	1
224	433	434	1
225	434	435	1
226	435	436	1
227	436	437	1
228	437	438	1
229	438	439	1
230	439	440	1
231	440	441	1
232	441	442	1
233	442	443	1
234	443	444	1
235	444	445	1
236	445	446	1
237	446	447	1
238	447	448	1
239	448	449	1
240	449	450	1
241	450	451	1
242	451	452	1
243	452	453	1
244	453	454	1
245	454	455	1
246	455	456	1
247	456	457	1
248	457	458	1
249	458	459	1
250	459	460	1
251	460	461	1
252	461	462	1
253	462	463	1
254	463	464	1
255	464	465	1
256	465	466	1
257	466	467	1
258	467	468	1
259	468	469	1
260	469	470	1
261	470	471	1
262	471	472	1
263	472	473	1
264	473	474	1
265	474	475	1
266	475	476	1
267	476	477	1
268	477	478	1
269	478	479	1
270	479	480	1
271	480	481	1
272	481	482	1
273	482	483	1
274	483	484	1
275	484	485	1
276	485	486	1
277	486	487	1
278	487	488	1
279	488	489	1
280	489	490	1
281	490	491	1
282	491	492	1
283	492	493	1
284	493	494	1
285	494	495	1
286	495	496	1
287	496	497	1
288	497	498	1
289	498	499	1
290	499	500	1
291	500	501	1
292	501	502	1
293	502	503	1
294	503	504	1
295	504	505	1
296	505	506	1
297	506	507	1
298	507	508	1
299	508	509	1
300	509	510	1
301	510	511	1
302	511	512	1
303	512	513	1
304	513	514	1
305	514	515	1
306	515	516	1
307	516	517	1
308	517	518	1
309	518	519	1
310	519	520	1
311	520	521	1
312	521	522	1
313	522	523	1
314	523	524	1
315	524	525	1
316	525	526	1
317	526	527	1
318	527	528	1
319	528	529	1
320	529	530	1
321	530	531	1
322	531	532	1
323	532	533	1
324	533	534	1
325	534	535	1
326	535	536	1
327	536	537	1
328	537	538	1
329	538	539	1
330	539	540	1
331	540	541	1
332	541	542	1
333	542	543	1
334	543	544	1
335	544	545	1
336	545	546	1
337	546	547	1
338	547	548	1
339	548	549	1
340	549	550	1
341	550	551	1
342	551	552	1
343	552	553	1
344	553	554	1
345	554	555	1
346	555	556	1
347	556	557	1
348	557	558	1
349	558	559	1
350	559	560	1
351	560	561	1
352	561	562	1
353	562	563	1
354	563	564	1
355	564	565	1
356	565	566	1
357	566	567	1
358	567	568	1
359	568	569	1
360	569	570	1
361	570	571	1
362	571	572	1
363	572	573	1
364	573	574	1
365	574	575	1
366	575	576	1
367	576	577	1
368	577	578	1
369	578	579	1
370	579	580	1
371	580	581	1
372	581	582	1
373	582	583	1
374	583	584	1
375	584	585	1
376	585	586	1
377	586	587	1
378	587	588	1
379	588	589	1
380	589	590	1
381	590	591	1
382	591	592	1
383	592	593	1
384	593	594	1
385	594	595	1
386	595	596	1
387	596	597	1
388	597	598	1
389	598	599	1
390	599	600	1
391	600	601	1
392	601	602	1
393	602	603	1
394	603	604	1
395	604	605	1
396	605	606	1
397	606	607	1
398	607	608	1
399	608	609	1
400	609	610	1
401	610	611	1
402	611	612	1
403	612	613	1
404	613	614	1
405	614	615	1
406	615	616	1
407	616	617	1
408	617	618	1
409	618	619	1
410	619	620	1
411	620	621	1
412	621	622	1
413	622	623	1
414	623	624	1
415	624	625	1
416	625	626	1
417	626	627	1
418	627	628	1
419	628	629	1
420	629	630	1
421	630	631	1
422	631	632	1
423	632	633	1
424	633	634	1
425	634	635	1
426	635	636	1
427	636	637	1
428	637	638	1
429	638	639	1
430	639	640	1
431	640	641	1
432	641	642	1
433	642	643	1
434	643	644	1
435	644	645	1
436	645	646	1
437	646	647	1
438	647	648	1
439	648	649	1
440	649	650	1
441	650	651	1
442	651	652	1
443	652	653	1
444	653	654	1
445	654	655	1
446	655	656	1
447	656	657	1
448	657	658	1
449	658	659	1
450	659	660	1
451	660	661	1
452	661	662	1
453	662	663	1
454	663	664	1
455	664	665	1
456	665	666	1
457	666	667	1
458	667	668	1
459	668	669	1
460	669	670	1
461	670	671	1
462	671	672	1
463	672	673	1
464	673	674	1
465	674	675	1
466	675	676	1
467	676	677	1
468	677	678	1
469	678	679	1
470	679	680	1
471	680	681	1
472	681	682	1
473	682	683	1
474	683	684	1
475	684	685	1
476	685	686	1
477	686	687	1
478	687	688	1
479	688	689	1
480	689	690	1
481	690	691	1
482	691	692	1
483	692	693	1
484	693	694	1
485	694	695	1
486	695	696	1
487	696	697	1
488	697	698	1
489	698	699	1
490	699	700	1
491	700	701	1
492	701	702	1
493	702	703	1
494	703	704	1
495	704	705	1
496	705	706	1
497	706	707	1
498	707	708	1
499	708	709	1
500	709	710	1
501	710	711	1
502	711	712	1
503	712	713	1
504	713	714	1
505	714	715	1
506	715	716	1
507	716	717	1
508	717	718	1
509	718	719	1
510	719	720	1
511	720	721	1
512	721	722	1
513	722	723	1
514	723	724	1
515	724	725	1
516	725	726	1
517	726	727	1
518	727	728	1
519	728	729	1
520	729	730	1
521	730	731	1
522	731	732	1
523	732	733	1
524	733	734	1
525	734	735	1
526	735	736	1
527	736	737	1
528	737	738	1
529	738	739	1
530	739	740	1
531	740	741	1
532	741	742	1
533	742	743	1
534	743	744	1
535	744	745	1
536	745	746	1
537	746	747	1
538	747	748	1
539	748	749	1
540	749	750	1
541	750	751	1
542	751	752	1
543	752	753	1
544	753	754	1
545	754	755	1
546	755	756	1
547	756	757	1
548	757	758	1
549	758	759	1
550	759	760	1
551	760	761	1
552	761	762	1
553	762	763	1
554	763	764	1
555	764	765	1
556	765	766	1
557	766	767	1
558	767	768	1
559	768	769	1
560	769	770	1
561	770	771	1
562	771	772	1
563	772	773	1
564	773	774	1
565	774	775	1
566	775	776	1
567	776	777	1
568	777	778	1
569	778	779	1
570	779	780	1
571	780	781	1
572	781	782	1
573	782	783	1
574	783	784	1
575	784	785	1
576	785	786	1
577	786	787	1
578	787	788	1
579	788	789	1
580	789	790	1
581	790	791	1
582	791	792	1
583	792	793	1
584	793	794	1
585	794	795	1
586	795	796	1
587	796	797	1
588	797	798	1
589	798	799	1
590	799	800	1
591	800	801	1
592	801	802	1
593	802	803	1
594	803	804	1
595	804	805	1
596	805	806	1
597	806	807	1
598	807	808	1
599	808	809	1
600	809	810	1
601	810	811	1
602	811	812	1
603	812	813	1
604	813	814	1
605	814	815	1
606	815	816	1
607	816	817	1
608	817	818	1
609	818	819	1
610	819	820	1
611	820	821	1
612	821	822	1
613	822	823	1
614	823	824	1
615	824	825	1
616	825	826	1
617	826	827	1
618	827	828	1
619	828	829	1
620	829	830	1
621	830	831	1
622	831	832	1
623	832	833	1
624	833	834	1
625	834	835	1
626	835	836	1
627	836	837	1
628	837	838	1
629	838	839	1
630	839	840	1
631	840	841	1
632	841	842	1
633	842	843	1
634	843	844	1
635	844	845	1
636	845	846	1
637	846	847	1
638	847	848	1
639	848	849	1
640	849	850	1
641	850	851	1
642	851	852	1
643	852	853	1
644	853	854	1
645	854	855	1
646	855	856	1
647	856	857	1
648	857	858	1
649	858	859	1
650	859	860	1
651	860	861	1
652	861	862	1
653	862	863	1
654	863	864	1
655	864	865	1
656	865	866	1
657	866	867	1
658	867	868	1
659	868	869	1
660	869	870	1
661	870	871	1
662	871	872	1
663	872	873	1
664	873	874	1
665	874	875	1
666	875	876	1
667	876	877	1
668	877	878	1
669	878	879	1
670	879	880	1
671	880	881	1
672	881	882	1
673	882	883	1
674	883	884	1
675	884	885	1
676	885	886	1
677	886	887	1
678	887	888	1
679	888	889	1
680	889	890	1
681	890	891	1
682	891	892	1
683	892	893	1
684	893	894	1
685	894	895	1
686	895	896	1
687	896	897	1
688	897	898	1
689	898	899	1
690	899	900	1
691	900	901	1
692	901	902	1
693	902	903	1
694	903	904	1
695	904	905	1
696	905	906	1
697	906	907	1
698	907	908	1
699	908	909	1
700	909	910	1
701	910	911	1
702	911	912	1
703	912	913	1
704	913	914	1
705	914	915	1
706	915	916	1
707	916	917	1
708	917	918	1
709	918	919	1
710	919	920	1
711	920	921	1
712	921	922	1
713	922	923	1
714	923	924	1
715	924	925	1
716	925	926	1
717	926	927	1
718	927	928	1
719	928	929	1
720	929	930	1
721	930	931	1
722	931	932	1
723	932	933	1
724	933	934	1
725	934	935	1
726	935	936	1
727	936	937	1
728	937	938	1
729	938	939	1
730	939	940	1
731	940	941	1
732	941	942	1
733	942	943	1
734	943	944	1
735	944	945	1
736	945	946	1
737	946	947	1
738	947	948	1
739	948	949	1
740	949	950	1
741	950	951	1
742	951	952	1
743	952	953	1
744	953	954	1
745	954	955	1
746	955	956	1
747	956	957	1
748	957	958	1
749	958	959	1
750	959	960	1
751	960	961	1
752	961	962	1
753	962	963	1
754	963	964	1
755	964	965	1
756	965	966	1
757	966	967	1
758	967	968	1
759	968	969	1
760	969	970	1
761	970	971	1
762	971	972	1
763	972	973	1
764	973	974	1
765	974	975	1
766	975	976	1
767	976	977	1
768	977	978	1
769	978	979	1
770	979	980	1
771	980	981	1
772	981	982	1
773	982	983	1
774	983	984	1
775	984	985	1
776	985	986	1
777	986	987	1
778	987	988	1
779	988	989	1
780	989	990	1
781	990	991	1
782	991	992	1
783	992	993	1
784	993	994	1
785	994	995	1
786	995	996	1
787	996	997	1
788	997	998	1
789	998	999	1
790	999	1000	1
791	1000	1001	1
792	1001	1002	1
793	1002	1003	1
794	1003	1004	1
795	1004	1005	1
796	1005	1006	1
797	1006	1007	1
798	1007	1008	1
799	1008	1009	1
800	1009	1010	1
801	1010	1011	1
802	1011	1012	1
803	1012	1013	1
804	1013	1014	1
805	1014	1015	1
806	1015	1016	1
807	1016	1017	1
808	1017	1018	1
809	1018	1019	1
810	1019	1020	1
811	1020	1021	1
812	1021	1022	1
813	1022	1023	1
814	1023	1024	1
815	1024	1025	1
816	1025	1026	1
817	1026	1027	1
818	1027	1028	1
819	1028	1029	1
820	1029	1030	1
821	1030	1031	1
822	1031	1032	1
823	1032	1033	1
824	1033	1034	1
825	1034	1035	1
826	1035	1036	1
827	1036	1037	1
828	1037	1038	1
829	1038	1039	1
830	1039	1040	1
831	1040	1041	1
832	1041	1042	1
833	1042	1043	1
834	1043	1044	1
835	1044	1045	1
836	1045	1046	1
837	1046	1047	1
838	1047	1048	1
839	1048	1049	1
840	1049	1050	1
841	1050	1051	1
842	1051	1052	1
843	1052	1053	1
844	1053	1054	1
845	1054	1055	1
846	1055	1056	1
847	1056	1057	1
848	1057	1058	1
849	1058	1059	1
850	1059	1060	1
851	1060	1061	1
852	1061	1062	1
853	1062	1063	1
854	1063	1064	1
855	1064	1065	1
856	1065	1066	1
857	1066	1067	1
858	1067	1068	1
859	1068	1069	1
860	1069	1070	1
861	1070	1071	1
862	1071	1072	1
863	1072	1073	1
864	1073	1074	1
865	1074	1075	1
866	1075	1076	1
867	1076	1077	1
868	1077	1078	1
869	1078	1079	1
870	1079	1080	1
871	1080	1081	1
872	1081	1082	1
873	1082	1083	1
874	1083	1084	1
875	1084	1085	1
876	1085	1086	1
877	1086	1087	1
878	1087	1088	1
879	1088	1089	1
880	1089	1090	1
881	1090	1091	1
882	1091	1092	1
883	1092	1093	1
884	1093	1094	1
885	1094	1095	1
886	1095	1096	1
887	1096	1097	1
888	1097	1098	1
889	1098	1099	1
890	1099	1100	1
891	1100	1101	1
892	1101	1102	1
893	1102	1103	1
894	1103	1104	1
895	1104	1105	1
896	1105	1106	1
897	1106	1107	1
898	1107	1108	1
899	1108	1109	1
900	1109	1110	1
901	1110	1111	1
902	1111	1112	1
903	1112	1113	1
904	1113	1114	1
905	1114	1115	1
906	1115	1116	1
907	1116	1117	1
908	1117	1118	1
909	1118	1119	1
910	1119	1120	1
911	1120	1121	1
912	1121	1122	1
913	1122	1123	1
914	1123	1124	1
915	1124	1125	1
916	1125	1126	1
917	1126	1127	1
918	1127	1128	1
919	1128	1129	1
920	1129	1130	1
921	1130	1131	1
922	1131	1132	1
923	1132	1133	1
924	1133	1134	1
925	1134	1135	1
926	1135	1136	1
927	1136	1137	1
928	1137	1138	1
929	1138	1139	1
930	1139	1140	1
931	1140	1141	1
932	1141	1142	1
933	1142	1143	1
934	1143	1144	1
935	1144	1145	1
936	1145	1146	1
937	1146	1147	1
938	1147	1148	1
939	1148	1149	1
940	1149	1150	1
941	1150	1151	1
942	1151	1152	1
943	1152	1153	1
944	1153	1154	1
945	1154	1155	1
946	1155	1156	1
947	1156	1157	1
948	1157	1158	1
949	1158	1159	1
950	1159	1160	1
951	1160	1161	1
952	1161	1162	1
953	1162	1163	1
954	1163	1164	1
955	1164	1165	1
956	1165	1166	1
957	1166	1167	1
958	1167	1168	1
959	1168	1169	1
960	1169	1170	1
961	1170	1171	1
962	1171	1172	1
963	1172	1173	1
964	1173	1174	1
965	1174	1175	1
966	1175	1176	1
967	1176	1177	1
968	1177	1178	1
969	1178	1179	1
970	1179	1180	1
971	1180	1181	1
972	1181	1182	1
973	1182	1183	1
974	1183	1184	1
975	1184	1185	1
976	1185	1186	1
977	1186	1187	1
978	1187	1188	1
979	1188	1189	1
980	1189	1190	1
981	1190	1191	1
982	1191	1192	1
983	1192	1193	1
984	1193	1194	1
985	1194	1195	1
986	1195	1196	1
987	1196	1197	1
988	1197	1198	1
989	1198	1199	1
990	1199	1200	1
991	1200	1201	1
992	1201	1202	1
993	1202	1203	1
994	1203	1204	1
995	1204	1205	1
996	1205	1206	1
997	1206	1207	1
998	1207	1208	1
999	1208	1209	1
1000	1209	1210	1
1001	1210	1211	1
1002	1211	1212	1
1003	1212	1213	1
1004	1213	1214	1
1005	1214	1215	1
1006	1215	1216	1
1007	1216	1217	1
1008	1217	1218	1
1009	1218	1219	1
1010	1219	1220	1
1011	1220	1221	1
1012	1221	1222	1
1013	1222	1223	1
1014	1223	1224	1
1015	1224	1225	1
1016	1225	1226	1
1017	1226	1227	1
1018	1227	1228	1
1019	1228	1229	1
1020	1229	1230	1
1021	1230	1231	1
1022	1231	1232	1
1023	1232	1233	1
1024	1233	1234	1
1025	1234	1235	1
1026	1235	1236	1
1027	1236	1237	1
1028	1237	1238	1
1029	1238	1239	1
1030	1239	1240	1
1031	1240	1241	1
1032	1241	1242	1
1033	1242	1243	1
1034	1243	1244	1
1035	1244	1245	1
1036	1245	1246	1
1037	1246	1247	1
1038	1247	1248	1
1039	1248	1249	1
1040	1249	1250	1
1041	1250	1251	1
1042	1251	1252	1
1043	1252	1253	1
1044	1253	1254	1
1045	1254	1255	1
1046	1255	1256	1
1047	1256	1257	1
1048	1257	1258	1
1049	1258	1259	1
1050	1259	1260	1
1051	1260	1261	1
1052	1261	1262	1
1053	1262	1263	1
1054	1263	1264	1
1055	1264	1265	1
1056	1265	1266	1
1057	1266	1267	1
1058	1267	1268	1
1059	1268	1269	1
1060	1269	1270	1
1061	1270	1271	1
1062	1271	1272	1
1063	1272	1273	1
1064	1273	1274	1
1065	1274	1275	1
1066	1275	1276	1
1067	1276	1277	1
1068	1277	1278	1
1069	1278	1279	1
1070	1279	1280	1
1071	1280	1281	1
1072	1281	1282	1
1073	1282	1283	1
1074	1283	1284	1
1075	1284	1285	1
1076	1285	1286	1
1077	1286	1287	1
1078	1287	1288	1
1079	1288	1289	1
1080	1289	1290	1
1081	1290	1291	1
1082	1291	1292	1
1083	1292	1293	1
1084	1293	1294	1
1085	1294	1295	1
1086	1295	1296	1
1087	1296	1297	1
1088	1297	1298	1
1089	1298	1299	1
1090	1299	1300	1
1091	1300	1301	1
1092	1301	1302	1
1093	1302	1303	1
1094	1303	1304	1
1095	1304	1305	1
1096	1305	1306	1
1097	1306	1307	1
1098	1307	1308	1
1099	1308	1309	1
1100	1309	1310	1
1101	1310	1311	1
1102	1311	1312	1
1103	1312	1313	1
1104	1313	1314	1
1105	1314	1315	1
1106	1315	1316	1
1107	1316	1317	1
1108	1317	1318	1
1109	1318	1319	1
1110	1319	1320	1
1111	1320	1321	1
1112	1321	1322	1
1113	1322	1323	1
1114	1323	1324	1
1115	1324	1325	1
1116	1325	1326	1
1117	1326	1327	1
1118	1327	1328	1
1119	1328	1329	1
1120	1329	1330	1
1121	1330	1331	1
1122	1331	1332	1
1123	1332	1333	1
1124	1333	1334	1
1125	1334	1335	1
1126	1335	1336	1
1127	1336	1337	1
1128	1337	1338	1
1129	1338	1339	1
1130	1339	1340	1
1131	1340	1341	1
1132	1341	1342	1
1133	1342	1343	1
1134	1343	1344	1
1135	1344	1346	2
1136	1346	1348	2
1137	1348	1350	2
1138	1350	1352	2
1139	1352	1354	2
1140	1354	1356	2
1141	1356	1358	2
1142	1358	1360	2
1143	1360	1362	2
1144	1362	1364	2
1145	1364	1366	2
1146	1366	1368	2
1147	1368	1370	2
1148	1370	1372	2
1149	1372	1374	2
1150	1374	1376	2
1151	1376	1378	2
1152	1378	1380	2
1153	1380	1382	2
1154	1382	1384	2
1155	1384	1386	2
1156	1386	1388	2
1157	1388	1390	2
1158	1390	1392	2
1159	1392	1394	2
1160	1394	1396	2
1161	1396	1398	2
1162	1398	1400	2
1163	1400	1402	2
1164	1402	1404	2
1165	1404	1406	2
1166	1406	1408	2
1167	1408	1410	2
1168	1410	1412	2
1169	1412	1414	2
1170	1414	1416	2
1171	1416	1418	2
1172	1418	1420	2
1173	1420	1422	2
1174	1422	1424	2
1175	1424	1426	2
1176	1426	1428	2
1177	1428	1430	2
1178	1430	1432	2
1179	1432	1434	2
1180	1434	1436	2
1181	1436	1438	2
1182	1438	1440	2
1183	1440	1442	2
1184	1442	1444	2
1185	1444	1446	2
1186	1446	1448	2
1187	1448	1450	2
1188	1450	1452	2
1189	1452	1454	2
1190	1454	1456	2
1191	1456	1458	2
1192	1458	1460	2
1193	1460	1462	2
1194	1462	1464	2
1195	1464	1466	2
1196	1466	1468	2
1197	1468	1470	2
1198	1470	1472	2
1199	1472	1474	2
1200	1474	1476	2
1201	1476	1478	2
1202	1478	1480	2
1203	1480	1482	2
1204	1482	1484	2
1205	1484	1486	2
1206	1486	1488	2
1207	1488	1490	2
1208	1490	1492	2
1209	1492	1494	2
1210	1494	1496	2
1211	1496	1498	2
1212	1498	1500	2
1213	1500	1502	2
1214	1502	1504	2
1215	1504	1506	2
1216	1506	1508	2
1217	1508	1510	2
1218	1510	1512	2
1219	1512	1514	2
1220	1514	1516	2
1221	1516	1518	2
1222	1518	1520	2
1223	1520	1522	2
1224	1522	1524	2
1225	1524	1526	2
1226	1526	1528	2
1227	1528	1530	2
1228	1530	1532	2
1229	1532	1534	2
1230	1534	1536	2
1231	1536	1538	2
1232	1538	1540	2
1233	1540	1542	2
1234	1542	1544	2
1235	1544	1546	2
1236	1546	1548	2
1237	1548	1550	2
1238	1550	1552	2
1239	1552	1554	2
1240	1554	1556	2
1241	1556	1558	2
1242	1558	1560	2
1243	1560	1562	2
1244	1562	1564	2
1245	1564	1566	2
1246	1566	1568	2
1247	1568	1570	2
1248	1570	1572	2
1249	1572	1574	2
1250	1574	1576	2
1251	1576	1578	2
1252	1578	1580	2
1253	1580	1582	2
1254	1582	1584	2
1255	1584	1586	2
1256	1586	1588	2
1257	1588	1590	2
1258	1590	1592	2
1259	1592	1594	2
1260	1594	1596	2
1261	1596	1598	2
1262	1598	1600	2
1263	1600	1602	2
1264	1602	1604	2
1265	1604	1606	2
1266	1606	1608	2
1267	1608	1610	2
1268	1610	1612	2
1269	1612	1614	2
1270	1614	1616	2
1271	1616	1618	2
1272	1618	1620	2
1273	1620	1622	2
1274	1622	1624	2
1275	1624	1626	2
1276	1626	1628	2
1277	1628	1630	2
1278	1630	1632	2
1279	1632	1634	2
1280	1634	1636	2
1281	1636	1638	2
1282	1638	1640	2
1283	1640	1642	2
1284	1642	1644	2
1285	1644	1646	2
1286	1646	1648	2
1287	1648	1650	2
1288	1650	1652	2
1289	1652	1654	2
1290	1654	1656	2
1291	1656	1658	2
1292	1658	1660	2
1293	1660	1662	2
1294	1662	1664	2
1295	1664	1666	2
1296	1666	1668	2
1297	1668	1670	2
1298	1670	1672	2
1299	1672	1674	2
1300	1674	1676	2
1301	1676	1678	2
1302	1678	1680	2
1303	1680	1682	2
1304	1682	1684	2
1305	1684	1686	2
1306	1686	1688	2
1307	1688	1690	2
1308	1690	1692	2
1309	1692	1694	2
1310	1694	1696	2
1311	1696	1698	2
1312	1698	1700	2
1313	1700	1702	2
1314	1702	1704	2
1315	1704	1706	2
1316	1706	1708	2
1317	1708	1710	2
1318	1710	1712	2
1319	1712	1714	2
1320	1714	1716	2
1321	1716	1718	2
1322	1718	1720	2
1323	1720	1722	2
1324	1722	1724	2
1325	1724	1726	2
1326	1726	1728	2
1327	1728	1730	2
1328	1730	1732	2
1329	1732	1734	2
1330	1734	1736	2
1331	1736	1738	2
1332	1738	1740	2
1333	1740	1742	2
1334	1742	1744	2
1335	1744	1746	2
1336	1746	1748	2
1337	1748	1750	2
1338	1750	1752	2
1339	1752	1754	2
1340	1754	1756	2
1341	1756	1758	2
1342	1758	1760	2
1343	1760	1762	2
1344	1762	1764	2
1345	1764	1766	2
1346	1766	1768	2
1347	1768	1770	2
1348	1770	1772	2
1349	1772	1774	2
1350	1774	1776	2
1351	1776	1778	2
1352	1778	1780	2
1353	1780	1782	2
1354	1782	1784	2
1355	1784	1786	2
1356	1786	1788	2
1357	1788	1790	2
1358	1790	1792	2
1359	1792	1794	2
1360	1794	1796	2
1361	1796	1798	2
1362	1798	1800	2
1363	1800	1802	2
1364	1802	1804	2
1365	1804	1806	2
1366	1806	1808	2
1367	1808	1810	2
1368	1810	1812	2
1369	1812	1814	2
1370	1814	1816	2
1371	1816	1818	2
1372	1818	1820	2
1373	1820	1822	2
1374	1822	1824	2
1375	1824	1826	2
1376	1826	1828	2
1377	1828	1830	2
1378	1830	1832	2
1379	1832	1834	2
1380	1834	1836	2
1381	1836	1838	2
1382	1838	1840	2
1383	1840	1842	2
1384	1842	1844	2
1385	1844	1846	2
1386	1846	1848	2
1387	1848	1850	2
1388	1850	1852	2
1389	1852	1854	2
1390	1854	1856	2
1391	1856	1858	2
1392	1858	1860	2
1393	1860	1862	2
1394	1862	1864	2
1395	1864	1866	2
1396	1866	1868	2
1397	1868	1870	2
1398	1870	1872	2
1399	1872	1874	2
1400	1874	1876	2
1401	1876	1878	2
1402	1878	1880	2
1403	1880	1882	2
1404	1882	1884	2
1405	1884	1886	2
1406	1886	1888	2
1407	1888	1890	2
1408	1890	1892	2
1409	1892	1894	2
1410	1894	1896	2
1411	1896	1898	2
1412	1898	1900	2
1413	1900	1902	2
1414	1902	1904	2
1415	1904	1906	2
1416	1906	1908	2
1417	1908	1910	2
1418	1910	1912	2
1419	1912	1914	2
1420	1914	1916	2
1421	1916	1918	2
1422	1918	1920	2
1423	1920	1922	2
1424	1922	1924	2
1425	1924	1926	2
1426	1926	1928	2
1427	1928	1930	2
1428	1930	1932	2
1429	1932	1934	2
1430	1934	1936	2
1431	1936	1938	2
1432	1938	1940	2
1433	1940	1942	2
1434	1942	1944	2
1435	1944	1946	2
1436	1946	1948	2
1437	1948	1950	2
1438	1950	1952	2
1439	1952	1954	2
1440	1954	1956	2
1441	1956	1958	2
1442	1958	1960	2
1443	1960	1962	2
1444	1962	1964	2
1445	1964	1966	2
1446	1966	1968	2
1447	1968	1970	2
1448	1970	1972	2
1449	1972	1974	2
1450	1974	1976	2
1451	1976	1978	2
1452	1978	1980	2
1453	1980	1982	2
1454	1982	1984	2
1455	1984	1986	2
1456	1986	1988	2
1457	1988	1990	2
1458	1990	1992	2
1459	1992	1994	2
1460	1994	1996	2
1461	1996	1998	2
1462	1998	2000	2
1463	2000	2002	2
1464	2002	2004	2
1465	2004	2006	2
1466	2006	2008	2
1467	2008	2010	2
1468	2010	2012	2
1469	2012	2014	2
1470	2014	2016	2
1471	2016	2018	2
1472	2018	2020	2
1473	2020	2022	2
1474	2022	2024	2
1475	2024	2026	2
1476	2026	2028	2
1477	2028	2030	2
1478	2030	2032	2
1479	2032	2034	2
1480	2034	2036	2
1481	2036	2038	2
1482	2038	2040	2
1483	2040	2042	2
1484	2042	2044	2
1485	2044	2046	2
1486	2046	2048	2
1487	2048	2050	2
1488	2050	2052	2
1489	2052	2054	2
1490	2054	2056	2
1491	2056	2058	2
1492	2058	2060	2
1493	2060	2062	2
1494	2062	2064	2
1495	2064	2066	2
1496	2066	2068	2
1497	2068	2070	2
1498	2070	2072	2
1499	2072	2074	2
1500	2074	2076	2
1501	2076	2078	2
1502	2078	2080	2
1503	2080	2082	2
1504	2082	2084	2
1505	2084	2086	2
1506	2086	2088	2
1507	2088	2090	2
1508	2090	2092	2
1509	2092	2094	2
1510	2094	2096	2
1511	2096	2098	2
1512	2098	2100	2
1513	2100	2102	2
1514	2102	2104	2
1515	2104	2106	2
1516	2106	2108	2
1517	2108	2110	2
1518	2110	2112	2
1519	2112	2114	2
1520	2114	2116	2
1521	2116	2118	2
1522	2118	2120	2
1523	2120	2122	2
1524	2122	2124	2
1525	2124	2126	2
1526	2126	2128	2
1527	2128	2130	2
1528	2130	2132	2
1529	2132	2134	2
1530	2134	2136	2
1531	2136	2138	2
1532	2138	2140	2
1533	2140	2142	2
1534	2142	2144	2
1535	2144	2146	2
1536	2146	2148	2
1537	2148	2150	2
1538	2150	2152	2
1539	2152	2154	2
1540	2154	2156	2
1541	2156	2158	2
1542	2158	2160	2
1543	2160	2162	2
1544	2162	2164	2
1545	2164	2166	2
1546	2166	2168	2
1547	2168	2170	2
1548	2170	2172	2
1549	2172	2174	2
1550	2174	2176	2
1551	2176	2178	2
1552	2178	2180	2
1553	2180	2182	2
1554	2182	2184	2
1555	2184	2186	2
1556	2186	2188	2
1557	2188	2190	2
1558	2190	2192	2
1559	2192	2194	2
1560	2194	2196	2
1561	2196	2198	2
1562	2198	2200	2
1563	2200	2202	2
1564	2202	2204	2
1565	2204	2206	2
1566	2206	2208	2
1567	2208	2210	2
1568	2210	2212	2
1569	2212	2214	2
1570	2214	2216	2
1571	2216	2218	2
1572	2218	2220	2
1573	2220	2222	2
1574	2222	2224	2
1575	2224	2226	2
1576	2226	2228	2
1577	2228	2230	2
1578	2230	2232	2
1579	2232	2234	2
1580	2234	2236	2
1581	2236	2238	2
1582	2238	2240	2
1583	2240	2242	2
1584	2242	2244	2
1585	2244	2246	2
1586	2246	2248	2
1587	2248	2250	2
1588	2250	2252	2
1589	2252	2254	2
1590	2254	2256	2
1591	2256	2258	2
1592	2258	2260	2
1593	2260	2262	2
1594	2262	2264	2
1595	2264	2266	2
1596	2266	2268	2
1597	2268	2270	2
1598	2270	2272	2
1599	2272	2274	2
1600	2274	2276	2
1601	2276	2278	2
1602	2278	2280	2
1603	2280	2282	2
1604	2282	2284	2
1605	2284	2286	2
1606	2286	2288	2
1607	2288	2290	2
1608	2290	2292	2
1609	2292	2294	2
1610	2294	2296	2
1611	2296	2298	2
1612	2298	2300	2
1613	2300	2302	2
1614	2302	2304	2
1615	2304	2306	2
1616	2306	2308	2
1617	2308	2310	2
1618	2310	2312	2
1619	2312	2314	2
1620	2314	2316	2
1621	2316	2318	2
1622	2318	2320	2
1623	2320	2322	2
1624	2322	2324	2
1625	2324	2326	2
1626	2326	2328	2
1627	2328	2330	2
1628	2330	2332	2
1629	2332	2334	2
1630	2334	2336	2
1631	2336	2338	2
1632	2338	2340	2
1633	2340	2342	2
1634	2342	2344	2
1635	2344	2346	2
1636	2346	2348	2
1637	2348	2350	2
1638	2350	2352	2
1639	2352	2354	2
1640	2354	2356	2
1641	2356	2358	2
1642	2358	2360	2
1643	2360	2362	2
1644	2362	2364	2
1645	2364	2366	2
1646	2366	2368	2
1647	2368	2370	2
1648	2370	2372	2
1649	2372	2374	2
1650	2374	2376	2
1651	2376	2378	2
1652	2378	2380	2
1653	2380	2382	2
1654	2382	2384	2
1655	2384	2386	2
1656	2386	2388	2
1657	2388	2390	2
1658	2390	2392	2
1659	2392	2394	2
1660	2394	2396	2
1661	2396	2398	2
1662	2398	2400	2
1663	2400	2403	3
1664	2403	2406	3
1665	2406	2409	3
1666	2409	2412	3
1667	2412	2415	3
1668	2415	2418	3
1669	2418	2421	3
1670	2421	2424	3
1671	2424	2427	3
1672	2427	2430	3
1673	2430	2433	3
1674	2433	2436	3
1675	2436	2439	3
1676	2439	2442	3
1677	2442	2445	3
1678	2445	2448	3
1679	2448	2451	3
1680	2451	2454	3
1681	2454	2457	3
1682	2457	2460	3
1683	2460	2463	3
1684	2463	2466	3
1685	2466	2469	3
1686	2469	2472	3
1687	2472	2475	3
1688	2475	2478	3
1689	2478	2481	3
1690	2481	2484	3
1691	2484	2487	3
1692	2487	2490	3
1693	2490	2493	3
1694	2493	2496	3
1695	2496	2499	3
1696	2499	2502	3
1697	2502	2505	3
1698	2505	2508	3
1699	2508	2511	3
1700	2511	2514	3
1701	2514	2517	3
1702	2517	2520	3
1703	2520	2523	3
1704	2523	2526	3
1705	2526	2529	3
1706	2529	2532	3
1707	2532	2535	3
1708	2535	2538	3
1709	2538	2541	3
1710	2541	2544	3
1711	2544	2547	3
1712	2547	2550	3
1713	2550	2553	3
1714	2553	2556	3
1715	2556	2559	3
1716	2559	2562	3
1717	2562	2565	3
1718	2565	2568	3
1719	2568	2571	3
1720	2571	2574	3
1721	2574	2577	3
1722	2577	2580	3
1723	2580	2583	3
1724	2583	2586	3
1725	2586	2589	3
1726	2589	2592	3
1727	2592	2595	3
1728	2595	2598	3
1729	2598	2601	3
1730	2601	2604	3
1731	2604	2607	3
1732	2607	2610	3
1733	2610	2613	3
1734	2613	2616	3
1735	2616	2619	3
1736	2619	2622	3
1737	2622	2625	3
1738	2625	2628	3
1739	2628	2631	3
1740	2631	2634	3
1741	2634	2637	3
1742	2637	2640	3
1743	2640	2643	3
1744	2643	2646	3
1745	2646	2649	3
1746	2649	2652	3
1747	2652	2655	3
1748	2655	2658	3
1749	2658	2661	3
1750	2661	2664	3
1751	2664	2667	3
1752	2667	2670	3
1753	2670	2673	3
1754	2673	2676	3
1755	2676	2679	3
1756	2679	2682	3
1757	2682	2685	3
1758	2685	2688	3
1759	2688	2691	3
1760	2691	2694	3
1761	2694	2697	3
1762	2697	2700	3
1763	2700	2703	3
1764	2703	2706	3
1765	2706	2709	3
1766	2709	2712	3
1767	2712	2715	3
1768	2715	2718	3
1769	2718	2721	3
1770	2721	2724	3
1771	2724	2727	3
1772	2727	2730	3
1773	2730	2733	3
1774	2733	2736	3
1775	2736	2739	3
1776	2739	2742	3
1777	2742	2745	3
1778	2745	2748	3
1779	2748	2751	3
1780	2751	2754	3
1781	2754	2757	3
1782	2757	2760	3
1783	2760	2763	3
1784	2763	2766	3
1785	2766	2769	3
1786	2769	2772	3
1787	2772	2775	3
1788	2775	2778	3
1789	2778	2781	3
1790	2781	2784	3
1791	2784	2787	3
1792	2787	2790	3
1793	2790	2793	3
1794	2793	2796	3
1795	2796	2799	3
1796	2799	2802	3
1797	2802	2805	3
1798	2805	2808	3
1799	2808	2811	3
1800	2811	2814	3
1801	2814	2817	3
1802	2817	2820	3
1803	2820	2823	3
1804	2823	2826	3
1805	2826	2829	3
1806	2829	2832	3
1807	2832	2835	3
1808	2835	2838	3
1809	2838	2841	3
1810	2841	2844	3
1811	2844	2847	3
1812	2847	2850	3
1813	2850	2853	3
1814	2853	2856	3
1815	2856	2859	3
1816	2859	2862	3
1817	2862	2865	3
1818	2865	2868	3
1819	2868	2871	3
1820	2871	2874	3
1821	2874	2877	3
1822	2877	2880	3
1823	2880	2883	3
1824	2883	2886	3
1825	2886	2889	3
1826	2889	2892	3
1827	2892	2895	3
1828	2895	2898	3
1829	2898	2901	3
1830	2901	2904	3
1831	2904	2907	3
1832	2907	2910	3
1833	2910	2913	3
1834	2913	2916	3
1835	2916	2919	3
1836	2919	2922	3
1837	2922	2925	3
1838	2925	2928	3
1839	2928	2931	3
1840	2931	2934	3
1841	2934	2937	3
1842	2937	2940	3
1843	2940	2943	3
1844	2943	2946	3
1845	2946	2949	3
1846	2949	2952	3
1847	2952	2955	3
1848	2955	2958	3
1849	2958	2961	3
1850	2961	2964	3
1851	2964	2967	3
1852	2967	2970	3
1853	2970	2973	3
1854	2973	2976	3
1855	2976	2979	3
1856	2979	2982	3
1857	2982	2985	3
1858	2985	2988	3
1859	2988	2991	3
1860	2991	2994	3
1861	2994	2997	3
1862	2997	3000	3
1863	3000	3003	3
1864	3003	3006	3
1865	3006	3009	3
1866	3009	3012	3
1867	3012	3015	3
1868	3015	3018	3
1869	3018	3021	3
1870	3021	3024	3
1871	3024	3027	3
1872	3027	3030	3
1873	3030	3033	3
1874	3033	3036	3
1875	3036	3039	3
1876	3039	3042	3
1877	3042	3045	3
1878	3045	3048	3
1879	3048	3051	3
1880	3051	3054	3
1881	3054	3057	3
1882	3057	3060	3
1883	3060	3063	3
1884	3063	3066	3
1885	3066	3069	3
1886	3069	3072	3
1887	3072	3075	3
1888	3075	3078	3
1889	3078	3081	3
1890	3081	3084	3
1891	3084	3087	3
1892	3087	3090	3
1893	3090	3093	3
1894	3093	3096	3
1895	3096	3099	3
1896	3099	3102	3
1897	3102	3105	3
1898	3105	3108	3
1899	3108	3111	3
1900	3111	3114	3
1901	3114	3118	4
1902	3118	3122	4
1903	3122	3126	4
1904	3126	3130	4
1905	3130	3134	4
1906	3134	3138	4
1907	3138	3142	4
1908	3142	3146	4
1909	3146	3150	4
1910	3150	3154	4
1911	3154	3158	4
1912	3158	3162	4
1913	3162	3166	4
1914	3166	3170	4
1915	3170	3174	4
1916	3174	3178	4
1917	3178	3182	4
1918	3182	3186	4
1919	3186	3190	4
1920	3190	3194	4
1921	3194	3198	4
1922	3198	3202	4
1923	3202	3206	4
1924	3206	3210	4
1925	3210	3214	4
1926	3214	3218	4
1927	3218	3222	4
1928	3222	3226	4
1929	3226	3230	4
1930	3230	3234	4
1931	3234	3238	4
1932	3238	3242	4
1933	3242	3246	4
1934	3246	3250	4
1935	3250	3254	4
1936	3254	3258	4
1937	3258	3262	4
1938	3262	3266	4
1939	3266	3270	4
1940	3270	3274	4
1941	3274	3278	4
1942	3278	3282	4
1943	3282	3286	4
1944	3286	3290	4
1945	3290	3294	4
1946	3294	3298	4
1947	3298	3302	4
1948	3302	3306	4
1949	3306	3310	4
1950	3310	3314	4
1951	3314	3318	4
1952	3318	3322	4
1953	3322	3326	4
1954	3326	3330	4
1955	3330	3334	4
1956	3334	3338	4
1957	3338	3342	4
1958	3342	3346	4
1959	3346	3350	4
1960	3350	3354	4
1961	3354	3358	4
1962	3358	3362	4
1963	3362	3366	4
1964	3366	3370	4
1965	3370	3374	4
1966	3374	3378	4
1967	3378	3382	4
1968	3382	3386	4
1969	3386	3390	4
1970	3390	3394	4
1971	3394	3398	4
1972	3398	3402	4
1973	3402	3406	4
1974	3406	3410	4
1975	3410	3414	4
1976	3414	3418	4
1977	3418	3422	4
1978	3422	3426	4
1979	3426	3430	4
1980	3430	3434	4
1981	3434	3438	4
1982	3438	3442	4
1983	3442	3446	4
1984	3446	3450	4
1985	3450	3454	4
1986	3454	3458	4
1987	3458	3462	4
1988	3462	3466	4
1989	3466	3470	4
1990	3470	3474	4
1991	3474	3478	4
1992	3478	3482	4
1993	3482	3486	4
1994	3486	3490	4
1995	3490	3494	4
1996	3494	3498	4
1997	3498	3502	4
1998	3502	3506	4
1999	3506	3510	4
2000	3510	3514	4
2001	3514	3518	4
2002	3518	3522	4
2003	3522	3526	4
2004	3526	3530	4
2005	3530	3534	4
2006	3534	3538	4
2007	3538	3542	4
2008	3542	3546	4
2009	3546	3550	4
2010	3550	3554	4
2011	3554	3558	4
2012	3558	3562	4
2013	3562	3566	4
2014	3566	3570	4
2015	3570	3574	4
2016	3574	3578	4
2017	3578	3582	4
2018	3582	3586	4
2019	3586	3590	4
2020	3590	3594	4
2021	3594	3598	4
2022	3598	3602	4
2023	3602	3606	4
2024	3606	3610	4
2025	3610	3614	4
2026	3614	3618	4
2027	3618	3622	4
2028	3622	3626	4
2029	3626	3630	4
2030	3630	3634	4
2031	3634	3638	4
2032	3638	3642	4
2033	3642	3646	4
2034	3646	3650	4
2035	3650	3654	4
2036	3654	3658	4
2037	3658	3662	4
2038	3662	3666	4
2039	3666	3670	4
2040	3670	3674	4
2041	3674	3678	4
2042	3678	3682	4
2043	3682	3686	4
2044	3686	3690	4
2045	3690	3694	4
2046	3694	3698	4
2047	3698	3702	4
2048	3702	3706	4
2049	3706	3710	4
2050	3710	3714	4
2051	3714	3718	4
2052	3718	3722	4
2053	3722	3726	4
2054	3726	3731	5
2055	3731	3736	5
2056	3736	3741	5
2057	3741	3746	5
2058	3746	3751	5
2059	3751	3756	5
2060	3756	3761	5
2061	3761	3766	5
2062	3766	3771	5
2063	3771	3776	5
2064	3776	3781	5
2065	3781	3786	5
2066	3786	3791	5
2067	3791	3796	5
2068	3796	3801	5
2069	3801	3806	5
2070	3806	3811	5
2071	3811	3816	5
2072	3816	3821	5
2073	3821	3826	5
2074	3826	3831	5
2075	3831	3836	5
2076	3836	3841	5
2077	3841	3846	5
2078	3846	3851	5
2079	3851	3856	5
2080	3856	3861	5
2081	3861	3866	5
2082	3866	3871	5
2083	3871	3876	5
2084	3876	3881	5
2085	3881	3886	5
2086	3886	3891	5
2087	3891	3896	5
2088	3896	3901	5
2089	3901	3906	5
2090	3906	3911	5
2091	3911	3916	5
2092	3916	3921	5
2093	3921	3926	5
2094	3926	3931	5
2095	3931	3936	5
2096	3936	3941	5
2097	3941	3946	5
2098	3946	3951	5
2099	3951	3956	5
2100	3956	3961	5
2101	3961	3966	5
2102	3966	3971	5
2103	3971	3976	5
2104	3976	3981	5
2105	3981	3986	5
2106	3986	3991	5
2107	3991	3996	5
2108	3996	4001	5
2109	4001	4006	5
2110	4006	4011	5
2111	4011	4016	5
2112	4016	4021	5
2113	4021	4026	5
2114	4026	4031	5
2115	4031	4036	5
2116	4036	4041	5
2117	4041	4046	5
2118	4046	4051	5
2119	4051	4056	5
2120	4056	4061	5
2121	4061	4066	5
2122	4066	4071	5
2123	4071	4076	5
2124	4076	4081	5
2125	4081	4086	5
2126	4086	4091	5
2127	4091	4096	5
2128	4096	4101	5
2129	4101	4106	5
2130	4106	4111	5
2131	4111	4116	5
2132	4116	4121	5
2133	4121	4126	5
2134	4126	4131	5
2135	4131	4136	5
2136	4136	4141	5
2137	4141	4146	5
2138	4146	4151	5
2139	4151	4156	5
2140	4156	4161	5
2141	4161	4166	5
2142	4166	4171	5
2143	4171	4176	5
2144	4176	4181	5
2145	4181	4186	5
2146	4186	4191	5
2147	4191	4196	5
2148	4196	4201	5
2149	4201	4206	5
2150	4206	4211	5
2151	4211	4216	5
2152	4216	4222	6
2153	4222	4228	6
2154	4228	4234	6
2155	4234	4240	6
2156	4240	4246	6
2157	4246	4252	6
2158	4252	4258	6
2159	4258	4264	6
2160	4264	4270	6
2161	4270	4276	6
2162	4276	4282	6
2163	4282	4288	6
2164	4288	4294	6
2165	4294	4300	6
2166	4300	4306	6
2167	4306	4312	6
2168	4312	4318	6
2169	4318	4324	6
2170	4324	4330	6
2171	4330	4336	6
2172	4336	4342	6
2173	4342	4348	6
2174	4348	4354	6
2175	4354	4360	6
2176	4360	4366	6
2177	4366	4372	6
2178	4372	4378	6
2179	4378	4384	6
2180	4384	4390	6
2181	4390	4396	6
2182	4396	4402	6
2183	4402	4408	6
2184	4408	4414	6
2185	4414	4420	6
2186	4420	4426	6
2187	4426	4432	6
2188	4432	4438	6
2189	4438	4444	6
2190	4444	4450	6
2191	4450	4456	6
2192	4456	4462	6
2193	4462	4468	6
2194	4468	4474	6
2195	4474	4480	6
2196	4480	4486	6
2197	4486	4492	6
2198	4492	4498	6
2199	4498	4504	6
2200	4504	4510	6
2201	4510	4516	6
2202	4516	4522	6
2203	4522	4528	6
2204	4528	4534	6
2205	4534	4540	6
2206	4540	4546	6
2207	4546	4552	6
2208	4552	4558	6
2209	4558	4564	6
2210	4564	4570	6
2211	4570	4576	6
2212	4576	4582	6
2213	4582	4588	6
2214	4588	4594	6
2215	4594	4600	6
2216	4600	4606	6
2217	4606	4612	6
2218	4612	4618	6
2219	4618	4624	6
2220	4624	4630	6
2221	4630	4636	6
2222	4636	4642	6
2223	4642	4648	6
2224	4648	4654	6
2225	4654	4660	6
2226	4660	4666	6
2227	4666	4673	7
2228	4673	4680	7
2229	4680	4687	7
2230	4687	4694	7
2231	4694	4701	7
2232	4701	4708	7
2233	4708	4715	7
2234	4715	4722	7
2235	4722	4729	7
2236	4729	4736	7
2237	4736	4743	7
2238	4743	4750	7
2239	4750	4757	7
2240	4757	4764	7
2241	4764	4771	7
2242	4771	4778	7
2243	4778	4785	7
2244	4785	4792	7
2245	4792	4799	7
2246	4799	4806	7
2247	4806	4813	7
2248	4813	4820	7
2249	4820	4827	7
2250	4827	4834	7
2251	4834	4841	7
2252	4841	4848	7
2253	4848	4855	7
2254	4855	4862	7
2255	4862	4869	7
2256	4869	4876	7
2257	4876	4883	7
2258	4883	4890	7
2259	4890	4897	7
2260	4897	4904	7
2261	4904	4911	7
2262	4911	4918	7
2263	4918	4925	7
2264	4925	4932	7
2265	4932	4939	7
2266	4939	4946	7
2267	4946	4953	7
2268	4953	4960	7
2269	4960	4967	7
2270	4967	4974	7
2271	4974	4981	7
2272	4981	4988	7
2273	4988	4995	7
2274	4995	5002	7
2275	5002	5010	8
2276	5010	5018	8
2277	5018	5026	8
2278	5026	5034	8
2279	5034	5042	8
2280	5042	5050	8
2281	5050	5058	8
2282	5058	5066	8
2283	5066	5074	8
2284	5074	5082	8
2285	5082	5090	8
2286	5090	5098	8
2287	5098	5106	8
2288	5106	5114	8
2289	5114	5122	8
2290	5122	5130	8
2291	5130	5138	8
2292	5138	5146	8
2293	5146	5154	8
2294	5154	5162	8
2295	5162	5170	8
2296	5170	5178	8
2297	5178	5186	8
2298	5186	5194	8
2299	5194	5202	8
2300	5202	5210	8
2301	5210	5218	8
2302	5218	5226	8
2303	5226	5234	8
2304	5234	5242	8
2305	5242	5250	8
2306	5250	5258	8
2307	5258	5266	8
2308	5266	5274	8
2309	5274	5282	8
2310	5282	5290	8
2311	5290	5298	8
2312	5298	5306	8
2313	5306	5314	8
2314	5314	5322	8
2315	5322	5330	8
2316	5330	5338	8
2317	5338	5346	8
2318	5346	5354	8
2319	5354	5362	8
2320	5362	5370	8
2321	5370	5378	8
2322	5378	5386	8
2323	5386	5394	8
2324	5394	5402	8
2325	5402	5410	8
2326	5410	5418	8
2327	5418	5426	8
2328	5426	5435	9
2329	5435	5444	9
2330	5444	5453	9
2331	5453	5462	9
2332	5462	5471	9
2333	5471	5480	9
2334	5480	5489	9
2335	5489	5498	9
2336	5498	5507	9
2337	5507	5516	9
2338	5516	5525	9
2339	5525	5534	9
2340	5534	5543	9
2341	5543	5552	9
2342	5552	5561	9
2343	5561	5570	9
2344	5570	5579	9
2345	5579	5588	9
2346	5588	5597	9
2347	5597	5606	9
2348	5606	5615	9
2349	5615	5624	9
2350	5624	5633	9
2351	5633	5642	9
2352	5642	5651	9
2353	5651	5660	9
2354	5660	5669	9
2355	5669	5678	9
2356	5678	5687	9
2357	5687	5696	9
2358	5696	5705	9
2359	5705	5714	9
2360	5714	5723	9
2361	5723	5732	9
2362	5732	5741	9
2363	5741	5750	9
2364	5750	5759	9
2365	5759	5768	9
2366	5768	5777	9
2367	5777	5787	10
2368	5787	5797	10
2369	5797	5807	10
2370	5807	5817	10
2371	5817	5827	10
2372	5827	5837	10
2373	5837	5847	10
2374	5847	5857	10
2375	5857	5867	10
2376	5867	5877	10
2377	5877	5887	10
2378	5887	5897	10
2379	5897	5907	10
2380	5907	5917	10
2381	5917	5927	10
2382	5927	5937	10
2383	5937	5947	10
2384	5947	5957	10
2385	5957	5967	10
2386	5967	5977	10
2387	5977	5987	10
2388	5987	5997	10
2389	5997	6007	10
2390	6007	6017	10
2391	6017	6027	10
2392	6027	6037	10
2393	6037	6047	10
2394	6047	6057	10
2395	6057	6067	10
2396	6067	6078	11
2397	6078	6089	11
2398	6089	6100	11
2399	6100	6111	11
2400	6111	6122	11
2401	6122	6133	11
2402	6133	6144	11
2403	6144	6155	11
2404	6155	6166	11
2405	6166	6177	11
2406	6177	6188	11
2407	6188	6199	11
2408	6199	6210	11
2409	6210	6221	11
2410	6221	6232	11
2411	6232	6243	11
2412	6243	6254	11
2413	6254	6265	11
2414	6265	6276	11
2415	6276	6287	11
2416	6287	6298	11
2417	6298	6309	11
2418	6309	6321	12
2419	6321	6333	12
2420	6333	6345	12
2421	6345	6357	12
2422	6357	6369	12
2423	6369	6381	12
2424	6381	6393	12
2425	6393	6405	12
2426	6405	6417	12
2427	6417	6429	12
2428	6429	6441	12
2429	6441	6453	12
2430	6453	6465	12
2431	6465	6477	12
2432	6477	6489	12
2433	6489	6501	12
2434	6501	6513	12
2435	6513	6525	12
2436	6525	6537	12
2437	6537	6549	12
2438	6549	6561	12
2439	6561	6573	12
2440	6573	6585	12
2441	6585	6597	12
2442	6597	6609	12
2443	6609	6621	12
2444	6621	6633	12
2445	6633	6645	12
2446	6645	6657	12
2447	6657	6670	13
2448	6670	6683	13
2449	6683	6696	13
2450	6696	6709	13
2451	6709	6722	13
2452	6722	6735	13
2453	6735	6748	13
2454	6748	6761	13
2455	6761	6774	13
2456	6774	6787	13
2457	6787	6800	13
2458	6800	6813	13
2459	6813	6826	13
2460	6826	6839	13
2461	6839	6852	13
2462	6852	6865	13
2463	6865	6878	13
2464	6878	6891	13
2465	6891	6904	13
2466	6904	6917	13
2467	6917	6930	13
2468	6930	6943	13
2469	6943	6956	13
2470	6956	6970	14
2471	6970	6984	14
2472	6984	6998	14
2473	6998	7012	14
2474	7012	7026	14
2475	7026	7040	14
2476	7040	7054	14
2477	7054	7068	14
2478	7068	7082	14
2479	7082	7096	14
2480	7096	7110	14
2481	7110	7124	14
2482	7124	7138	14
2483	7138	7152	14
2484	7152	7166	14
2485	7166	7180	14
2486	7180	7194	14
2487	7194	7208	14
2488	7208	7222	14
2489	7222	7237	15
2490	7237	7252	15
2491	7252	7267	15
2492	7267	7282	15
2493	7282	7297	15
2494	7297	7312	15
2495	7312	7327	15
2496	7327	7342	15
2497	7342	7357	15
2498	7357	7372	15
2499	7372	7387	15
2500	7387	7402	15
2501	7402	7417	15
2502	7417	7432	15
2503	7432	7447	15
2504	7447	7462	15
2505	7462	7478	16
2506	7478	7494	16
2507	7494	7510	16
2508	7510	7526	16
2509	7526	7542	16
2510	7542	7558	16
2511	7558	7574	16
2512	7574	7590	16
2513	7590	7606	16
2514	7606	7622	16
2515	7622	7638	16
2516	7638	7654	16
2517	7654	7670	16
2518	7670	7687	17
2519	7687	7704	17
2520	7704	7721	17
2521	7721	7738	17
2522	7738	7755	17
2523	7755	7772	17
2524	7772	7789	17
2525	7789	7806	17
2526	7806	7823	17
2527	7823	7840	17
2528	7840	7857	17
2529	7857	7875	18
2530	7875	7893	18
2531	7893	7911	18
2532	7911	7929	18
2533	7929	7947	18
2534	7947	7965	18
2535	7965	7983	18
2536	7983	8001	18
2537	8001	8019	18
2538	8019	8037	18
2539	8037	8055	18
2540	8055	8073	18
2541	8073	8091	18
2542	8091	8110	19
2543	8110	8129	19
2544	8129	8148	19
2545	8148	8167	19
2546	8167	8186	19
2547	8186	8205	19
2548	8205	8224	19
2549	8224	8243	19
2550	8243	8262	19
2551	8262	8281	19
2552	8281	8300	19
2553	8300	8319	19
2554	8319	8338	19
2555	8338	8357	19
2556	8357	8377	20
2557	8377	8397	20
2558	8397	8417	20
2559	8417	8437	20
2560	8437	8457	20
2561	8457	8477	20
2562	8477	8497	20
2563	8497	8517	20
2564	8517	8537	20
2565	8537	8557	20
2566	8557	8577	20
2567	8577	8597	20
2568	8597	8618	21
2569	8618	8639	21
2570	8639	8660	21
2571	8660	8681	21
2572	8681	8702	21
2573	8702	8723	21
2574	8723	8744	21
2575	8744	8765	21
2576	8765	8786	21
2577	8786	8807	21
2578	8807	8828	21
2579	8828	8850	22
2580	8850	8872	22
2581	8872	8894	22
2582	8894	8916	22
2583	8916	8938	22
2584	8938	8960	22
2585	8960	8982	22
2586	8982	9004	22
2587	9004	9026	22
2588	9026	9049	23
2589	9049	9072	23
2590	9072	9095	23
2591	9095	9118	23
2592	9118	9141	23
2593	9141	9164	23
2594	9164	9187	23
2595	9187	9210	23
2596	9210	9233	23
2597	9233	9257	24
2598	9257	9281	24
2599	9281	9305	24
2600	9305	9329	24
2601	9329	9353	24
2602	9353	9377	24
2603	9377	9401	24
2604	9401	9426	25
2605	9426	9451	25
2606	9451	9476	25
2607	9476	9501	25
2608	9501	9526	25
2609	9526	9551	25
2610	9551	9576	25
2611	9576	9602	26
2612	9602	9628	26
2613	9628	9654	26
2614	9654	9680	26
2615	9680	9706	26
2616	9706	9732	26
2617	9732	9759	27
2618	9759	9786	27
2619	9786	9813	27
2620	9813	9840	27
2621	9840	9867	27
2622	9867	9895	28
2623	9895	9923	28
2624	9923	9951	28
2625	9951	9979	28
2626	9979	10007	28
2627	10007	10036	29
2628	10036	10065	29
2629	10065	10094	29
2630	10094	10123	29
2631	10123	10152	29
2632	10152	10181	29
