#
#N Pointing	tstart	tend	Obs time
#		s
1	210	211	1
2	211	212	1
3	212	213	1
4	213	214	1
5	214	215	1
6	215	216	1
7	216	217	1
8	217	218	1
9	218	219	1
10	219	220	1
11	220	221	1
12	221	222	1
13	222	223	1
14	223	224	1
15	224	225	1
16	225	226	1
17	226	227	1
18	227	228	1
19	228	229	1
20	229	230	1
21	230	231	1
22	231	232	1
23	232	233	1
24	233	234	1
25	234	235	1
26	235	236	1
27	236	237	1
28	237	238	1
29	238	239	1
30	239	240	1
31	240	241	1
32	241	242	1
33	242	243	1
34	243	244	1
35	244	245	1
36	245	246	1
37	246	247	1
38	247	248	1
39	248	249	1
40	249	250	1
41	250	251	1
42	251	252	1
43	252	253	1
44	253	254	1
45	254	255	1
46	255	256	1
47	256	257	1
48	257	258	1
49	258	259	1
50	259	260	1
51	260	261	1
52	261	262	1
53	262	263	1
54	263	264	1
55	264	265	1
56	265	266	1
57	266	267	1
58	267	268	1
59	268	269	1
60	269	270	1
61	270	271	1
62	271	272	1
63	272	273	1
64	273	274	1
65	274	275	1
66	275	276	1
67	276	277	1
68	277	278	1
69	278	279	1
70	279	280	1
71	280	281	1
72	281	282	1
73	282	283	1
74	283	284	1
75	284	285	1
76	285	286	1
77	286	287	1
78	287	288	1
79	288	289	1
80	289	290	1
81	290	291	1
82	291	292	1
83	292	293	1
84	293	294	1
85	294	295	1
86	295	296	1
87	296	297	1
88	297	298	1
89	298	299	1
90	299	300	1
91	300	301	1
92	301	302	1
93	302	303	1
94	303	304	1
95	304	305	1
96	305	306	1
97	306	307	1
98	307	308	1
99	308	309	1
100	309	310	1
101	310	311	1
102	311	312	1
103	312	313	1
104	313	314	1
105	314	315	1
106	315	316	1
107	316	317	1
108	317	318	1
109	318	319	1
110	319	320	1
111	320	321	1
112	321	322	1
113	322	323	1
114	323	324	1
115	324	325	1
116	325	326	1
117	326	327	1
118	327	328	1
119	328	329	1
120	329	330	1
121	330	331	1
122	331	332	1
123	332	333	1
124	333	334	1
125	334	335	1
126	335	336	1
127	336	337	1
128	337	338	1
129	338	339	1
130	339	340	1
131	340	341	1
132	341	342	1
133	342	343	1
134	343	344	1
135	344	345	1
136	345	346	1
137	346	347	1
138	347	348	1
139	348	349	1
140	349	350	1
141	350	351	1
142	351	352	1
143	352	353	1
144	353	354	1
145	354	355	1
146	355	356	1
147	356	357	1
148	357	358	1
149	358	359	1
150	359	360	1
151	360	361	1
152	361	362	1
153	362	363	1
154	363	364	1
155	364	365	1
156	365	366	1
157	366	367	1
158	367	368	1
159	368	369	1
160	369	370	1
161	370	371	1
162	371	372	1
163	372	373	1
164	373	374	1
165	374	375	1
166	375	376	1
167	376	377	1
168	377	378	1
169	378	379	1
170	379	380	1
171	380	381	1
172	381	382	1
173	382	383	1
174	383	384	1
175	384	385	1
176	385	386	1
177	386	387	1
178	387	388	1
179	388	389	1
180	389	390	1
181	390	391	1
182	391	392	1
183	392	393	1
184	393	394	1
185	394	395	1
186	395	396	1
187	396	397	1
188	397	398	1
189	398	399	1
190	399	400	1
191	400	401	1
192	401	402	1
193	402	403	1
194	403	404	1
195	404	405	1
196	405	406	1
197	406	407	1
198	407	408	1
199	408	409	1
200	409	410	1
201	410	411	1
202	411	412	1
203	412	413	1
204	413	414	1
205	414	415	1
206	415	416	1
207	416	417	1
208	417	418	1
209	418	419	1
210	419	420	1
211	420	421	1
212	421	422	1
213	422	423	1
214	423	424	1
215	424	425	1
216	425	426	1
217	426	427	1
218	427	428	1
219	428	429	1
220	429	430	1
221	430	431	1
222	431	432	1
223	432	433	1
224	433	434	1
225	434	435	1
226	435	436	1
227	436	437	1
228	437	438	1
229	438	439	1
230	439	440	1
231	440	441	1
232	441	442	1
233	442	443	1
234	443	444	1
235	444	445	1
236	445	446	1
237	446	447	1
238	447	448	1
239	448	449	1
240	449	450	1
241	450	451	1
242	451	452	1
243	452	453	1
244	453	454	1
245	454	455	1
246	455	456	1
247	456	457	1
248	457	458	1
249	458	459	1
250	459	460	1
251	460	461	1
252	461	462	1
253	462	463	1
254	463	464	1
255	464	465	1
256	465	466	1
257	466	467	1
258	467	468	1
259	468	469	1
260	469	470	1
261	470	471	1
262	471	472	1
263	472	473	1
264	473	474	1
265	474	475	1
266	475	476	1
267	476	477	1
268	477	478	1
269	478	479	1
270	479	480	1
271	480	481	1
272	481	482	1
273	482	483	1
274	483	484	1
275	484	485	1
276	485	486	1
277	486	487	1
278	487	488	1
279	488	489	1
280	489	490	1
281	490	491	1
282	491	492	1
283	492	493	1
284	493	494	1
285	494	495	1
286	495	496	1
287	496	497	1
288	497	498	1
289	498	499	1
290	499	500	1
291	500	501	1
292	501	502	1
293	502	503	1
294	503	504	1
295	504	505	1
296	505	506	1
297	506	507	1
298	507	508	1
299	508	509	1
300	509	510	1
301	510	511	1
302	511	512	1
303	512	513	1
304	513	514	1
305	514	515	1
306	515	516	1
307	516	517	1
308	517	518	1
309	518	519	1
310	519	520	1
311	520	521	1
312	521	522	1
313	522	523	1
314	523	524	1
315	524	525	1
316	525	526	1
317	526	527	1
318	527	528	1
319	528	529	1
320	529	530	1
321	530	531	1
322	531	532	1
323	532	533	1
324	533	534	1
325	534	535	1
326	535	536	1
327	536	537	1
328	537	538	1
329	538	539	1
330	539	540	1
331	540	541	1
332	541	542	1
333	542	543	1
334	543	544	1
335	544	545	1
336	545	546	1
337	546	547	1
338	547	548	1
339	548	549	1
340	549	550	1
341	550	551	1
342	551	552	1
343	552	553	1
344	553	554	1
345	554	555	1
346	555	556	1
347	556	557	1
348	557	558	1
349	558	559	1
350	559	560	1
351	560	561	1
352	561	562	1
353	562	563	1
354	563	564	1
355	564	565	1
356	565	566	1
357	566	567	1
358	567	568	1
359	568	569	1
360	569	570	1
361	570	571	1
362	571	572	1
363	572	573	1
364	573	574	1
365	574	575	1
366	575	576	1
367	576	577	1
368	577	578	1
369	578	579	1
370	579	580	1
371	580	581	1
372	581	582	1
373	582	583	1
374	583	584	1
375	584	585	1
376	585	586	1
377	586	587	1
378	587	588	1
379	588	589	1
380	589	590	1
381	590	591	1
382	591	592	1
383	592	593	1
384	593	594	1
385	594	595	1
386	595	596	1
387	596	597	1
388	597	598	1
389	598	599	1
390	599	600	1
391	600	601	1
392	601	602	1
393	602	603	1
394	603	604	1
395	604	605	1
396	605	606	1
397	606	607	1
398	607	608	1
399	608	609	1
400	609	610	1
401	610	611	1
402	611	612	1
403	612	613	1
404	613	614	1
405	614	615	1
406	615	616	1
407	616	617	1
408	617	618	1
409	618	619	1
410	619	620	1
411	620	621	1
412	621	622	1
413	622	623	1
414	623	624	1
415	624	625	1
416	625	626	1
417	626	627	1
418	627	628	1
419	628	629	1
420	629	630	1
421	630	631	1
422	631	632	1
423	632	633	1
424	633	634	1
425	634	635	1
426	635	636	1
427	636	637	1
428	637	638	1
429	638	639	1
430	639	640	1
431	640	641	1
432	641	642	1
433	642	643	1
434	643	644	1
435	644	645	1
436	645	646	1
437	646	647	1
438	647	648	1
439	648	649	1
440	649	650	1
441	650	651	1
442	651	652	1
443	652	653	1
444	653	654	1
445	654	655	1
446	655	656	1
447	656	657	1
448	657	658	1
449	658	659	1
450	659	660	1
451	660	661	1
452	661	662	1
453	662	663	1
454	663	664	1
455	664	665	1
456	665	666	1
457	666	667	1
458	667	668	1
459	668	669	1
460	669	670	1
461	670	671	1
462	671	672	1
463	672	673	1
464	673	674	1
465	674	675	1
466	675	676	1
467	676	677	1
468	677	678	1
469	678	679	1
470	679	680	1
471	680	681	1
472	681	682	1
473	682	683	1
474	683	684	1
475	684	685	1
476	685	686	1
477	686	687	1
478	687	688	1
479	688	689	1
480	689	690	1
481	690	691	1
482	691	692	1
483	692	693	1
484	693	694	1
485	694	695	1
486	695	696	1
487	696	697	1
488	697	698	1
489	698	699	1
490	699	700	1
491	700	701	1
492	701	702	1
493	702	703	1
494	703	704	1
495	704	705	1
496	705	706	1
497	706	707	1
498	707	708	1
499	708	709	1
500	709	710	1
501	710	711	1
502	711	712	1
503	712	713	1
504	713	714	1
505	714	715	1
506	715	716	1
507	716	717	1
508	717	718	1
509	718	719	1
510	719	720	1
511	720	721	1
512	721	722	1
513	722	723	1
514	723	724	1
515	724	725	1
516	725	726	1
517	726	727	1
518	727	728	1
519	728	729	1
520	729	730	1
521	730	731	1
522	731	732	1
523	732	733	1
524	733	734	1
525	734	735	1
526	735	736	1
527	736	737	1
528	737	738	1
529	738	739	1
530	739	740	1
531	740	741	1
532	741	742	1
533	742	743	1
534	743	744	1
535	744	745	1
536	745	746	1
537	746	747	1
538	747	748	1
539	748	749	1
540	749	750	1
541	750	751	1
542	751	752	1
543	752	753	1
544	753	754	1
545	754	755	1
546	755	756	1
547	756	757	1
548	757	758	1
549	758	759	1
550	759	760	1
551	760	761	1
552	761	762	1
553	762	763	1
554	763	764	1
555	764	765	1
556	765	766	1
557	766	767	1
558	767	768	1
559	768	769	1
560	769	770	1
561	770	771	1
562	771	772	1
563	772	773	1
564	773	774	1
565	774	775	1
566	775	776	1
567	776	777	1
568	777	778	1
569	778	779	1
570	779	780	1
571	780	781	1
572	781	782	1
573	782	783	1
574	783	784	1
575	784	785	1
576	785	786	1
577	786	787	1
578	787	788	1
579	788	789	1
580	789	790	1
581	790	791	1
582	791	792	1
583	792	793	1
584	793	794	1
585	794	795	1
586	795	796	1
587	796	797	1
588	797	798	1
589	798	799	1
590	799	800	1
591	800	801	1
592	801	802	1
593	802	803	1
594	803	804	1
595	804	805	1
596	805	806	1
597	806	807	1
598	807	808	1
599	808	809	1
600	809	810	1
601	810	811	1
602	811	812	1
603	812	813	1
604	813	814	1
605	814	815	1
606	815	816	1
607	816	817	1
608	817	818	1
609	818	819	1
610	819	820	1
611	820	821	1
612	821	822	1
613	822	823	1
614	823	824	1
615	824	825	1
616	825	826	1
617	826	827	1
618	827	828	1
619	828	829	1
620	829	830	1
621	830	831	1
622	831	832	1
623	832	833	1
624	833	834	1
625	834	835	1
626	835	836	1
627	836	837	1
628	837	838	1
629	838	839	1
630	839	840	1
631	840	841	1
632	841	842	1
633	842	843	1
634	843	844	1
635	844	845	1
636	845	846	1
637	846	847	1
638	847	848	1
639	848	849	1
640	849	850	1
641	850	851	1
642	851	852	1
643	852	853	1
644	853	854	1
645	854	855	1
646	855	856	1
647	856	857	1
648	857	858	1
649	858	859	1
650	859	860	1
651	860	861	1
652	861	862	1
653	862	863	1
654	863	864	1
655	864	865	1
656	865	866	1
657	866	867	1
658	867	868	1
659	868	869	1
660	869	870	1
661	870	871	1
662	871	872	1
663	872	873	1
664	873	874	1
665	874	875	1
666	875	876	1
667	876	877	1
668	877	878	1
669	878	879	1
670	879	880	1
671	880	881	1
672	881	882	1
673	882	883	1
674	883	884	1
675	884	885	1
676	885	886	1
677	886	887	1
678	887	888	1
679	888	889	1
680	889	890	1
681	890	891	1
682	891	892	1
683	892	893	1
684	893	894	1
685	894	895	1
686	895	896	1
687	896	897	1
688	897	898	1
689	898	899	1
690	899	900	1
691	900	901	1
692	901	902	1
693	902	903	1
694	903	904	1
695	904	905	1
696	905	906	1
697	906	907	1
698	907	908	1
699	908	909	1
700	909	910	1
701	910	911	1
702	911	912	1
703	912	913	1
704	913	914	1
705	914	915	1
706	915	916	1
707	916	917	1
708	917	918	1
709	918	919	1
710	919	920	1
711	920	921	1
712	921	922	1
713	922	923	1
714	923	924	1
715	924	925	1
716	925	926	1
717	926	927	1
718	927	928	1
719	928	929	1
720	929	930	1
721	930	931	1
722	931	932	1
723	932	933	1
724	933	934	1
725	934	935	1
726	935	936	1
727	936	937	1
728	937	938	1
729	938	939	1
730	939	940	1
731	940	941	1
732	941	942	1
733	942	943	1
734	943	944	1
735	944	945	1
736	945	946	1
737	946	947	1
738	947	948	1
739	948	949	1
740	949	950	1
741	950	951	1
742	951	952	1
743	952	953	1
744	953	954	1
745	954	955	1
746	955	956	1
747	956	957	1
748	957	958	1
749	958	959	1
750	959	960	1
751	960	961	1
752	961	962	1
753	962	963	1
754	963	964	1
755	964	965	1
756	965	966	1
757	966	967	1
758	967	968	1
759	968	969	1
760	969	970	1
761	970	971	1
762	971	972	1
763	972	973	1
764	973	974	1
765	974	975	1
766	975	976	1
767	976	977	1
768	977	978	1
769	978	979	1
770	979	980	1
771	980	981	1
772	981	982	1
773	982	983	1
774	983	984	1
775	984	985	1
776	985	986	1
777	986	987	1
778	987	988	1
779	988	989	1
780	989	990	1
781	990	991	1
782	991	992	1
783	992	993	1
784	993	994	1
785	994	995	1
786	995	996	1
787	996	997	1
788	997	998	1
789	998	999	1
790	999	1000	1
791	1000	1001	1
792	1001	1002	1
793	1002	1003	1
794	1003	1004	1
795	1004	1005	1
796	1005	1006	1
797	1006	1007	1
798	1007	1008	1
799	1008	1009	1
800	1009	1010	1
801	1010	1011	1
802	1011	1012	1
803	1012	1013	1
804	1013	1014	1
805	1014	1015	1
806	1015	1016	1
807	1016	1017	1
808	1017	1018	1
809	1018	1019	1
810	1019	1020	1
811	1020	1021	1
812	1021	1022	1
813	1022	1023	1
814	1023	1024	1
815	1024	1025	1
816	1025	1026	1
817	1026	1027	1
818	1027	1028	1
819	1028	1029	1
820	1029	1030	1
821	1030	1031	1
822	1031	1032	1
823	1032	1033	1
824	1033	1034	1
825	1034	1035	1
826	1035	1036	1
827	1036	1037	1
828	1037	1038	1
829	1038	1039	1
830	1039	1040	1
831	1040	1041	1
832	1041	1042	1
833	1042	1043	1
834	1043	1044	1
835	1044	1045	1
836	1045	1046	1
837	1046	1047	1
838	1047	1048	1
839	1048	1049	1
840	1049	1050	1
841	1050	1051	1
842	1051	1052	1
843	1052	1053	1
844	1053	1054	1
845	1054	1055	1
846	1055	1056	1
847	1056	1057	1
848	1057	1058	1
849	1058	1059	1
850	1059	1060	1
851	1060	1061	1
852	1061	1062	1
853	1062	1063	1
854	1063	1064	1
855	1064	1065	1
856	1065	1066	1
857	1066	1067	1
858	1067	1068	1
859	1068	1069	1
860	1069	1070	1
861	1070	1071	1
862	1071	1072	1
863	1072	1073	1
864	1073	1074	1
865	1074	1075	1
866	1075	1076	1
867	1076	1077	1
868	1077	1078	1
869	1078	1079	1
870	1079	1080	1
871	1080	1081	1
872	1081	1082	1
873	1082	1083	1
874	1083	1084	1
875	1084	1085	1
876	1085	1086	1
877	1086	1087	1
878	1087	1088	1
879	1088	1089	1
880	1089	1090	1
881	1090	1091	1
882	1091	1092	1
883	1092	1093	1
884	1093	1094	1
885	1094	1095	1
886	1095	1096	1
887	1096	1097	1
888	1097	1098	1
889	1098	1099	1
890	1099	1100	1
891	1100	1101	1
892	1101	1102	1
893	1102	1103	1
894	1103	1104	1
895	1104	1105	1
896	1105	1106	1
897	1106	1107	1
898	1107	1108	1
899	1108	1109	1
900	1109	1110	1
901	1110	1111	1
902	1111	1112	1
903	1112	1113	1
904	1113	1114	1
905	1114	1115	1
906	1115	1116	1
907	1116	1117	1
908	1117	1118	1
909	1118	1119	1
910	1119	1120	1
911	1120	1121	1
912	1121	1122	1
913	1122	1123	1
914	1123	1124	1
915	1124	1125	1
916	1125	1126	1
917	1126	1127	1
918	1127	1128	1
919	1128	1129	1
920	1129	1130	1
921	1130	1131	1
922	1131	1132	1
923	1132	1133	1
924	1133	1134	1
925	1134	1135	1
926	1135	1136	1
927	1136	1137	1
928	1137	1138	1
929	1138	1139	1
930	1139	1140	1
931	1140	1141	1
932	1141	1142	1
933	1142	1143	1
934	1143	1144	1
935	1144	1145	1
936	1145	1146	1
937	1146	1147	1
938	1147	1148	1
939	1148	1149	1
940	1149	1150	1
941	1150	1151	1
942	1151	1152	1
943	1152	1153	1
944	1153	1154	1
945	1154	1155	1
946	1155	1156	1
947	1156	1157	1
948	1157	1158	1
949	1158	1159	1
950	1159	1160	1
951	1160	1161	1
952	1161	1162	1
953	1162	1163	1
954	1163	1164	1
955	1164	1165	1
956	1165	1166	1
957	1166	1167	1
958	1167	1168	1
959	1168	1169	1
960	1169	1170	1
961	1170	1171	1
962	1171	1172	1
963	1172	1173	1
964	1173	1174	1
965	1174	1175	1
966	1175	1176	1
967	1176	1177	1
968	1177	1178	1
969	1178	1179	1
970	1179	1180	1
971	1180	1181	1
972	1181	1182	1
973	1182	1183	1
974	1183	1184	1
975	1184	1185	1
976	1185	1186	1
977	1186	1187	1
978	1187	1188	1
979	1188	1189	1
980	1189	1190	1
981	1190	1191	1
982	1191	1192	1
983	1192	1193	1
984	1193	1194	1
985	1194	1195	1
986	1195	1196	1
987	1196	1197	1
988	1197	1198	1
989	1198	1199	1
990	1199	1200	1
991	1200	1201	1
992	1201	1202	1
993	1202	1203	1
994	1203	1204	1
995	1204	1205	1
996	1205	1206	1
997	1206	1207	1
998	1207	1208	1
999	1208	1209	1
1000	1209	1210	1
1001	1210	1211	1
1002	1211	1212	1
1003	1212	1213	1
1004	1213	1214	1
1005	1214	1215	1
1006	1215	1216	1
1007	1216	1217	1
1008	1217	1218	1
1009	1218	1219	1
1010	1219	1220	1
1011	1220	1221	1
1012	1221	1222	1
1013	1222	1223	1
1014	1223	1224	1
1015	1224	1225	1
1016	1225	1226	1
1017	1226	1227	1
1018	1227	1228	1
1019	1228	1229	1
1020	1229	1230	1
1021	1230	1231	1
1022	1231	1232	1
1023	1232	1233	1
1024	1233	1234	1
1025	1234	1235	1
1026	1235	1236	1
1027	1236	1237	1
1028	1237	1238	1
1029	1238	1239	1
1030	1239	1240	1
1031	1240	1241	1
1032	1241	1242	1
1033	1242	1243	1
1034	1243	1244	1
1035	1244	1245	1
1036	1245	1246	1
1037	1246	1247	1
1038	1247	1248	1
1039	1248	1249	1
1040	1249	1250	1
1041	1250	1251	1
1042	1251	1252	1
1043	1252	1253	1
1044	1253	1254	1
1045	1254	1255	1
1046	1255	1256	1
1047	1256	1257	1
1048	1257	1258	1
1049	1258	1259	1
1050	1259	1260	1
1051	1260	1261	1
1052	1261	1262	1
1053	1262	1263	1
1054	1263	1264	1
1055	1264	1265	1
1056	1265	1266	1
1057	1266	1267	1
1058	1267	1268	1
1059	1268	1269	1
1060	1269	1270	1
1061	1270	1271	1
1062	1271	1272	1
1063	1272	1273	1
1064	1273	1274	1
1065	1274	1275	1
1066	1275	1276	1
1067	1276	1277	1
1068	1277	1278	1
1069	1278	1279	1
1070	1279	1280	1
1071	1280	1281	1
1072	1281	1282	1
1073	1282	1283	1
1074	1283	1284	1
1075	1284	1285	1
1076	1285	1286	1
1077	1286	1287	1
1078	1287	1288	1
1079	1288	1289	1
1080	1289	1290	1
1081	1290	1291	1
1082	1291	1292	1
1083	1292	1293	1
1084	1293	1294	1
1085	1294	1295	1
1086	1295	1296	1
1087	1296	1297	1
1088	1297	1298	1
1089	1298	1299	1
1090	1299	1300	1
1091	1300	1301	1
1092	1301	1302	1
1093	1302	1303	1
1094	1303	1304	1
1095	1304	1305	1
1096	1305	1306	1
1097	1306	1307	1
1098	1307	1308	1
1099	1308	1309	1
1100	1309	1310	1
1101	1310	1311	1
1102	1311	1312	1
1103	1312	1313	1
1104	1313	1314	1
1105	1314	1315	1
1106	1315	1316	1
1107	1316	1317	1
1108	1317	1318	1
1109	1318	1319	1
1110	1319	1320	1
1111	1320	1321	1
1112	1321	1322	1
1113	1322	1323	1
1114	1323	1324	1
1115	1324	1325	1
1116	1325	1326	1
1117	1326	1327	1
1118	1327	1328	1
1119	1328	1329	1
1120	1329	1330	1
1121	1330	1331	1
1122	1331	1332	1
1123	1332	1333	1
1124	1333	1334	1
1125	1334	1335	1
1126	1335	1336	1
1127	1336	1337	1
1128	1337	1338	1
1129	1338	1339	1
1130	1339	1340	1
1131	1340	1341	1
1132	1341	1342	1
1133	1342	1343	1
1134	1343	1344	1
1135	1344	1345	1
1136	1345	1346	1
1137	1346	1347	1
1138	1347	1348	1
1139	1348	1349	1
1140	1349	1350	1
1141	1350	1351	1
1142	1351	1352	1
1143	1352	1353	1
1144	1353	1354	1
1145	1354	1355	1
1146	1355	1356	1
1147	1356	1357	1
1148	1357	1358	1
1149	1358	1359	1
1150	1359	1360	1
1151	1360	1361	1
1152	1361	1362	1
1153	1362	1363	1
1154	1363	1364	1
1155	1364	1365	1
1156	1365	1366	1
1157	1366	1367	1
1158	1367	1368	1
1159	1368	1369	1
1160	1369	1370	1
1161	1370	1371	1
1162	1371	1372	1
1163	1372	1373	1
1164	1373	1374	1
1165	1374	1375	1
1166	1375	1376	1
1167	1376	1377	1
1168	1377	1378	1
1169	1378	1379	1
1170	1379	1380	1
1171	1380	1381	1
1172	1381	1382	1
1173	1382	1383	1
1174	1383	1384	1
1175	1384	1385	1
1176	1385	1386	1
1177	1386	1387	1
1178	1387	1388	1
1179	1388	1389	1
1180	1389	1390	1
1181	1390	1391	1
1182	1391	1392	1
1183	1392	1393	1
1184	1393	1394	1
1185	1394	1395	1
1186	1395	1396	1
1187	1396	1397	1
1188	1397	1398	1
1189	1398	1399	1
1190	1399	1400	1
1191	1400	1401	1
1192	1401	1402	1
1193	1402	1403	1
1194	1403	1404	1
1195	1404	1405	1
1196	1405	1406	1
1197	1406	1407	1
1198	1407	1408	1
1199	1408	1409	1
1200	1409	1410	1
1201	1410	1411	1
1202	1411	1412	1
1203	1412	1413	1
1204	1413	1414	1
1205	1414	1415	1
1206	1415	1416	1
1207	1416	1417	1
1208	1417	1418	1
1209	1418	1419	1
1210	1419	1420	1
1211	1420	1421	1
1212	1421	1422	1
1213	1422	1423	1
1214	1423	1424	1
1215	1424	1425	1
1216	1425	1426	1
1217	1426	1427	1
1218	1427	1428	1
1219	1428	1429	1
1220	1429	1430	1
1221	1430	1431	1
1222	1431	1432	1
1223	1432	1433	1
1224	1433	1434	1
1225	1434	1435	1
1226	1435	1436	1
1227	1436	1437	1
1228	1437	1438	1
1229	1438	1439	1
1230	1439	1440	1
1231	1440	1441	1
1232	1441	1442	1
1233	1442	1443	1
1234	1443	1444	1
1235	1444	1445	1
1236	1445	1446	1
1237	1446	1447	1
1238	1447	1448	1
1239	1448	1449	1
1240	1449	1450	1
1241	1450	1451	1
1242	1451	1452	1
1243	1452	1453	1
1244	1453	1454	1
1245	1454	1455	1
1246	1455	1456	1
1247	1456	1457	1
1248	1457	1458	1
1249	1458	1459	1
1250	1459	1460	1
1251	1460	1461	1
1252	1461	1462	1
1253	1462	1463	1
1254	1463	1464	1
1255	1464	1465	1
1256	1465	1466	1
1257	1466	1467	1
1258	1467	1468	1
1259	1468	1469	1
1260	1469	1470	1
1261	1470	1471	1
1262	1471	1472	1
1263	1472	1473	1
1264	1473	1474	1
1265	1474	1475	1
1266	1475	1476	1
1267	1476	1477	1
1268	1477	1478	1
1269	1478	1479	1
1270	1479	1480	1
1271	1480	1481	1
1272	1481	1482	1
1273	1482	1483	1
1274	1483	1484	1
1275	1484	1485	1
1276	1485	1486	1
1277	1486	1487	1
1278	1487	1488	1
1279	1488	1489	1
1280	1489	1490	1
1281	1490	1491	1
1282	1491	1492	1
1283	1492	1493	1
1284	1493	1494	1
1285	1494	1495	1
1286	1495	1496	1
1287	1496	1497	1
1288	1497	1498	1
1289	1498	1499	1
1290	1499	1500	1
1291	1500	1501	1
1292	1501	1502	1
1293	1502	1503	1
1294	1503	1504	1
1295	1504	1505	1
1296	1505	1506	1
1297	1506	1507	1
1298	1507	1508	1
1299	1508	1509	1
1300	1509	1510	1
1301	1510	1511	1
1302	1511	1512	1
1303	1512	1513	1
1304	1513	1514	1
1305	1514	1515	1
1306	1515	1516	1
1307	1516	1517	1
1308	1517	1518	1
1309	1518	1519	1
1310	1519	1520	1
1311	1520	1521	1
1312	1521	1522	1
1313	1522	1523	1
1314	1523	1524	1
1315	1524	1525	1
1316	1525	1526	1
1317	1526	1527	1
1318	1527	1528	1
1319	1528	1529	1
1320	1529	1530	1
1321	1530	1531	1
1322	1531	1532	1
1323	1532	1533	1
1324	1533	1534	1
1325	1534	1535	1
1326	1535	1536	1
1327	1536	1537	1
1328	1537	1538	1
1329	1538	1539	1
1330	1539	1540	1
1331	1540	1541	1
1332	1541	1542	1
1333	1542	1543	1
1334	1543	1544	1
1335	1544	1545	1
1336	1545	1546	1
1337	1546	1547	1
1338	1547	1548	1
1339	1548	1549	1
1340	1549	1550	1
1341	1550	1551	1
1342	1551	1552	1
1343	1552	1553	1
1344	1553	1554	1
1345	1554	1555	1
1346	1555	1556	1
1347	1556	1557	1
1348	1557	1558	1
1349	1558	1559	1
1350	1559	1560	1
1351	1560	1561	1
1352	1561	1562	1
1353	1562	1563	1
1354	1563	1564	1
1355	1564	1565	1
1356	1565	1566	1
1357	1566	1567	1
1358	1567	1568	1
1359	1568	1569	1
1360	1569	1570	1
1361	1570	1571	1
1362	1571	1572	1
1363	1572	1573	1
1364	1573	1574	1
1365	1574	1575	1
1366	1575	1576	1
1367	1576	1577	1
1368	1577	1578	1
1369	1578	1579	1
1370	1579	1580	1
1371	1580	1581	1
1372	1581	1582	1
1373	1582	1583	1
1374	1583	1584	1
1375	1584	1585	1
1376	1585	1586	1
1377	1586	1587	1
1378	1587	1588	1
1379	1588	1589	1
1380	1589	1590	1
1381	1590	1591	1
1382	1591	1592	1
1383	1592	1593	1
1384	1593	1594	1
1385	1594	1595	1
1386	1595	1596	1
1387	1596	1597	1
1388	1597	1598	1
1389	1598	1599	1
1390	1599	1600	1
1391	1600	1601	1
1392	1601	1602	1
1393	1602	1603	1
1394	1603	1604	1
1395	1604	1605	1
1396	1605	1606	1
1397	1606	1607	1
1398	1607	1608	1
1399	1608	1609	1
1400	1609	1610	1
1401	1610	1611	1
1402	1611	1612	1
1403	1612	1613	1
1404	1613	1614	1
1405	1614	1615	1
1406	1615	1616	1
1407	1616	1617	1
1408	1617	1618	1
1409	1618	1619	1
1410	1619	1620	1
1411	1620	1621	1
1412	1621	1622	1
1413	1622	1623	1
1414	1623	1624	1
1415	1624	1625	1
1416	1625	1626	1
1417	1626	1627	1
1418	1627	1628	1
1419	1628	1629	1
1420	1629	1630	1
1421	1630	1631	1
1422	1631	1632	1
1423	1632	1633	1
1424	1633	1634	1
1425	1634	1635	1
1426	1635	1636	1
1427	1636	1637	1
1428	1637	1638	1
1429	1638	1639	1
1430	1639	1640	1
1431	1640	1641	1
1432	1641	1642	1
1433	1642	1643	1
1434	1643	1644	1
1435	1644	1645	1
1436	1645	1646	1
1437	1646	1647	1
1438	1647	1648	1
1439	1648	1649	1
1440	1649	1650	1
1441	1650	1651	1
1442	1651	1652	1
1443	1652	1653	1
1444	1653	1654	1
1445	1654	1655	1
1446	1655	1656	1
1447	1656	1657	1
1448	1657	1658	1
1449	1658	1659	1
1450	1659	1660	1
1451	1660	1661	1
1452	1661	1662	1
1453	1662	1663	1
1454	1663	1664	1
1455	1664	1665	1
1456	1665	1666	1
1457	1666	1667	1
1458	1667	1668	1
1459	1668	1669	1
1460	1669	1670	1
1461	1670	1671	1
1462	1671	1672	1
1463	1672	1673	1
1464	1673	1674	1
1465	1674	1675	1
1466	1675	1676	1
1467	1676	1677	1
1468	1677	1678	1
1469	1678	1679	1
1470	1679	1680	1
1471	1680	1681	1
1472	1681	1682	1
1473	1682	1683	1
1474	1683	1684	1
1475	1684	1685	1
1476	1685	1686	1
1477	1686	1687	1
1478	1687	1688	1
1479	1688	1689	1
1480	1689	1690	1
1481	1690	1691	1
1482	1691	1692	1
1483	1692	1693	1
1484	1693	1694	1
1485	1694	1695	1
1486	1695	1696	1
1487	1696	1697	1
1488	1697	1698	1
1489	1698	1699	1
1490	1699	1700	1
1491	1700	1701	1
1492	1701	1702	1
1493	1702	1703	1
1494	1703	1704	1
1495	1704	1705	1
1496	1705	1706	1
1497	1706	1707	1
1498	1707	1708	1
1499	1708	1709	1
1500	1709	1710	1
1501	1710	1711	1
1502	1711	1712	1
1503	1712	1713	1
1504	1713	1714	1
1505	1714	1715	1
1506	1715	1716	1
1507	1716	1717	1
1508	1717	1718	1
1509	1718	1719	1
1510	1719	1720	1
1511	1720	1721	1
1512	1721	1722	1
1513	1722	1723	1
1514	1723	1724	1
1515	1724	1725	1
1516	1725	1726	1
1517	1726	1727	1
1518	1727	1728	1
1519	1728	1729	1
1520	1729	1730	1
1521	1730	1731	1
1522	1731	1732	1
1523	1732	1733	1
1524	1733	1734	1
1525	1734	1735	1
1526	1735	1736	1
1527	1736	1737	1
1528	1737	1738	1
1529	1738	1739	1
1530	1739	1740	1
1531	1740	1741	1
1532	1741	1742	1
1533	1742	1743	1
1534	1743	1744	1
1535	1744	1745	1
1536	1745	1746	1
1537	1746	1747	1
1538	1747	1748	1
1539	1748	1749	1
1540	1749	1750	1
1541	1750	1751	1
1542	1751	1752	1
1543	1752	1753	1
1544	1753	1754	1
1545	1754	1755	1
1546	1755	1756	1
1547	1756	1757	1
1548	1757	1758	1
1549	1758	1759	1
1550	1759	1760	1
1551	1760	1761	1
1552	1761	1762	1
1553	1762	1763	1
1554	1763	1764	1
1555	1764	1765	1
1556	1765	1766	1
1557	1766	1767	1
1558	1767	1768	1
1559	1768	1769	1
1560	1769	1770	1
1561	1770	1771	1
1562	1771	1772	1
1563	1772	1773	1
1564	1773	1774	1
1565	1774	1775	1
1566	1775	1776	1
1567	1776	1777	1
1568	1777	1778	1
1569	1778	1779	1
1570	1779	1780	1
1571	1780	1781	1
1572	1781	1782	1
1573	1782	1783	1
1574	1783	1784	1
1575	1784	1785	1
1576	1785	1786	1
1577	1786	1787	1
1578	1787	1788	1
1579	1788	1789	1
1580	1789	1790	1
1581	1790	1791	1
1582	1791	1792	1
1583	1792	1793	1
1584	1793	1794	1
1585	1794	1795	1
1586	1795	1796	1
1587	1796	1797	1
1588	1797	1798	1
1589	1798	1799	1
1590	1799	1800	1
1591	1800	1801	1
1592	1801	1802	1
1593	1802	1803	1
1594	1803	1804	1
1595	1804	1805	1
1596	1805	1806	1
1597	1806	1807	1
1598	1807	1808	1
1599	1808	1809	1
1600	1809	1810	1
1601	1810	1811	1
1602	1811	1812	1
1603	1812	1813	1
1604	1813	1814	1
1605	1814	1815	1
1606	1815	1816	1
1607	1816	1817	1
1608	1817	1818	1
1609	1818	1819	1
1610	1819	1820	1
1611	1820	1821	1
1612	1821	1822	1
1613	1822	1823	1
1614	1823	1824	1
1615	1824	1825	1
1616	1825	1826	1
1617	1826	1827	1
1618	1827	1828	1
1619	1828	1829	1
1620	1829	1830	1
1621	1830	1831	1
1622	1831	1832	1
1623	1832	1833	1
1624	1833	1834	1
1625	1834	1835	1
1626	1835	1836	1
1627	1836	1837	1
1628	1837	1838	1
1629	1838	1839	1
1630	1839	1840	1
1631	1840	1841	1
1632	1841	1842	1
1633	1842	1843	1
1634	1843	1844	1
1635	1844	1845	1
1636	1845	1846	1
1637	1846	1847	1
1638	1847	1848	1
1639	1848	1849	1
1640	1849	1850	1
1641	1850	1851	1
1642	1851	1852	1
1643	1852	1853	1
1644	1853	1854	1
1645	1854	1855	1
1646	1855	1856	1
1647	1856	1857	1
1648	1857	1858	1
1649	1858	1859	1
1650	1859	1860	1
1651	1860	1861	1
1652	1861	1862	1
1653	1862	1863	1
1654	1863	1864	1
1655	1864	1865	1
1656	1865	1866	1
1657	1866	1867	1
1658	1867	1868	1
1659	1868	1869	1
1660	1869	1870	1
1661	1870	1871	1
1662	1871	1872	1
1663	1872	1873	1
1664	1873	1874	1
1665	1874	1875	1
1666	1875	1876	1
1667	1876	1877	1
1668	1877	1878	1
1669	1878	1879	1
1670	1879	1880	1
1671	1880	1881	1
1672	1881	1882	1
1673	1882	1883	1
1674	1883	1884	1
1675	1884	1885	1
1676	1885	1886	1
1677	1886	1887	1
1678	1887	1888	1
1679	1888	1889	1
1680	1889	1890	1
1681	1890	1891	1
1682	1891	1892	1
1683	1892	1893	1
1684	1893	1894	1
1685	1894	1895	1
1686	1895	1896	1
1687	1896	1897	1
1688	1897	1898	1
1689	1898	1899	1
1690	1899	1900	1
1691	1900	1901	1
1692	1901	1902	1
1693	1902	1903	1
1694	1903	1904	1
1695	1904	1905	1
1696	1905	1906	1
1697	1906	1907	1
1698	1907	1908	1
1699	1908	1909	1
1700	1909	1910	1
1701	1910	1911	1
1702	1911	1912	1
1703	1912	1913	1
1704	1913	1914	1
1705	1914	1915	1
1706	1915	1916	1
1707	1916	1917	1
1708	1917	1918	1
1709	1918	1919	1
1710	1919	1920	1
1711	1920	1921	1
1712	1921	1922	1
1713	1922	1923	1
1714	1923	1924	1
1715	1924	1925	1
1716	1925	1926	1
1717	1926	1927	1
1718	1927	1928	1
1719	1928	1929	1
1720	1929	1930	1
1721	1930	1931	1
1722	1931	1932	1
1723	1932	1933	1
1724	1933	1934	1
1725	1934	1935	1
1726	1935	1936	1
1727	1936	1937	1
1728	1937	1938	1
1729	1938	1939	1
1730	1939	1940	1
1731	1940	1941	1
1732	1941	1942	1
1733	1942	1943	1
1734	1943	1944	1
1735	1944	1945	1
1736	1945	1946	1
1737	1946	1947	1
1738	1947	1948	1
1739	1948	1949	1
1740	1949	1950	1
1741	1950	1951	1
1742	1951	1952	1
1743	1952	1953	1
1744	1953	1954	1
1745	1954	1955	1
1746	1955	1956	1
1747	1956	1957	1
1748	1957	1958	1
1749	1958	1959	1
1750	1959	1960	1
1751	1960	1961	1
1752	1961	1962	1
1753	1962	1963	1
1754	1963	1964	1
1755	1964	1965	1
1756	1965	1966	1
1757	1966	1967	1
1758	1967	1968	1
1759	1968	1969	1
1760	1969	1970	1
1761	1970	1971	1
1762	1971	1972	1
1763	1972	1973	1
1764	1973	1974	1
1765	1974	1975	1
1766	1975	1976	1
1767	1976	1977	1
1768	1977	1978	1
1769	1978	1979	1
1770	1979	1980	1
1771	1980	1981	1
1772	1981	1982	1
1773	1982	1983	1
1774	1983	1984	1
1775	1984	1985	1
1776	1985	1986	1
1777	1986	1987	1
1778	1987	1988	1
1779	1988	1989	1
1780	1989	1990	1
1781	1990	1991	1
1782	1991	1992	1
1783	1992	1993	1
1784	1993	1994	1
1785	1994	1995	1
1786	1995	1996	1
1787	1996	1997	1
1788	1997	1998	1
1789	1998	1999	1
1790	1999	2000	1
1791	2000	2001	1
1792	2001	2002	1
1793	2002	2003	1
1794	2003	2004	1
1795	2004	2005	1
1796	2005	2006	1
1797	2006	2007	1
1798	2007	2008	1
1799	2008	2009	1
1800	2009	2010	1
1801	2010	2011	1
1802	2011	2012	1
1803	2012	2013	1
1804	2013	2014	1
1805	2014	2015	1
1806	2015	2016	1
1807	2016	2017	1
1808	2017	2018	1
1809	2018	2019	1
1810	2019	2020	1
1811	2020	2021	1
1812	2021	2022	1
1813	2022	2023	1
1814	2023	2024	1
1815	2024	2025	1
1816	2025	2026	1
1817	2026	2027	1
1818	2027	2028	1
1819	2028	2029	1
1820	2029	2030	1
1821	2030	2031	1
1822	2031	2032	1
1823	2032	2033	1
1824	2033	2034	1
1825	2034	2035	1
1826	2035	2036	1
1827	2036	2037	1
1828	2037	2038	1
1829	2038	2039	1
1830	2039	2040	1
1831	2040	2041	1
1832	2041	2042	1
1833	2042	2043	1
1834	2043	2044	1
1835	2044	2045	1
1836	2045	2046	1
1837	2046	2047	1
1838	2047	2048	1
1839	2048	2049	1
1840	2049	2050	1
1841	2050	2051	1
1842	2051	2052	1
1843	2052	2053	1
1844	2053	2054	1
1845	2054	2055	1
1846	2055	2056	1
1847	2056	2057	1
1848	2057	2058	1
1849	2058	2059	1
1850	2059	2060	1
1851	2060	2061	1
1852	2061	2062	1
1853	2062	2063	1
1854	2063	2064	1
1855	2064	2065	1
1856	2065	2066	1
1857	2066	2067	1
1858	2067	2068	1
1859	2068	2069	1
1860	2069	2070	1
1861	2070	2071	1
1862	2071	2072	1
1863	2072	2073	1
1864	2073	2074	1
1865	2074	2075	1
1866	2075	2076	1
1867	2076	2077	1
1868	2077	2078	1
1869	2078	2079	1
1870	2079	2080	1
1871	2080	2081	1
1872	2081	2082	1
1873	2082	2083	1
1874	2083	2084	1
1875	2084	2085	1
1876	2085	2086	1
1877	2086	2087	1
1878	2087	2088	1
1879	2088	2089	1
1880	2089	2090	1
1881	2090	2091	1
1882	2091	2092	1
1883	2092	2093	1
1884	2093	2094	1
1885	2094	2095	1
1886	2095	2096	1
1887	2096	2097	1
1888	2097	2098	1
1889	2098	2099	1
1890	2099	2100	1
1891	2100	2101	1
1892	2101	2102	1
1893	2102	2103	1
1894	2103	2104	1
1895	2104	2105	1
1896	2105	2106	1
1897	2106	2107	1
1898	2107	2108	1
1899	2108	2109	1
1900	2109	2110	1
1901	2110	2111	1
1902	2111	2112	1
1903	2112	2113	1
1904	2113	2114	1
1905	2114	2115	1
1906	2115	2116	1
1907	2116	2117	1
1908	2117	2118	1
1909	2118	2119	1
1910	2119	2120	1
1911	2120	2121	1
1912	2121	2122	1
1913	2122	2123	1
1914	2123	2124	1
1915	2124	2126	2
1916	2126	2128	2
1917	2128	2130	2
1918	2130	2132	2
1919	2132	2134	2
1920	2134	2136	2
1921	2136	2138	2
1922	2138	2140	2
1923	2140	2142	2
1924	2142	2144	2
1925	2144	2146	2
1926	2146	2148	2
1927	2148	2150	2
1928	2150	2152	2
1929	2152	2154	2
1930	2154	2156	2
1931	2156	2158	2
1932	2158	2160	2
1933	2160	2162	2
1934	2162	2164	2
1935	2164	2166	2
1936	2166	2168	2
1937	2168	2170	2
1938	2170	2172	2
1939	2172	2174	2
1940	2174	2176	2
1941	2176	2178	2
1942	2178	2180	2
1943	2180	2182	2
1944	2182	2184	2
1945	2184	2186	2
1946	2186	2188	2
1947	2188	2190	2
1948	2190	2192	2
1949	2192	2194	2
1950	2194	2196	2
1951	2196	2198	2
1952	2198	2200	2
1953	2200	2202	2
1954	2202	2204	2
1955	2204	2206	2
1956	2206	2208	2
1957	2208	2210	2
1958	2210	2212	2
1959	2212	2214	2
1960	2214	2216	2
1961	2216	2218	2
1962	2218	2220	2
1963	2220	2222	2
1964	2222	2224	2
1965	2224	2226	2
1966	2226	2228	2
1967	2228	2230	2
1968	2230	2232	2
1969	2232	2234	2
1970	2234	2236	2
1971	2236	2238	2
1972	2238	2240	2
1973	2240	2242	2
1974	2242	2244	2
1975	2244	2246	2
1976	2246	2248	2
1977	2248	2250	2
1978	2250	2252	2
1979	2252	2254	2
1980	2254	2256	2
1981	2256	2258	2
1982	2258	2260	2
1983	2260	2262	2
1984	2262	2264	2
1985	2264	2266	2
1986	2266	2268	2
1987	2268	2270	2
1988	2270	2272	2
1989	2272	2274	2
1990	2274	2276	2
1991	2276	2278	2
1992	2278	2280	2
1993	2280	2282	2
1994	2282	2284	2
1995	2284	2286	2
1996	2286	2288	2
1997	2288	2290	2
1998	2290	2292	2
1999	2292	2294	2
2000	2294	2296	2
2001	2296	2298	2
2002	2298	2300	2
2003	2300	2302	2
2004	2302	2304	2
2005	2304	2306	2
2006	2306	2308	2
2007	2308	2310	2
2008	2310	2312	2
2009	2312	2314	2
2010	2314	2316	2
2011	2316	2318	2
2012	2318	2320	2
2013	2320	2322	2
2014	2322	2324	2
2015	2324	2326	2
2016	2326	2328	2
2017	2328	2330	2
2018	2330	2332	2
2019	2332	2334	2
2020	2334	2336	2
2021	2336	2338	2
2022	2338	2340	2
2023	2340	2342	2
2024	2342	2344	2
2025	2344	2346	2
2026	2346	2348	2
2027	2348	2350	2
2028	2350	2352	2
2029	2352	2354	2
2030	2354	2356	2
2031	2356	2358	2
2032	2358	2360	2
2033	2360	2362	2
2034	2362	2364	2
2035	2364	2366	2
2036	2366	2368	2
2037	2368	2370	2
2038	2370	2372	2
2039	2372	2374	2
2040	2374	2376	2
2041	2376	2378	2
2042	2378	2380	2
2043	2380	2382	2
2044	2382	2384	2
2045	2384	2386	2
2046	2386	2388	2
2047	2388	2390	2
2048	2390	2392	2
2049	2392	2394	2
2050	2394	2396	2
2051	2396	2398	2
2052	2398	2400	2
2053	2400	2402	2
2054	2402	2404	2
2055	2404	2406	2
2056	2406	2408	2
2057	2408	2410	2
2058	2410	2412	2
2059	2412	2414	2
2060	2414	2416	2
2061	2416	2418	2
2062	2418	2420	2
2063	2420	2422	2
2064	2422	2424	2
2065	2424	2426	2
2066	2426	2428	2
2067	2428	2430	2
2068	2430	2432	2
2069	2432	2434	2
2070	2434	2436	2
2071	2436	2438	2
2072	2438	2440	2
2073	2440	2442	2
2074	2442	2444	2
2075	2444	2446	2
2076	2446	2448	2
2077	2448	2450	2
2078	2450	2452	2
2079	2452	2454	2
2080	2454	2456	2
2081	2456	2458	2
2082	2458	2460	2
2083	2460	2462	2
2084	2462	2464	2
2085	2464	2466	2
2086	2466	2468	2
2087	2468	2470	2
2088	2470	2472	2
2089	2472	2474	2
2090	2474	2476	2
2091	2476	2478	2
2092	2478	2480	2
2093	2480	2482	2
2094	2482	2484	2
2095	2484	2486	2
2096	2486	2488	2
2097	2488	2490	2
2098	2490	2492	2
2099	2492	2494	2
2100	2494	2496	2
2101	2496	2498	2
2102	2498	2500	2
2103	2500	2502	2
2104	2502	2504	2
2105	2504	2506	2
2106	2506	2508	2
2107	2508	2510	2
2108	2510	2512	2
2109	2512	2514	2
2110	2514	2516	2
2111	2516	2518	2
2112	2518	2520	2
2113	2520	2522	2
2114	2522	2524	2
2115	2524	2526	2
2116	2526	2528	2
2117	2528	2530	2
2118	2530	2532	2
2119	2532	2534	2
2120	2534	2536	2
2121	2536	2538	2
2122	2538	2540	2
2123	2540	2542	2
2124	2542	2544	2
2125	2544	2546	2
2126	2546	2548	2
2127	2548	2550	2
2128	2550	2552	2
2129	2552	2554	2
2130	2554	2556	2
2131	2556	2558	2
2132	2558	2560	2
2133	2560	2562	2
2134	2562	2564	2
2135	2564	2566	2
2136	2566	2568	2
2137	2568	2570	2
2138	2570	2572	2
2139	2572	2574	2
2140	2574	2576	2
2141	2576	2578	2
2142	2578	2580	2
2143	2580	2582	2
2144	2582	2584	2
2145	2584	2586	2
2146	2586	2588	2
2147	2588	2590	2
2148	2590	2592	2
2149	2592	2594	2
2150	2594	2596	2
2151	2596	2598	2
2152	2598	2600	2
2153	2600	2602	2
2154	2602	2604	2
2155	2604	2606	2
2156	2606	2608	2
2157	2608	2610	2
2158	2610	2612	2
2159	2612	2614	2
2160	2614	2616	2
2161	2616	2618	2
2162	2618	2620	2
2163	2620	2622	2
2164	2622	2624	2
2165	2624	2626	2
2166	2626	2628	2
2167	2628	2630	2
2168	2630	2632	2
2169	2632	2634	2
2170	2634	2636	2
2171	2636	2638	2
2172	2638	2640	2
2173	2640	2642	2
2174	2642	2644	2
2175	2644	2646	2
2176	2646	2648	2
2177	2648	2650	2
2178	2650	2652	2
2179	2652	2654	2
2180	2654	2656	2
2181	2656	2658	2
2182	2658	2660	2
2183	2660	2662	2
2184	2662	2664	2
2185	2664	2666	2
2186	2666	2668	2
2187	2668	2670	2
2188	2670	2672	2
2189	2672	2674	2
2190	2674	2676	2
2191	2676	2678	2
2192	2678	2680	2
2193	2680	2682	2
2194	2682	2684	2
2195	2684	2686	2
2196	2686	2688	2
2197	2688	2690	2
2198	2690	2692	2
2199	2692	2694	2
2200	2694	2696	2
2201	2696	2698	2
2202	2698	2700	2
2203	2700	2702	2
2204	2702	2704	2
2205	2704	2706	2
2206	2706	2708	2
2207	2708	2710	2
2208	2710	2712	2
2209	2712	2714	2
2210	2714	2716	2
2211	2716	2718	2
2212	2718	2720	2
2213	2720	2722	2
2214	2722	2724	2
2215	2724	2726	2
2216	2726	2728	2
2217	2728	2730	2
2218	2730	2732	2
2219	2732	2734	2
2220	2734	2736	2
2221	2736	2738	2
2222	2738	2740	2
2223	2740	2742	2
2224	2742	2744	2
2225	2744	2746	2
2226	2746	2748	2
2227	2748	2750	2
2228	2750	2752	2
2229	2752	2754	2
2230	2754	2756	2
2231	2756	2758	2
2232	2758	2760	2
2233	2760	2762	2
2234	2762	2764	2
2235	2764	2766	2
2236	2766	2768	2
2237	2768	2770	2
2238	2770	2772	2
2239	2772	2774	2
2240	2774	2776	2
2241	2776	2778	2
2242	2778	2780	2
2243	2780	2782	2
2244	2782	2784	2
2245	2784	2786	2
2246	2786	2788	2
2247	2788	2790	2
2248	2790	2792	2
2249	2792	2794	2
2250	2794	2796	2
2251	2796	2798	2
2252	2798	2800	2
2253	2800	2802	2
2254	2802	2804	2
2255	2804	2806	2
2256	2806	2808	2
2257	2808	2810	2
2258	2810	2812	2
2259	2812	2814	2
2260	2814	2816	2
2261	2816	2818	2
2262	2818	2820	2
2263	2820	2822	2
2264	2822	2824	2
2265	2824	2826	2
2266	2826	2828	2
2267	2828	2830	2
2268	2830	2832	2
2269	2832	2834	2
2270	2834	2836	2
2271	2836	2838	2
2272	2838	2840	2
2273	2840	2842	2
2274	2842	2844	2
2275	2844	2846	2
2276	2846	2848	2
2277	2848	2850	2
2278	2850	2852	2
2279	2852	2854	2
2280	2854	2856	2
2281	2856	2858	2
2282	2858	2860	2
2283	2860	2862	2
2284	2862	2864	2
2285	2864	2866	2
2286	2866	2868	2
2287	2868	2870	2
2288	2870	2872	2
2289	2872	2874	2
2290	2874	2876	2
2291	2876	2878	2
2292	2878	2880	2
2293	2880	2882	2
2294	2882	2884	2
2295	2884	2886	2
2296	2886	2888	2
2297	2888	2890	2
2298	2890	2892	2
2299	2892	2894	2
2300	2894	2896	2
2301	2896	2898	2
2302	2898	2900	2
2303	2900	2902	2
2304	2902	2904	2
2305	2904	2906	2
2306	2906	2908	2
2307	2908	2910	2
2308	2910	2912	2
2309	2912	2914	2
2310	2914	2916	2
2311	2916	2918	2
2312	2918	2920	2
2313	2920	2922	2
2314	2922	2924	2
2315	2924	2926	2
2316	2926	2928	2
2317	2928	2930	2
2318	2930	2932	2
2319	2932	2934	2
2320	2934	2936	2
2321	2936	2938	2
2322	2938	2940	2
2323	2940	2942	2
2324	2942	2944	2
2325	2944	2946	2
2326	2946	2948	2
2327	2948	2950	2
2328	2950	2952	2
2329	2952	2954	2
2330	2954	2956	2
2331	2956	2958	2
2332	2958	2960	2
2333	2960	2962	2
2334	2962	2964	2
2335	2964	2966	2
2336	2966	2968	2
2337	2968	2970	2
2338	2970	2972	2
2339	2972	2974	2
2340	2974	2976	2
2341	2976	2978	2
2342	2978	2980	2
2343	2980	2982	2
2344	2982	2984	2
2345	2984	2986	2
2346	2986	2988	2
2347	2988	2990	2
2348	2990	2992	2
2349	2992	2994	2
2350	2994	2996	2
2351	2996	2998	2
2352	2998	3000	2
2353	3000	3002	2
2354	3002	3004	2
2355	3004	3006	2
2356	3006	3008	2
2357	3008	3010	2
2358	3010	3012	2
2359	3012	3014	2
2360	3014	3016	2
2361	3016	3018	2
2362	3018	3020	2
2363	3020	3022	2
2364	3022	3024	2
2365	3024	3026	2
2366	3026	3028	2
2367	3028	3030	2
2368	3030	3032	2
2369	3032	3034	2
2370	3034	3036	2
2371	3036	3038	2
2372	3038	3040	2
2373	3040	3042	2
2374	3042	3044	2
2375	3044	3046	2
2376	3046	3048	2
2377	3048	3050	2
2378	3050	3052	2
2379	3052	3054	2
2380	3054	3056	2
2381	3056	3058	2
2382	3058	3060	2
2383	3060	3062	2
2384	3062	3064	2
2385	3064	3066	2
2386	3066	3068	2
2387	3068	3070	2
2388	3070	3072	2
2389	3072	3074	2
2390	3074	3076	2
2391	3076	3078	2
2392	3078	3080	2
2393	3080	3082	2
2394	3082	3084	2
2395	3084	3086	2
2396	3086	3088	2
2397	3088	3090	2
2398	3090	3092	2
2399	3092	3094	2
2400	3094	3096	2
2401	3096	3098	2
2402	3098	3100	2
2403	3100	3102	2
2404	3102	3104	2
2405	3104	3106	2
2406	3106	3108	2
2407	3108	3110	2
2408	3110	3112	2
2409	3112	3114	2
2410	3114	3116	2
2411	3116	3118	2
2412	3118	3120	2
2413	3120	3122	2
2414	3122	3124	2
2415	3124	3126	2
2416	3126	3128	2
2417	3128	3130	2
2418	3130	3132	2
2419	3132	3134	2
2420	3134	3136	2
2421	3136	3138	2
2422	3138	3140	2
2423	3140	3142	2
2424	3142	3144	2
2425	3144	3146	2
2426	3146	3148	2
2427	3148	3150	2
2428	3150	3152	2
2429	3152	3154	2
2430	3154	3156	2
2431	3156	3158	2
2432	3158	3160	2
2433	3160	3162	2
2434	3162	3164	2
2435	3164	3166	2
2436	3166	3168	2
2437	3168	3170	2
2438	3170	3172	2
2439	3172	3174	2
2440	3174	3176	2
2441	3176	3178	2
2442	3178	3180	2
2443	3180	3182	2
2444	3182	3184	2
2445	3184	3186	2
2446	3186	3188	2
2447	3188	3190	2
2448	3190	3192	2
2449	3192	3194	2
2450	3194	3196	2
2451	3196	3198	2
2452	3198	3200	2
2453	3200	3202	2
2454	3202	3204	2
2455	3204	3206	2
2456	3206	3208	2
2457	3208	3210	2
2458	3210	3212	2
2459	3212	3214	2
2460	3214	3216	2
2461	3216	3218	2
2462	3218	3220	2
2463	3220	3222	2
2464	3222	3224	2
2465	3224	3226	2
2466	3226	3228	2
2467	3228	3230	2
2468	3230	3232	2
2469	3232	3234	2
2470	3234	3236	2
2471	3236	3238	2
2472	3238	3240	2
2473	3240	3242	2
2474	3242	3244	2
2475	3244	3246	2
2476	3246	3248	2
2477	3248	3250	2
2478	3250	3252	2
2479	3252	3254	2
2480	3254	3256	2
2481	3256	3258	2
2482	3258	3260	2
2483	3260	3262	2
2484	3262	3264	2
2485	3264	3266	2
2486	3266	3268	2
2487	3268	3270	2
2488	3270	3272	2
2489	3272	3274	2
2490	3274	3276	2
2491	3276	3278	2
2492	3278	3280	2
2493	3280	3282	2
2494	3282	3284	2
2495	3284	3286	2
2496	3286	3288	2
2497	3288	3290	2
2498	3290	3292	2
2499	3292	3294	2
2500	3294	3296	2
2501	3296	3298	2
2502	3298	3300	2
2503	3300	3302	2
2504	3302	3304	2
2505	3304	3306	2
2506	3306	3308	2
2507	3308	3310	2
2508	3310	3312	2
2509	3312	3314	2
2510	3314	3316	2
2511	3316	3318	2
2512	3318	3320	2
2513	3320	3322	2
2514	3322	3324	2
2515	3324	3326	2
2516	3326	3328	2
2517	3328	3330	2
2518	3330	3332	2
2519	3332	3334	2
2520	3334	3336	2
2521	3336	3338	2
2522	3338	3340	2
2523	3340	3342	2
2524	3342	3344	2
2525	3344	3346	2
2526	3346	3348	2
2527	3348	3350	2
2528	3350	3352	2
2529	3352	3354	2
2530	3354	3356	2
2531	3356	3358	2
2532	3358	3360	2
2533	3360	3362	2
2534	3362	3364	2
2535	3364	3366	2
2536	3366	3368	2
2537	3368	3370	2
2538	3370	3372	2
2539	3372	3374	2
2540	3374	3376	2
2541	3376	3378	2
2542	3378	3380	2
2543	3380	3382	2
2544	3382	3384	2
2545	3384	3386	2
2546	3386	3388	2
2547	3388	3390	2
2548	3390	3392	2
2549	3392	3394	2
2550	3394	3396	2
2551	3396	3398	2
2552	3398	3400	2
2553	3400	3402	2
2554	3402	3404	2
2555	3404	3406	2
2556	3406	3408	2
2557	3408	3410	2
2558	3410	3412	2
2559	3412	3414	2
2560	3414	3416	2
2561	3416	3418	2
2562	3418	3420	2
2563	3420	3422	2
2564	3422	3424	2
2565	3424	3426	2
2566	3426	3428	2
2567	3428	3430	2
2568	3430	3432	2
2569	3432	3434	2
2570	3434	3436	2
2571	3436	3438	2
2572	3438	3440	2
2573	3440	3442	2
2574	3442	3444	2
2575	3444	3446	2
2576	3446	3448	2
2577	3448	3450	2
2578	3450	3452	2
2579	3452	3454	2
2580	3454	3456	2
2581	3456	3458	2
2582	3458	3460	2
2583	3460	3462	2
2584	3462	3464	2
2585	3464	3466	2
2586	3466	3468	2
2587	3468	3470	2
2588	3470	3472	2
2589	3472	3474	2
2590	3474	3476	2
2591	3476	3478	2
2592	3478	3480	2
2593	3480	3482	2
2594	3482	3484	2
2595	3484	3486	2
2596	3486	3488	2
2597	3488	3490	2
2598	3490	3492	2
2599	3492	3494	2
2600	3494	3496	2
2601	3496	3498	2
2602	3498	3500	2
2603	3500	3502	2
2604	3502	3504	2
2605	3504	3506	2
2606	3506	3508	2
2607	3508	3510	2
2608	3510	3512	2
2609	3512	3514	2
2610	3514	3516	2
2611	3516	3518	2
2612	3518	3520	2
2613	3520	3522	2
2614	3522	3524	2
2615	3524	3526	2
2616	3526	3528	2
2617	3528	3530	2
2618	3530	3532	2
2619	3532	3534	2
2620	3534	3536	2
2621	3536	3538	2
2622	3538	3540	2
2623	3540	3542	2
2624	3542	3544	2
2625	3544	3546	2
2626	3546	3548	2
2627	3548	3550	2
2628	3550	3552	2
2629	3552	3554	2
2630	3554	3556	2
2631	3556	3558	2
2632	3558	3560	2
2633	3560	3562	2
2634	3562	3564	2
2635	3564	3566	2
2636	3566	3568	2
2637	3568	3570	2
2638	3570	3572	2
2639	3572	3574	2
2640	3574	3576	2
2641	3576	3578	2
2642	3578	3580	2
2643	3580	3582	2
2644	3582	3584	2
2645	3584	3586	2
2646	3586	3588	2
2647	3588	3590	2
2648	3590	3592	2
2649	3592	3594	2
2650	3594	3596	2
2651	3596	3598	2
2652	3598	3600	2
2653	3600	3602	2
2654	3602	3604	2
2655	3604	3606	2
2656	3606	3608	2
2657	3608	3610	2
2658	3610	3612	2
2659	3612	3614	2
2660	3614	3616	2
2661	3616	3618	2
2662	3618	3620	2
2663	3620	3622	2
2664	3622	3624	2
2665	3624	3626	2
2666	3626	3628	2
2667	3628	3630	2
2668	3630	3632	2
2669	3632	3634	2
2670	3634	3636	2
2671	3636	3638	2
2672	3638	3640	2
2673	3640	3642	2
2674	3642	3644	2
2675	3644	3646	2
2676	3646	3648	2
2677	3648	3650	2
2678	3650	3652	2
2679	3652	3654	2
2680	3654	3656	2
2681	3656	3658	2
2682	3658	3660	2
2683	3660	3662	2
2684	3662	3664	2
2685	3664	3666	2
2686	3666	3668	2
2687	3668	3670	2
2688	3670	3672	2
2689	3672	3674	2
2690	3674	3676	2
2691	3676	3678	2
2692	3678	3680	2
2693	3680	3682	2
2694	3682	3684	2
2695	3684	3686	2
2696	3686	3688	2
2697	3688	3690	2
2698	3690	3692	2
2699	3692	3694	2
2700	3694	3696	2
2701	3696	3698	2
2702	3698	3700	2
2703	3700	3702	2
2704	3702	3704	2
2705	3704	3706	2
2706	3706	3708	2
2707	3708	3710	2
2708	3710	3712	2
2709	3712	3714	2
2710	3714	3716	2
2711	3716	3718	2
2712	3718	3720	2
2713	3720	3722	2
2714	3722	3724	2
2715	3724	3726	2
2716	3726	3728	2
2717	3728	3730	2
2718	3730	3732	2
2719	3732	3734	2
2720	3734	3736	2
2721	3736	3738	2
2722	3738	3740	2
2723	3740	3742	2
2724	3742	3744	2
2725	3744	3746	2
2726	3746	3748	2
2727	3748	3750	2
2728	3750	3752	2
2729	3752	3754	2
2730	3754	3756	2
2731	3756	3758	2
2732	3758	3760	2
2733	3760	3762	2
2734	3762	3764	2
2735	3764	3766	2
2736	3766	3768	2
2737	3768	3770	2
2738	3770	3772	2
2739	3772	3774	2
2740	3774	3776	2
2741	3776	3778	2
2742	3778	3780	2
2743	3780	3782	2
2744	3782	3784	2
2745	3784	3786	2
2746	3786	3788	2
2747	3788	3790	2
2748	3790	3792	2
2749	3792	3794	2
2750	3794	3796	2
2751	3796	3798	2
2752	3798	3800	2
2753	3800	3802	2
2754	3802	3804	2
2755	3804	3806	2
2756	3806	3808	2
2757	3808	3810	2
2758	3810	3812	2
2759	3812	3814	2
2760	3814	3816	2
2761	3816	3818	2
2762	3818	3820	2
2763	3820	3822	2
2764	3822	3824	2
2765	3824	3826	2
2766	3826	3828	2
2767	3828	3830	2
2768	3830	3832	2
2769	3832	3834	2
2770	3834	3836	2
2771	3836	3838	2
2772	3838	3840	2
2773	3840	3842	2
2774	3842	3844	2
2775	3844	3846	2
2776	3846	3848	2
2777	3848	3850	2
2778	3850	3852	2
2779	3852	3854	2
2780	3854	3856	2
2781	3856	3858	2
2782	3858	3860	2
2783	3860	3862	2
2784	3862	3864	2
2785	3864	3866	2
2786	3866	3868	2
2787	3868	3870	2
2788	3870	3872	2
2789	3872	3874	2
2790	3874	3876	2
2791	3876	3878	2
2792	3878	3880	2
2793	3880	3882	2
2794	3882	3884	2
2795	3884	3886	2
2796	3886	3888	2
2797	3888	3890	2
2798	3890	3892	2
2799	3892	3894	2
2800	3894	3896	2
2801	3896	3898	2
2802	3898	3900	2
2803	3900	3902	2
2804	3902	3904	2
2805	3904	3906	2
2806	3906	3908	2
2807	3908	3910	2
2808	3910	3912	2
2809	3912	3914	2
2810	3914	3916	2
2811	3916	3918	2
2812	3918	3920	2
2813	3920	3922	2
2814	3922	3924	2
2815	3924	3926	2
2816	3926	3928	2
2817	3928	3930	2
2818	3930	3932	2
2819	3932	3934	2
2820	3934	3936	2
2821	3936	3938	2
2822	3938	3940	2
2823	3940	3942	2
2824	3942	3944	2
2825	3944	3946	2
2826	3946	3948	2
2827	3948	3950	2
2828	3950	3952	2
2829	3952	3954	2
2830	3954	3956	2
2831	3956	3958	2
2832	3958	3960	2
2833	3960	3962	2
2834	3962	3964	2
2835	3964	3966	2
2836	3966	3968	2
2837	3968	3970	2
2838	3970	3972	2
2839	3972	3974	2
2840	3974	3976	2
2841	3976	3978	2
2842	3978	3980	2
2843	3980	3982	2
2844	3982	3984	2
2845	3984	3986	2
2846	3986	3988	2
2847	3988	3990	2
2848	3990	3992	2
2849	3992	3994	2
2850	3994	3996	2
2851	3996	3998	2
2852	3998	4000	2
2853	4000	4002	2
2854	4002	4004	2
2855	4004	4006	2
2856	4006	4008	2
2857	4008	4010	2
2858	4010	4012	2
2859	4012	4014	2
2860	4014	4016	2
2861	4016	4018	2
2862	4018	4020	2
2863	4020	4022	2
2864	4022	4024	2
2865	4024	4026	2
2866	4026	4028	2
2867	4028	4030	2
2868	4030	4032	2
2869	4032	4034	2
2870	4034	4036	2
2871	4036	4038	2
2872	4038	4040	2
2873	4040	4042	2
2874	4042	4044	2
2875	4044	4046	2
2876	4046	4048	2
2877	4048	4050	2
2878	4050	4052	2
2879	4052	4054	2
2880	4054	4056	2
2881	4056	4058	2
2882	4058	4060	2
2883	4060	4062	2
2884	4062	4064	2
2885	4064	4066	2
2886	4066	4068	2
2887	4068	4070	2
2888	4070	4072	2
2889	4072	4074	2
2890	4074	4076	2
2891	4076	4078	2
2892	4078	4080	2
2893	4080	4082	2
2894	4082	4084	2
2895	4084	4086	2
2896	4086	4088	2
2897	4088	4090	2
2898	4090	4092	2
2899	4092	4094	2
2900	4094	4096	2
2901	4096	4098	2
2902	4098	4100	2
2903	4100	4102	2
2904	4102	4104	2
2905	4104	4106	2
2906	4106	4108	2
2907	4108	4110	2
2908	4110	4112	2
2909	4112	4114	2
2910	4114	4116	2
2911	4116	4118	2
2912	4118	4120	2
2913	4120	4122	2
2914	4122	4124	2
2915	4124	4126	2
2916	4126	4128	2
2917	4128	4130	2
2918	4130	4132	2
2919	4132	4134	2
2920	4134	4136	2
2921	4136	4138	2
2922	4138	4140	2
2923	4140	4142	2
2924	4142	4144	2
2925	4144	4146	2
2926	4146	4148	2
2927	4148	4150	2
2928	4150	4152	2
2929	4152	4154	2
2930	4154	4156	2
2931	4156	4158	2
2932	4158	4160	2
2933	4160	4162	2
2934	4162	4164	2
2935	4164	4166	2
2936	4166	4168	2
2937	4168	4170	2
2938	4170	4172	2
2939	4172	4174	2
2940	4174	4176	2
2941	4176	4178	2
2942	4178	4180	2
2943	4180	4182	2
2944	4182	4184	2
2945	4184	4186	2
2946	4186	4188	2
2947	4188	4190	2
2948	4190	4192	2
2949	4192	4194	2
2950	4194	4196	2
2951	4196	4198	2
2952	4198	4200	2
2953	4200	4202	2
2954	4202	4204	2
2955	4204	4206	2
2956	4206	4208	2
2957	4208	4210	2
2958	4210	4212	2
2959	4212	4214	2
2960	4214	4216	2
2961	4216	4218	2
2962	4218	4220	2
2963	4220	4222	2
2964	4222	4224	2
2965	4224	4226	2
2966	4226	4228	2
2967	4228	4230	2
2968	4230	4232	2
2969	4232	4234	2
2970	4234	4236	2
2971	4236	4238	2
2972	4238	4240	2
2973	4240	4242	2
2974	4242	4244	2
2975	4244	4246	2
2976	4246	4248	2
2977	4248	4250	2
2978	4250	4252	2
2979	4252	4254	2
2980	4254	4256	2
2981	4256	4258	2
2982	4258	4260	2
2983	4260	4262	2
2984	4262	4264	2
2985	4264	4266	2
2986	4266	4268	2
2987	4268	4270	2
2988	4270	4272	2
2989	4272	4274	2
2990	4274	4276	2
2991	4276	4278	2
2992	4278	4280	2
2993	4280	4282	2
2994	4282	4284	2
2995	4284	4286	2
2996	4286	4288	2
2997	4288	4290	2
2998	4290	4292	2
2999	4292	4294	2
3000	4294	4296	2
3001	4296	4298	2
3002	4298	4300	2
3003	4300	4302	2
3004	4302	4304	2
3005	4304	4306	2
3006	4306	4308	2
3007	4308	4310	2
3008	4310	4312	2
3009	4312	4314	2
3010	4314	4316	2
3011	4316	4318	2
3012	4318	4320	2
3013	4320	4322	2
3014	4322	4324	2
3015	4324	4326	2
3016	4326	4328	2
3017	4328	4330	2
3018	4330	4332	2
3019	4332	4334	2
3020	4334	4336	2
3021	4336	4338	2
3022	4338	4340	2
3023	4340	4342	2
3024	4342	4344	2
3025	4344	4346	2
3026	4346	4348	2
3027	4348	4350	2
3028	4350	4352	2
3029	4352	4354	2
3030	4354	4356	2
3031	4356	4358	2
3032	4358	4360	2
3033	4360	4362	2
3034	4362	4365	3
3035	4365	4368	3
3036	4368	4371	3
3037	4371	4374	3
3038	4374	4377	3
3039	4377	4380	3
3040	4380	4383	3
3041	4383	4386	3
3042	4386	4389	3
3043	4389	4392	3
3044	4392	4395	3
3045	4395	4398	3
3046	4398	4401	3
3047	4401	4404	3
3048	4404	4407	3
3049	4407	4410	3
3050	4410	4413	3
3051	4413	4416	3
3052	4416	4419	3
3053	4419	4422	3
3054	4422	4425	3
3055	4425	4428	3
3056	4428	4431	3
3057	4431	4434	3
3058	4434	4437	3
3059	4437	4440	3
3060	4440	4443	3
3061	4443	4446	3
3062	4446	4449	3
3063	4449	4452	3
3064	4452	4455	3
3065	4455	4458	3
3066	4458	4461	3
3067	4461	4464	3
3068	4464	4467	3
3069	4467	4470	3
3070	4470	4473	3
3071	4473	4476	3
3072	4476	4479	3
3073	4479	4482	3
3074	4482	4485	3
3075	4485	4488	3
3076	4488	4491	3
3077	4491	4494	3
3078	4494	4497	3
3079	4497	4500	3
3080	4500	4503	3
3081	4503	4506	3
3082	4506	4509	3
3083	4509	4512	3
3084	4512	4515	3
3085	4515	4518	3
3086	4518	4521	3
3087	4521	4524	3
3088	4524	4527	3
3089	4527	4530	3
3090	4530	4533	3
3091	4533	4536	3
3092	4536	4539	3
3093	4539	4542	3
3094	4542	4545	3
3095	4545	4548	3
3096	4548	4551	3
3097	4551	4554	3
3098	4554	4557	3
3099	4557	4560	3
3100	4560	4563	3
3101	4563	4566	3
3102	4566	4569	3
3103	4569	4572	3
3104	4572	4575	3
3105	4575	4578	3
3106	4578	4581	3
3107	4581	4584	3
3108	4584	4587	3
3109	4587	4590	3
3110	4590	4593	3
3111	4593	4596	3
3112	4596	4599	3
3113	4599	4602	3
3114	4602	4605	3
3115	4605	4608	3
3116	4608	4611	3
3117	4611	4614	3
3118	4614	4617	3
3119	4617	4620	3
3120	4620	4623	3
3121	4623	4626	3
3122	4626	4629	3
3123	4629	4632	3
3124	4632	4635	3
3125	4635	4638	3
3126	4638	4641	3
3127	4641	4644	3
3128	4644	4647	3
3129	4647	4650	3
3130	4650	4653	3
3131	4653	4656	3
3132	4656	4659	3
3133	4659	4662	3
3134	4662	4665	3
3135	4665	4668	3
3136	4668	4671	3
3137	4671	4674	3
3138	4674	4677	3
3139	4677	4680	3
3140	4680	4683	3
3141	4683	4686	3
3142	4686	4689	3
3143	4689	4692	3
3144	4692	4695	3
3145	4695	4698	3
3146	4698	4701	3
3147	4701	4704	3
3148	4704	4707	3
3149	4707	4710	3
3150	4710	4713	3
3151	4713	4716	3
3152	4716	4719	3
3153	4719	4722	3
3154	4722	4725	3
3155	4725	4728	3
3156	4728	4731	3
3157	4731	4734	3
3158	4734	4737	3
3159	4737	4740	3
3160	4740	4743	3
3161	4743	4746	3
3162	4746	4749	3
3163	4749	4752	3
3164	4752	4755	3
3165	4755	4758	3
3166	4758	4761	3
3167	4761	4764	3
3168	4764	4767	3
3169	4767	4770	3
3170	4770	4773	3
3171	4773	4776	3
3172	4776	4779	3
3173	4779	4782	3
3174	4782	4785	3
3175	4785	4788	3
3176	4788	4791	3
3177	4791	4794	3
3178	4794	4797	3
3179	4797	4800	3
3180	4800	4803	3
3181	4803	4806	3
3182	4806	4809	3
3183	4809	4812	3
3184	4812	4815	3
3185	4815	4818	3
3186	4818	4821	3
3187	4821	4824	3
3188	4824	4827	3
3189	4827	4830	3
3190	4830	4833	3
3191	4833	4836	3
3192	4836	4839	3
3193	4839	4842	3
3194	4842	4845	3
3195	4845	4848	3
3196	4848	4851	3
3197	4851	4854	3
3198	4854	4857	3
3199	4857	4860	3
3200	4860	4863	3
3201	4863	4866	3
3202	4866	4869	3
3203	4869	4872	3
3204	4872	4875	3
3205	4875	4878	3
3206	4878	4881	3
3207	4881	4884	3
3208	4884	4887	3
3209	4887	4890	3
3210	4890	4893	3
3211	4893	4896	3
3212	4896	4899	3
3213	4899	4902	3
3214	4902	4905	3
3215	4905	4908	3
3216	4908	4911	3
3217	4911	4914	3
3218	4914	4917	3
3219	4917	4920	3
3220	4920	4923	3
3221	4923	4926	3
3222	4926	4929	3
3223	4929	4932	3
3224	4932	4935	3
3225	4935	4938	3
3226	4938	4941	3
3227	4941	4944	3
3228	4944	4947	3
3229	4947	4950	3
3230	4950	4953	3
3231	4953	4956	3
3232	4956	4959	3
3233	4959	4962	3
3234	4962	4965	3
3235	4965	4968	3
3236	4968	4971	3
3237	4971	4974	3
3238	4974	4977	3
3239	4977	4980	3
3240	4980	4983	3
3241	4983	4986	3
3242	4986	4989	3
3243	4989	4992	3
3244	4992	4995	3
3245	4995	4998	3
3246	4998	5001	3
3247	5001	5004	3
3248	5004	5007	3
3249	5007	5010	3
3250	5010	5013	3
3251	5013	5016	3
3252	5016	5019	3
3253	5019	5022	3
3254	5022	5025	3
3255	5025	5028	3
3256	5028	5031	3
3257	5031	5034	3
3258	5034	5037	3
3259	5037	5040	3
3260	5040	5043	3
3261	5043	5046	3
3262	5046	5049	3
3263	5049	5052	3
3264	5052	5055	3
3265	5055	5058	3
3266	5058	5061	3
3267	5061	5064	3
3268	5064	5067	3
3269	5067	5070	3
3270	5070	5073	3
3271	5073	5076	3
3272	5076	5079	3
3273	5079	5082	3
3274	5082	5085	3
3275	5085	5088	3
3276	5088	5091	3
3277	5091	5094	3
3278	5094	5097	3
3279	5097	5100	3
3280	5100	5103	3
3281	5103	5106	3
3282	5106	5109	3
3283	5109	5112	3
3284	5112	5115	3
3285	5115	5118	3
3286	5118	5121	3
3287	5121	5124	3
3288	5124	5127	3
3289	5127	5130	3
3290	5130	5133	3
3291	5133	5136	3
3292	5136	5139	3
3293	5139	5142	3
3294	5142	5145	3
3295	5145	5148	3
3296	5148	5151	3
3297	5151	5154	3
3298	5154	5157	3
3299	5157	5160	3
3300	5160	5163	3
3301	5163	5166	3
3302	5166	5169	3
3303	5169	5172	3
3304	5172	5175	3
3305	5175	5178	3
3306	5178	5181	3
3307	5181	5184	3
3308	5184	5187	3
3309	5187	5190	3
3310	5190	5193	3
3311	5193	5196	3
3312	5196	5199	3
3313	5199	5202	3
3314	5202	5205	3
3315	5205	5208	3
3316	5208	5211	3
3317	5211	5214	3
3318	5214	5217	3
3319	5217	5220	3
3320	5220	5223	3
3321	5223	5226	3
3322	5226	5229	3
3323	5229	5232	3
3324	5232	5235	3
3325	5235	5238	3
3326	5238	5241	3
3327	5241	5244	3
3328	5244	5247	3
3329	5247	5250	3
3330	5250	5253	3
3331	5253	5256	3
3332	5256	5259	3
3333	5259	5262	3
3334	5262	5265	3
3335	5265	5268	3
3336	5268	5271	3
3337	5271	5274	3
3338	5274	5277	3
3339	5277	5280	3
3340	5280	5283	3
3341	5283	5286	3
3342	5286	5289	3
3343	5289	5292	3
3344	5292	5295	3
3345	5295	5298	3
3346	5298	5301	3
3347	5301	5304	3
3348	5304	5307	3
3349	5307	5310	3
3350	5310	5313	3
3351	5313	5316	3
3352	5316	5319	3
3353	5319	5322	3
3354	5322	5325	3
3355	5325	5328	3
3356	5328	5331	3
3357	5331	5334	3
3358	5334	5337	3
3359	5337	5340	3
3360	5340	5343	3
3361	5343	5346	3
3362	5346	5349	3
3363	5349	5352	3
3364	5352	5355	3
3365	5355	5358	3
3366	5358	5361	3
3367	5361	5364	3
3368	5364	5367	3
3369	5367	5370	3
3370	5370	5373	3
3371	5373	5376	3
3372	5376	5379	3
3373	5379	5382	3
3374	5382	5385	3
3375	5385	5388	3
3376	5388	5391	3
3377	5391	5394	3
3378	5394	5397	3
3379	5397	5400	3
3380	5400	5403	3
3381	5403	5406	3
3382	5406	5409	3
3383	5409	5412	3
3384	5412	5415	3
3385	5415	5418	3
3386	5418	5421	3
3387	5421	5424	3
3388	5424	5427	3
3389	5427	5430	3
3390	5430	5433	3
3391	5433	5436	3
3392	5436	5439	3
3393	5439	5442	3
3394	5442	5445	3
3395	5445	5448	3
3396	5448	5451	3
3397	5451	5454	3
3398	5454	5457	3
3399	5457	5460	3
3400	5460	5463	3
3401	5463	5466	3
3402	5466	5469	3
3403	5469	5472	3
3404	5472	5475	3
3405	5475	5478	3
3406	5478	5481	3
3407	5481	5484	3
3408	5484	5487	3
3409	5487	5490	3
3410	5490	5493	3
3411	5493	5496	3
3412	5496	5499	3
3413	5499	5502	3
3414	5502	5505	3
3415	5505	5508	3
3416	5508	5511	3
3417	5511	5514	3
3418	5514	5517	3
3419	5517	5520	3
3420	5520	5523	3
3421	5523	5526	3
3422	5526	5529	3
3423	5529	5532	3
3424	5532	5535	3
3425	5535	5538	3
3426	5538	5541	3
3427	5541	5544	3
3428	5544	5547	3
3429	5547	5550	3
3430	5550	5553	3
3431	5553	5556	3
3432	5556	5559	3
3433	5559	5562	3
3434	5562	5565	3
3435	5565	5568	3
3436	5568	5571	3
3437	5571	5574	3
3438	5574	5577	3
3439	5577	5580	3
3440	5580	5583	3
3441	5583	5586	3
3442	5586	5589	3
3443	5589	5592	3
3444	5592	5595	3
3445	5595	5598	3
3446	5598	5601	3
3447	5601	5604	3
3448	5604	5607	3
3449	5607	5610	3
3450	5610	5613	3
3451	5613	5616	3
3452	5616	5619	3
3453	5619	5622	3
3454	5622	5625	3
3455	5625	5628	3
3456	5628	5631	3
3457	5631	5634	3
3458	5634	5637	3
3459	5637	5640	3
3460	5640	5643	3
3461	5643	5646	3
3462	5646	5649	3
3463	5649	5652	3
3464	5652	5655	3
3465	5655	5658	3
3466	5658	5661	3
3467	5661	5664	3
3468	5664	5667	3
3469	5667	5670	3
3470	5670	5673	3
3471	5673	5676	3
3472	5676	5679	3
3473	5679	5682	3
3474	5682	5685	3
3475	5685	5688	3
3476	5688	5691	3
3477	5691	5694	3
3478	5694	5697	3
3479	5697	5700	3
3480	5700	5703	3
3481	5703	5706	3
3482	5706	5709	3
3483	5709	5712	3
3484	5712	5715	3
3485	5715	5718	3
3486	5718	5721	3
3487	5721	5724	3
3488	5724	5727	3
3489	5727	5730	3
3490	5730	5733	3
3491	5733	5736	3
3492	5736	5739	3
3493	5739	5742	3
3494	5742	5745	3
3495	5745	5748	3
3496	5748	5751	3
3497	5751	5754	3
3498	5754	5757	3
3499	5757	5760	3
3500	5760	5763	3
3501	5763	5766	3
3502	5766	5769	3
3503	5769	5772	3
3504	5772	5775	3
3505	5775	5778	3
3506	5778	5781	3
3507	5781	5784	3
3508	5784	5787	3
3509	5787	5790	3
3510	5790	5793	3
3511	5793	5796	3
3512	5796	5799	3
3513	5799	5802	3
3514	5802	5805	3
3515	5805	5808	3
3516	5808	5811	3
3517	5811	5814	3
3518	5814	5817	3
3519	5817	5820	3
3520	5820	5823	3
3521	5823	5826	3
3522	5826	5829	3
3523	5829	5832	3
3524	5832	5835	3
3525	5835	5838	3
3526	5838	5841	3
3527	5841	5844	3
3528	5844	5847	3
3529	5847	5850	3
3530	5850	5853	3
3531	5853	5856	3
3532	5856	5859	3
3533	5859	5862	3
3534	5862	5865	3
3535	5865	5868	3
3536	5868	5871	3
3537	5871	5874	3
3538	5874	5877	3
3539	5877	5880	3
3540	5880	5883	3
3541	5883	5886	3
3542	5886	5889	3
3543	5889	5892	3
3544	5892	5895	3
3545	5895	5898	3
3546	5898	5901	3
3547	5901	5904	3
3548	5904	5907	3
3549	5907	5910	3
3550	5910	5913	3
3551	5913	5916	3
3552	5916	5919	3
3553	5919	5922	3
3554	5922	5925	3
3555	5925	5928	3
3556	5928	5931	3
3557	5931	5934	3
3558	5934	5937	3
3559	5937	5940	3
3560	5940	5943	3
3561	5943	5946	3
3562	5946	5949	3
3563	5949	5952	3
3564	5952	5955	3
3565	5955	5958	3
3566	5958	5961	3
3567	5961	5964	3
3568	5964	5967	3
3569	5967	5970	3
3570	5970	5973	3
3571	5973	5976	3
3572	5976	5979	3
3573	5979	5982	3
3574	5982	5985	3
3575	5985	5988	3
3576	5988	5991	3
3577	5991	5994	3
3578	5994	5997	3
3579	5997	6000	3
3580	6000	6003	3
3581	6003	6006	3
3582	6006	6009	3
3583	6009	6012	3
3584	6012	6015	3
3585	6015	6018	3
3586	6018	6021	3
3587	6021	6024	3
3588	6024	6027	3
3589	6027	6030	3
3590	6030	6033	3
3591	6033	6036	3
3592	6036	6040	4
3593	6040	6044	4
3594	6044	6048	4
3595	6048	6052	4
3596	6052	6056	4
3597	6056	6060	4
3598	6060	6064	4
3599	6064	6068	4
3600	6068	6072	4
3601	6072	6076	4
3602	6076	6080	4
3603	6080	6084	4
3604	6084	6088	4
3605	6088	6092	4
3606	6092	6096	4
3607	6096	6100	4
3608	6100	6104	4
3609	6104	6108	4
3610	6108	6112	4
3611	6112	6116	4
3612	6116	6120	4
3613	6120	6124	4
3614	6124	6128	4
3615	6128	6132	4
3616	6132	6136	4
3617	6136	6140	4
3618	6140	6144	4
3619	6144	6148	4
3620	6148	6152	4
3621	6152	6156	4
3622	6156	6160	4
3623	6160	6164	4
3624	6164	6168	4
3625	6168	6172	4
3626	6172	6176	4
3627	6176	6180	4
3628	6180	6184	4
3629	6184	6188	4
3630	6188	6192	4
3631	6192	6196	4
3632	6196	6200	4
3633	6200	6204	4
3634	6204	6208	4
3635	6208	6212	4
3636	6212	6216	4
3637	6216	6220	4
3638	6220	6224	4
3639	6224	6228	4
3640	6228	6232	4
3641	6232	6236	4
3642	6236	6240	4
3643	6240	6244	4
3644	6244	6248	4
3645	6248	6252	4
3646	6252	6256	4
3647	6256	6260	4
3648	6260	6264	4
3649	6264	6268	4
3650	6268	6272	4
3651	6272	6276	4
3652	6276	6280	4
3653	6280	6284	4
3654	6284	6288	4
3655	6288	6292	4
3656	6292	6296	4
3657	6296	6300	4
3658	6300	6304	4
3659	6304	6308	4
3660	6308	6312	4
3661	6312	6316	4
3662	6316	6320	4
3663	6320	6324	4
3664	6324	6328	4
3665	6328	6332	4
3666	6332	6336	4
3667	6336	6340	4
3668	6340	6344	4
3669	6344	6348	4
3670	6348	6352	4
3671	6352	6356	4
3672	6356	6360	4
3673	6360	6364	4
3674	6364	6368	4
3675	6368	6372	4
3676	6372	6376	4
3677	6376	6380	4
3678	6380	6384	4
3679	6384	6388	4
3680	6388	6392	4
3681	6392	6396	4
3682	6396	6400	4
3683	6400	6404	4
3684	6404	6408	4
3685	6408	6412	4
3686	6412	6416	4
3687	6416	6420	4
3688	6420	6424	4
3689	6424	6428	4
3690	6428	6432	4
3691	6432	6436	4
3692	6436	6440	4
3693	6440	6444	4
3694	6444	6448	4
3695	6448	6452	4
3696	6452	6456	4
3697	6456	6460	4
3698	6460	6464	4
3699	6464	6468	4
3700	6468	6472	4
3701	6472	6476	4
3702	6476	6480	4
3703	6480	6484	4
3704	6484	6488	4
3705	6488	6492	4
3706	6492	6496	4
3707	6496	6500	4
3708	6500	6504	4
3709	6504	6508	4
3710	6508	6512	4
3711	6512	6516	4
3712	6516	6520	4
3713	6520	6524	4
3714	6524	6528	4
3715	6528	6532	4
3716	6532	6536	4
3717	6536	6540	4
3718	6540	6544	4
3719	6544	6548	4
3720	6548	6552	4
3721	6552	6556	4
3722	6556	6560	4
3723	6560	6564	4
3724	6564	6568	4
3725	6568	6572	4
3726	6572	6576	4
3727	6576	6580	4
3728	6580	6584	4
3729	6584	6588	4
3730	6588	6592	4
3731	6592	6596	4
3732	6596	6600	4
3733	6600	6604	4
3734	6604	6608	4
3735	6608	6612	4
3736	6612	6616	4
3737	6616	6620	4
3738	6620	6624	4
3739	6624	6628	4
3740	6628	6632	4
3741	6632	6636	4
3742	6636	6640	4
3743	6640	6644	4
3744	6644	6648	4
3745	6648	6652	4
3746	6652	6656	4
3747	6656	6660	4
3748	6660	6664	4
3749	6664	6668	4
3750	6668	6672	4
3751	6672	6676	4
3752	6676	6680	4
3753	6680	6684	4
3754	6684	6688	4
3755	6688	6692	4
3756	6692	6696	4
3757	6696	6700	4
3758	6700	6704	4
3759	6704	6708	4
3760	6708	6712	4
3761	6712	6716	4
3762	6716	6720	4
3763	6720	6724	4
3764	6724	6728	4
3765	6728	6732	4
3766	6732	6736	4
3767	6736	6740	4
3768	6740	6744	4
3769	6744	6748	4
3770	6748	6752	4
3771	6752	6756	4
3772	6756	6760	4
3773	6760	6764	4
3774	6764	6768	4
3775	6768	6772	4
3776	6772	6776	4
3777	6776	6780	4
3778	6780	6784	4
3779	6784	6788	4
3780	6788	6792	4
3781	6792	6796	4
3782	6796	6800	4
3783	6800	6804	4
3784	6804	6808	4
3785	6808	6812	4
3786	6812	6816	4
3787	6816	6820	4
3788	6820	6824	4
3789	6824	6828	4
3790	6828	6832	4
3791	6832	6836	4
3792	6836	6840	4
3793	6840	6844	4
3794	6844	6848	4
3795	6848	6852	4
3796	6852	6856	4
3797	6856	6860	4
3798	6860	6864	4
3799	6864	6868	4
3800	6868	6872	4
3801	6872	6876	4
3802	6876	6880	4
3803	6880	6884	4
3804	6884	6888	4
3805	6888	6892	4
3806	6892	6896	4
3807	6896	6900	4
3808	6900	6904	4
3809	6904	6908	4
3810	6908	6912	4
3811	6912	6916	4
3812	6916	6920	4
3813	6920	6924	4
3814	6924	6928	4
3815	6928	6932	4
3816	6932	6936	4
3817	6936	6940	4
3818	6940	6944	4
3819	6944	6948	4
3820	6948	6952	4
3821	6952	6956	4
3822	6956	6960	4
3823	6960	6964	4
3824	6964	6968	4
3825	6968	6972	4
3826	6972	6976	4
3827	6976	6980	4
3828	6980	6984	4
3829	6984	6988	4
3830	6988	6992	4
3831	6992	6996	4
3832	6996	7000	4
3833	7000	7004	4
3834	7004	7008	4
3835	7008	7012	4
3836	7012	7016	4
3837	7016	7020	4
3838	7020	7024	4
3839	7024	7028	4
3840	7028	7032	4
3841	7032	7036	4
3842	7036	7040	4
3843	7040	7044	4
3844	7044	7048	4
3845	7048	7052	4
3846	7052	7056	4
3847	7056	7060	4
3848	7060	7064	4
3849	7064	7068	4
3850	7068	7072	4
3851	7072	7076	4
3852	7076	7080	4
3853	7080	7084	4
3854	7084	7088	4
3855	7088	7092	4
3856	7092	7096	4
3857	7096	7100	4
3858	7100	7104	4
3859	7104	7108	4
3860	7108	7112	4
3861	7112	7116	4
3862	7116	7120	4
3863	7120	7124	4
3864	7124	7128	4
3865	7128	7132	4
3866	7132	7136	4
3867	7136	7140	4
3868	7140	7144	4
3869	7144	7148	4
3870	7148	7152	4
3871	7152	7156	4
3872	7156	7160	4
3873	7160	7164	4
3874	7164	7168	4
3875	7168	7172	4
3876	7172	7176	4
3877	7176	7180	4
3878	7180	7184	4
3879	7184	7188	4
3880	7188	7192	4
3881	7192	7196	4
3882	7196	7200	4
3883	7200	7204	4
3884	7204	7208	4
3885	7208	7212	4
3886	7212	7216	4
3887	7216	7220	4
3888	7220	7224	4
3889	7224	7228	4
3890	7228	7232	4
3891	7232	7236	4
3892	7236	7240	4
3893	7240	7244	4
3894	7244	7248	4
3895	7248	7252	4
3896	7252	7256	4
3897	7256	7260	4
3898	7260	7264	4
3899	7264	7268	4
3900	7268	7272	4
3901	7272	7276	4
3902	7276	7280	4
3903	7280	7284	4
3904	7284	7288	4
3905	7288	7292	4
3906	7292	7296	4
3907	7296	7300	4
3908	7300	7304	4
3909	7304	7308	4
3910	7308	7312	4
3911	7312	7316	4
3912	7316	7320	4
3913	7320	7324	4
3914	7324	7328	4
3915	7328	7332	4
3916	7332	7336	4
3917	7336	7340	4
3918	7340	7344	4
3919	7344	7348	4
3920	7348	7352	4
3921	7352	7356	4
3922	7356	7360	4
3923	7360	7364	4
3924	7364	7368	4
3925	7368	7372	4
3926	7372	7376	4
3927	7376	7380	4
3928	7380	7384	4
3929	7384	7388	4
3930	7388	7392	4
3931	7392	7396	4
3932	7396	7400	4
3933	7400	7404	4
3934	7404	7409	5
3935	7409	7414	5
3936	7414	7419	5
3937	7419	7424	5
3938	7424	7429	5
3939	7429	7434	5
3940	7434	7439	5
3941	7439	7444	5
3942	7444	7449	5
3943	7449	7454	5
3944	7454	7459	5
3945	7459	7464	5
3946	7464	7469	5
3947	7469	7474	5
3948	7474	7479	5
3949	7479	7484	5
3950	7484	7489	5
3951	7489	7494	5
3952	7494	7499	5
3953	7499	7504	5
3954	7504	7509	5
3955	7509	7514	5
3956	7514	7519	5
3957	7519	7524	5
3958	7524	7529	5
3959	7529	7534	5
3960	7534	7539	5
3961	7539	7544	5
3962	7544	7549	5
3963	7549	7554	5
3964	7554	7559	5
3965	7559	7564	5
3966	7564	7569	5
3967	7569	7574	5
3968	7574	7579	5
3969	7579	7584	5
3970	7584	7589	5
3971	7589	7594	5
3972	7594	7599	5
3973	7599	7604	5
3974	7604	7609	5
3975	7609	7614	5
3976	7614	7619	5
3977	7619	7624	5
3978	7624	7629	5
3979	7629	7634	5
3980	7634	7639	5
3981	7639	7644	5
3982	7644	7649	5
3983	7649	7654	5
3984	7654	7659	5
3985	7659	7664	5
3986	7664	7669	5
3987	7669	7674	5
3988	7674	7679	5
3989	7679	7684	5
3990	7684	7689	5
3991	7689	7694	5
3992	7694	7699	5
3993	7699	7704	5
3994	7704	7709	5
3995	7709	7714	5
3996	7714	7719	5
3997	7719	7724	5
3998	7724	7729	5
3999	7729	7734	5
4000	7734	7739	5
4001	7739	7744	5
4002	7744	7749	5
4003	7749	7754	5
4004	7754	7759	5
4005	7759	7764	5
4006	7764	7769	5
4007	7769	7774	5
4008	7774	7779	5
4009	7779	7784	5
4010	7784	7789	5
4011	7789	7794	5
4012	7794	7799	5
4013	7799	7804	5
4014	7804	7809	5
4015	7809	7814	5
4016	7814	7819	5
4017	7819	7824	5
4018	7824	7829	5
4019	7829	7834	5
4020	7834	7839	5
4021	7839	7844	5
4022	7844	7849	5
4023	7849	7854	5
4024	7854	7859	5
4025	7859	7864	5
4026	7864	7869	5
4027	7869	7874	5
4028	7874	7879	5
4029	7879	7884	5
4030	7884	7889	5
4031	7889	7894	5
4032	7894	7899	5
4033	7899	7904	5
4034	7904	7909	5
4035	7909	7914	5
4036	7914	7919	5
4037	7919	7924	5
4038	7924	7929	5
4039	7929	7934	5
4040	7934	7939	5
4041	7939	7944	5
4042	7944	7949	5
4043	7949	7954	5
4044	7954	7959	5
4045	7959	7964	5
4046	7964	7969	5
4047	7969	7974	5
4048	7974	7979	5
4049	7979	7984	5
4050	7984	7989	5
4051	7989	7994	5
4052	7994	7999	5
4053	7999	8004	5
4054	8004	8009	5
4055	8009	8014	5
4056	8014	8019	5
4057	8019	8024	5
4058	8024	8029	5
4059	8029	8034	5
4060	8034	8039	5
4061	8039	8044	5
4062	8044	8049	5
4063	8049	8054	5
4064	8054	8059	5
4065	8059	8064	5
4066	8064	8069	5
4067	8069	8074	5
4068	8074	8079	5
4069	8079	8084	5
4070	8084	8089	5
4071	8089	8094	5
4072	8094	8099	5
4073	8099	8104	5
4074	8104	8109	5
4075	8109	8114	5
4076	8114	8119	5
4077	8119	8124	5
4078	8124	8129	5
4079	8129	8134	5
4080	8134	8139	5
4081	8139	8144	5
4082	8144	8149	5
4083	8149	8154	5
4084	8154	8159	5
4085	8159	8164	5
4086	8164	8169	5
4087	8169	8174	5
4088	8174	8179	5
4089	8179	8184	5
4090	8184	8189	5
4091	8189	8194	5
4092	8194	8199	5
4093	8199	8204	5
4094	8204	8209	5
4095	8209	8214	5
4096	8214	8219	5
4097	8219	8224	5
4098	8224	8229	5
4099	8229	8234	5
4100	8234	8239	5
4101	8239	8244	5
4102	8244	8249	5
4103	8249	8254	5
4104	8254	8259	5
4105	8259	8264	5
4106	8264	8269	5
4107	8269	8274	5
4108	8274	8279	5
4109	8279	8284	5
4110	8284	8289	5
4111	8289	8294	5
4112	8294	8299	5
4113	8299	8304	5
4114	8304	8309	5
4115	8309	8314	5
4116	8314	8319	5
4117	8319	8324	5
4118	8324	8329	5
4119	8329	8334	5
4120	8334	8339	5
4121	8339	8344	5
4122	8344	8349	5
4123	8349	8354	5
4124	8354	8359	5
4125	8359	8364	5
4126	8364	8369	5
4127	8369	8374	5
4128	8374	8379	5
4129	8379	8384	5
4130	8384	8389	5
4131	8389	8394	5
4132	8394	8399	5
4133	8399	8404	5
4134	8404	8409	5
4135	8409	8414	5
4136	8414	8419	5
4137	8419	8424	5
4138	8424	8429	5
4139	8429	8434	5
4140	8434	8439	5
4141	8439	8444	5
4142	8444	8449	5
4143	8449	8454	5
4144	8454	8459	5
4145	8459	8464	5
4146	8464	8469	5
4147	8469	8474	5
4148	8474	8479	5
4149	8479	8484	5
4150	8484	8489	5
4151	8489	8494	5
4152	8494	8499	5
4153	8499	8504	5
4154	8504	8509	5
4155	8509	8514	5
4156	8514	8519	5
4157	8519	8524	5
4158	8524	8529	5
4159	8529	8534	5
4160	8534	8539	5
4161	8539	8544	5
4162	8544	8549	5
4163	8549	8554	5
4164	8554	8559	5
4165	8559	8565	6
4166	8565	8571	6
4167	8571	8577	6
4168	8577	8583	6
4169	8583	8589	6
4170	8589	8595	6
4171	8595	8601	6
4172	8601	8607	6
4173	8607	8613	6
4174	8613	8619	6
4175	8619	8625	6
4176	8625	8631	6
4177	8631	8637	6
4178	8637	8643	6
4179	8643	8649	6
4180	8649	8655	6
4181	8655	8661	6
4182	8661	8667	6
4183	8667	8673	6
4184	8673	8679	6
4185	8679	8685	6
4186	8685	8691	6
4187	8691	8697	6
4188	8697	8703	6
4189	8703	8709	6
4190	8709	8715	6
4191	8715	8721	6
4192	8721	8727	6
4193	8727	8733	6
4194	8733	8739	6
4195	8739	8745	6
4196	8745	8751	6
4197	8751	8757	6
4198	8757	8763	6
4199	8763	8769	6
4200	8769	8775	6
4201	8775	8781	6
4202	8781	8787	6
4203	8787	8793	6
4204	8793	8799	6
4205	8799	8805	6
4206	8805	8811	6
4207	8811	8817	6
4208	8817	8823	6
4209	8823	8829	6
4210	8829	8835	6
4211	8835	8841	6
4212	8841	8847	6
4213	8847	8853	6
4214	8853	8859	6
4215	8859	8865	6
4216	8865	8871	6
4217	8871	8877	6
4218	8877	8883	6
4219	8883	8889	6
4220	8889	8895	6
4221	8895	8901	6
4222	8901	8907	6
4223	8907	8913	6
4224	8913	8919	6
4225	8919	8925	6
4226	8925	8931	6
4227	8931	8937	6
4228	8937	8943	6
4229	8943	8949	6
4230	8949	8955	6
4231	8955	8961	6
4232	8961	8967	6
4233	8967	8973	6
4234	8973	8979	6
4235	8979	8985	6
4236	8985	8991	6
4237	8991	8997	6
4238	8997	9003	6
4239	9003	9009	6
4240	9009	9015	6
4241	9015	9021	6
4242	9021	9027	6
4243	9027	9033	6
4244	9033	9039	6
4245	9039	9045	6
4246	9045	9051	6
4247	9051	9057	6
4248	9057	9063	6
4249	9063	9069	6
4250	9069	9075	6
4251	9075	9081	6
4252	9081	9087	6
4253	9087	9093	6
4254	9093	9099	6
4255	9099	9105	6
4256	9105	9111	6
4257	9111	9117	6
4258	9117	9123	6
4259	9123	9129	6
4260	9129	9135	6
4261	9135	9141	6
4262	9141	9147	6
4263	9147	9153	6
4264	9153	9159	6
4265	9159	9165	6
4266	9165	9171	6
4267	9171	9177	6
4268	9177	9183	6
4269	9183	9189	6
4270	9189	9195	6
4271	9195	9201	6
4272	9201	9207	6
4273	9207	9213	6
4274	9213	9219	6
4275	9219	9225	6
4276	9225	9231	6
4277	9231	9237	6
4278	9237	9243	6
4279	9243	9249	6
4280	9249	9255	6
4281	9255	9261	6
4282	9261	9267	6
4283	9267	9273	6
4284	9273	9279	6
4285	9279	9285	6
4286	9285	9291	6
4287	9291	9297	6
4288	9297	9303	6
4289	9303	9309	6
4290	9309	9315	6
4291	9315	9321	6
4292	9321	9327	6
4293	9327	9333	6
4294	9333	9339	6
4295	9339	9345	6
4296	9345	9351	6
4297	9351	9357	6
4298	9357	9363	6
4299	9363	9369	6
4300	9369	9375	6
4301	9375	9381	6
4302	9381	9387	6
4303	9387	9393	6
4304	9393	9399	6
4305	9399	9405	6
4306	9405	9411	6
4307	9411	9417	6
4308	9417	9423	6
4309	9423	9429	6
4310	9429	9435	6
4311	9435	9441	6
4312	9441	9447	6
4313	9447	9453	6
4314	9453	9459	6
4315	9459	9465	6
4316	9465	9471	6
4317	9471	9477	6
4318	9477	9483	6
4319	9483	9489	6
4320	9489	9495	6
4321	9495	9501	6
4322	9501	9507	6
4323	9507	9513	6
4324	9513	9519	6
4325	9519	9525	6
4326	9525	9531	6
4327	9531	9537	6
4328	9537	9543	6
4329	9543	9549	6
4330	9549	9555	6
4331	9555	9561	6
4332	9561	9568	7
4333	9568	9575	7
4334	9575	9582	7
4335	9582	9589	7
4336	9589	9596	7
4337	9596	9603	7
4338	9603	9610	7
4339	9610	9617	7
4340	9617	9624	7
4341	9624	9631	7
4342	9631	9638	7
4343	9638	9645	7
4344	9645	9652	7
4345	9652	9659	7
4346	9659	9666	7
4347	9666	9673	7
4348	9673	9680	7
4349	9680	9687	7
4350	9687	9694	7
4351	9694	9701	7
4352	9701	9708	7
4353	9708	9715	7
4354	9715	9722	7
4355	9722	9729	7
4356	9729	9736	7
4357	9736	9743	7
4358	9743	9750	7
4359	9750	9757	7
4360	9757	9764	7
4361	9764	9771	7
4362	9771	9778	7
4363	9778	9785	7
4364	9785	9792	7
4365	9792	9799	7
4366	9799	9806	7
4367	9806	9813	7
4368	9813	9820	7
4369	9820	9827	7
4370	9827	9834	7
4371	9834	9841	7
4372	9841	9848	7
4373	9848	9855	7
4374	9855	9862	7
4375	9862	9869	7
4376	9869	9876	7
4377	9876	9883	7
4378	9883	9890	7
4379	9890	9897	7
4380	9897	9904	7
4381	9904	9911	7
4382	9911	9918	7
4383	9918	9925	7
4384	9925	9932	7
4385	9932	9939	7
4386	9939	9946	7
4387	9946	9953	7
4388	9953	9960	7
4389	9960	9967	7
4390	9967	9974	7
4391	9974	9981	7
4392	9981	9988	7
4393	9988	9995	7
4394	9995	10002	7
4395	10002	10009	7
4396	10009	10016	7
4397	10016	10023	7
4398	10023	10030	7
4399	10030	10037	7
4400	10037	10044	7
4401	10044	10051	7
4402	10051	10058	7
4403	10058	10065	7
4404	10065	10072	7
4405	10072	10079	7
4406	10079	10086	7
4407	10086	10093	7
4408	10093	10100	7
4409	10100	10107	7
4410	10107	10114	7
4411	10114	10121	7
4412	10121	10128	7
4413	10128	10135	7
4414	10135	10142	7
4415	10142	10149	7
4416	10149	10156	7
4417	10156	10163	7
4418	10163	10170	7
4419	10170	10177	7
4420	10177	10184	7
4421	10184	10191	7
4422	10191	10198	7
4423	10198	10205	7
