#
#N Pointing	tstart	tend	Obs time
#		s
1	210	211	1
2	211	212	1
3	212	213	1
4	213	214	1
5	214	215	1
6	215	216	1
7	216	217	1
8	217	218	1
9	218	219	1
10	219	220	1
11	220	221	1
12	221	222	1
13	222	223	1
14	223	224	1
15	224	225	1
16	225	226	1
17	226	227	1
18	227	228	1
19	228	229	1
20	229	230	1
21	230	231	1
22	231	232	1
23	232	233	1
24	233	234	1
25	234	235	1
26	235	236	1
27	236	237	1
28	237	238	1
29	238	239	1
30	239	240	1
31	240	241	1
32	241	242	1
33	242	243	1
34	243	244	1
35	244	245	1
36	245	246	1
37	246	247	1
38	247	248	1
39	248	249	1
40	249	250	1
41	250	251	1
42	251	252	1
43	252	253	1
44	253	254	1
45	254	255	1
46	255	256	1
47	256	257	1
48	257	258	1
49	258	259	1
50	259	260	1
51	260	261	1
52	261	262	1
53	262	263	1
54	263	264	1
55	264	265	1
56	265	266	1
57	266	267	1
58	267	268	1
59	268	269	1
60	269	270	1
61	270	271	1
62	271	272	1
63	272	273	1
64	273	274	1
65	274	275	1
66	275	276	1
67	276	277	1
68	277	278	1
69	278	279	1
70	279	280	1
71	280	281	1
72	281	282	1
73	282	283	1
74	283	284	1
75	284	285	1
76	285	286	1
77	286	287	1
78	287	288	1
79	288	289	1
80	289	290	1
81	290	291	1
82	291	292	1
83	292	293	1
84	293	294	1
85	294	295	1
86	295	296	1
87	296	297	1
88	297	298	1
89	298	299	1
90	299	300	1
91	300	301	1
92	301	302	1
93	302	303	1
94	303	304	1
95	304	305	1
96	305	306	1
97	306	307	1
98	307	308	1
99	308	309	1
100	309	310	1
101	310	311	1
102	311	312	1
103	312	313	1
104	313	314	1
105	314	315	1
106	315	316	1
107	316	317	1
108	317	318	1
109	318	319	1
110	319	320	1
111	320	321	1
112	321	322	1
113	322	323	1
114	323	324	1
115	324	325	1
116	325	326	1
117	326	327	1
118	327	328	1
119	328	329	1
120	329	330	1
121	330	331	1
122	331	332	1
123	332	333	1
124	333	334	1
125	334	335	1
126	335	336	1
127	336	337	1
128	337	338	1
129	338	339	1
130	339	340	1
131	340	341	1
132	341	342	1
133	342	343	1
134	343	344	1
135	344	345	1
136	345	346	1
137	346	347	1
138	347	348	1
139	348	349	1
140	349	350	1
141	350	351	1
142	351	352	1
143	352	353	1
144	353	354	1
145	354	355	1
146	355	356	1
147	356	357	1
148	357	358	1
149	358	359	1
150	359	360	1
151	360	361	1
152	361	362	1
153	362	363	1
154	363	364	1
155	364	365	1
156	365	366	1
157	366	367	1
158	367	368	1
159	368	369	1
160	369	370	1
161	370	371	1
162	371	372	1
163	372	373	1
164	373	374	1
165	374	375	1
166	375	376	1
167	376	377	1
168	377	378	1
169	378	379	1
170	379	380	1
171	380	381	1
172	381	382	1
173	382	383	1
174	383	384	1
175	384	385	1
176	385	386	1
177	386	387	1
178	387	388	1
179	388	389	1
180	389	390	1
181	390	391	1
182	391	392	1
183	392	393	1
184	393	394	1
185	394	395	1
186	395	396	1
187	396	397	1
188	397	398	1
189	398	399	1
190	399	400	1
191	400	401	1
192	401	402	1
193	402	403	1
194	403	404	1
195	404	405	1
196	405	406	1
197	406	407	1
198	407	408	1
199	408	409	1
200	409	410	1
201	410	411	1
202	411	412	1
203	412	413	1
204	413	414	1
205	414	415	1
206	415	416	1
207	416	417	1
208	417	418	1
209	418	419	1
210	419	420	1
211	420	421	1
212	421	422	1
213	422	423	1
214	423	424	1
215	424	425	1
216	425	426	1
217	426	427	1
218	427	428	1
219	428	429	1
220	429	430	1
221	430	431	1
222	431	432	1
223	432	433	1
224	433	434	1
225	434	435	1
226	435	436	1
227	436	437	1
228	437	438	1
229	438	439	1
230	439	440	1
231	440	441	1
232	441	442	1
233	442	443	1
234	443	444	1
235	444	445	1
236	445	446	1
237	446	447	1
238	447	448	1
239	448	449	1
240	449	450	1
241	450	451	1
242	451	452	1
243	452	453	1
244	453	454	1
245	454	455	1
246	455	456	1
247	456	457	1
248	457	458	1
249	458	459	1
250	459	460	1
251	460	461	1
252	461	462	1
253	462	463	1
254	463	464	1
255	464	465	1
256	465	466	1
257	466	467	1
258	467	468	1
259	468	469	1
260	469	470	1
261	470	471	1
262	471	472	1
263	472	473	1
264	473	474	1
265	474	475	1
266	475	476	1
267	476	477	1
268	477	478	1
269	478	479	1
270	479	480	1
271	480	481	1
272	481	482	1
273	482	483	1
274	483	484	1
275	484	485	1
276	485	486	1
277	486	487	1
278	487	488	1
279	488	489	1
280	489	490	1
281	490	491	1
282	491	492	1
283	492	493	1
284	493	494	1
285	494	495	1
286	495	496	1
287	496	497	1
288	497	498	1
289	498	499	1
290	499	500	1
291	500	501	1
292	501	502	1
293	502	503	1
294	503	504	1
295	504	505	1
296	505	506	1
297	506	507	1
298	507	508	1
299	508	509	1
300	509	510	1
301	510	511	1
302	511	512	1
303	512	513	1
304	513	514	1
305	514	515	1
306	515	516	1
307	516	517	1
308	517	518	1
309	518	519	1
310	519	520	1
311	520	521	1
312	521	522	1
313	522	523	1
314	523	524	1
315	524	525	1
316	525	526	1
317	526	527	1
318	527	528	1
319	528	529	1
320	529	530	1
321	530	531	1
322	531	532	1
323	532	533	1
324	533	534	1
325	534	535	1
326	535	536	1
327	536	537	1
328	537	538	1
329	538	539	1
330	539	540	1
331	540	541	1
332	541	542	1
333	542	543	1
334	543	544	1
335	544	545	1
336	545	546	1
337	546	547	1
338	547	548	1
339	548	549	1
340	549	550	1
341	550	551	1
342	551	552	1
343	552	553	1
344	553	554	1
345	554	555	1
346	555	556	1
347	556	557	1
348	557	558	1
349	558	559	1
350	559	560	1
351	560	561	1
352	561	562	1
353	562	563	1
354	563	564	1
355	564	565	1
356	565	566	1
357	566	567	1
358	567	568	1
359	568	569	1
360	569	570	1
361	570	571	1
362	571	572	1
363	572	573	1
364	573	574	1
365	574	575	1
366	575	576	1
367	576	577	1
368	577	578	1
369	578	579	1
370	579	580	1
371	580	581	1
372	581	582	1
373	582	583	1
374	583	584	1
375	584	585	1
376	585	586	1
377	586	587	1
378	587	588	1
379	588	589	1
380	589	590	1
381	590	591	1
382	591	592	1
383	592	593	1
384	593	594	1
385	594	595	1
386	595	596	1
387	596	597	1
388	597	598	1
389	598	599	1
390	599	600	1
391	600	601	1
392	601	602	1
393	602	603	1
394	603	604	1
395	604	605	1
396	605	606	1
397	606	607	1
398	607	608	1
399	608	609	1
400	609	610	1
401	610	611	1
402	611	612	1
403	612	613	1
404	613	614	1
405	614	615	1
406	615	616	1
407	616	617	1
408	617	618	1
409	618	619	1
410	619	620	1
411	620	621	1
412	621	622	1
413	622	623	1
414	623	624	1
415	624	625	1
416	625	626	1
417	626	627	1
418	627	628	1
419	628	629	1
420	629	630	1
421	630	631	1
422	631	632	1
423	632	633	1
424	633	634	1
425	634	635	1
426	635	636	1
427	636	637	1
428	637	638	1
429	638	639	1
430	639	640	1
431	640	641	1
432	641	642	1
433	642	643	1
434	643	644	1
435	644	645	1
436	645	646	1
437	646	647	1
438	647	648	1
439	648	649	1
440	649	650	1
441	650	651	1
442	651	652	1
443	652	653	1
444	653	654	1
445	654	655	1
446	655	656	1
447	656	657	1
448	657	658	1
449	658	659	1
450	659	660	1
451	660	661	1
452	661	662	1
453	662	663	1
454	663	664	1
455	664	665	1
456	665	666	1
457	666	667	1
458	667	668	1
459	668	669	1
460	669	670	1
461	670	671	1
462	671	672	1
463	672	673	1
464	673	674	1
465	674	675	1
466	675	676	1
467	676	677	1
468	677	678	1
469	678	679	1
470	679	680	1
471	680	681	1
472	681	682	1
473	682	683	1
474	683	684	1
475	684	685	1
476	685	686	1
477	686	687	1
478	687	688	1
479	688	689	1
480	689	690	1
481	690	691	1
482	691	692	1
483	692	693	1
484	693	694	1
485	694	695	1
486	695	696	1
487	696	697	1
488	697	698	1
489	698	699	1
490	699	700	1
491	700	701	1
492	701	702	1
493	702	703	1
494	703	704	1
495	704	705	1
496	705	706	1
497	706	707	1
498	707	708	1
499	708	709	1
500	709	710	1
501	710	711	1
502	711	712	1
503	712	713	1
504	713	714	1
505	714	715	1
506	715	716	1
507	716	717	1
508	717	718	1
509	718	719	1
510	719	720	1
511	720	721	1
512	721	722	1
513	722	723	1
514	723	724	1
515	724	725	1
516	725	726	1
517	726	727	1
518	727	728	1
519	728	729	1
520	729	730	1
521	730	731	1
522	731	732	1
523	732	733	1
524	733	734	1
525	734	735	1
526	735	736	1
527	736	737	1
528	737	738	1
529	738	739	1
530	739	740	1
531	740	741	1
532	741	742	1
533	742	743	1
534	743	744	1
535	744	745	1
536	745	746	1
537	746	747	1
538	747	748	1
539	748	749	1
540	749	750	1
541	750	751	1
542	751	752	1
543	752	753	1
544	753	754	1
545	754	755	1
546	755	756	1
547	756	757	1
548	757	758	1
549	758	759	1
550	759	760	1
551	760	761	1
552	761	762	1
553	762	763	1
554	763	764	1
555	764	765	1
556	765	766	1
557	766	767	1
558	767	768	1
559	768	769	1
560	769	770	1
561	770	771	1
562	771	772	1
563	772	773	1
564	773	774	1
565	774	775	1
566	775	776	1
567	776	777	1
568	777	778	1
569	778	779	1
570	779	780	1
571	780	781	1
572	781	782	1
573	782	783	1
574	783	784	1
575	784	785	1
576	785	786	1
577	786	787	1
578	787	788	1
579	788	789	1
580	789	790	1
581	790	791	1
582	791	792	1
583	792	793	1
584	793	794	1
585	794	795	1
586	795	796	1
587	796	797	1
588	797	798	1
589	798	799	1
590	799	800	1
591	800	801	1
592	801	802	1
593	802	803	1
594	803	804	1
595	804	805	1
596	805	806	1
597	806	807	1
598	807	808	1
599	808	809	1
600	809	810	1
601	810	811	1
602	811	812	1
603	812	813	1
604	813	814	1
605	814	815	1
606	815	816	1
607	816	817	1
608	817	818	1
609	818	819	1
610	819	820	1
611	820	821	1
612	821	822	1
613	822	823	1
614	823	824	1
615	824	825	1
616	825	826	1
617	826	827	1
618	827	828	1
619	828	829	1
620	829	830	1
621	830	831	1
622	831	832	1
623	832	833	1
624	833	834	1
625	834	835	1
626	835	836	1
627	836	837	1
628	837	838	1
629	838	839	1
630	839	840	1
631	840	841	1
632	841	842	1
633	842	843	1
634	843	844	1
635	844	845	1
636	845	846	1
637	846	847	1
638	847	848	1
639	848	849	1
640	849	850	1
641	850	851	1
642	851	852	1
643	852	853	1
644	853	854	1
645	854	855	1
646	855	856	1
647	856	857	1
648	857	858	1
649	858	859	1
650	859	860	1
651	860	861	1
652	861	862	1
653	862	863	1
654	863	864	1
655	864	865	1
656	865	866	1
657	866	867	1
658	867	868	1
659	868	869	1
660	869	870	1
661	870	871	1
662	871	872	1
663	872	873	1
664	873	874	1
665	874	875	1
666	875	876	1
667	876	877	1
668	877	878	1
669	878	879	1
670	879	880	1
671	880	881	1
672	881	882	1
673	882	883	1
674	883	884	1
675	884	885	1
676	885	886	1
677	886	887	1
678	887	888	1
679	888	889	1
680	889	890	1
681	890	891	1
682	891	892	1
683	892	893	1
684	893	894	1
685	894	895	1
686	895	896	1
687	896	897	1
688	897	898	1
689	898	899	1
690	899	900	1
691	900	901	1
692	901	902	1
693	902	903	1
694	903	904	1
695	904	905	1
696	905	906	1
697	906	907	1
698	907	908	1
699	908	909	1
700	909	910	1
701	910	911	1
702	911	912	1
703	912	913	1
704	913	914	1
705	914	915	1
706	915	916	1
707	916	917	1
708	917	918	1
709	918	919	1
710	919	920	1
711	920	921	1
712	921	922	1
713	922	923	1
714	923	924	1
715	924	925	1
716	925	926	1
717	926	927	1
718	927	928	1
719	928	929	1
720	929	930	1
721	930	931	1
722	931	932	1
723	932	933	1
724	933	934	1
725	934	935	1
726	935	936	1
727	936	937	1
728	937	938	1
729	938	939	1
730	939	940	1
731	940	941	1
732	941	942	1
733	942	943	1
734	943	944	1
735	944	945	1
736	945	946	1
737	946	947	1
738	947	948	1
739	948	949	1
740	949	950	1
741	950	951	1
742	951	952	1
743	952	953	1
744	953	954	1
745	954	955	1
746	955	956	1
747	956	957	1
748	957	958	1
749	958	959	1
750	959	960	1
751	960	961	1
752	961	962	1
753	962	963	1
754	963	964	1
755	964	965	1
756	965	966	1
757	966	967	1
758	967	968	1
759	968	969	1
760	969	970	1
761	970	971	1
762	971	972	1
763	972	973	1
764	973	974	1
765	974	975	1
766	975	976	1
767	976	977	1
768	977	978	1
769	978	979	1
770	979	980	1
771	980	981	1
772	981	982	1
773	982	983	1
774	983	984	1
775	984	985	1
776	985	986	1
777	986	987	1
778	987	988	1
779	988	989	1
780	989	990	1
781	990	991	1
782	991	992	1
783	992	993	1
784	993	994	1
785	994	995	1
786	995	996	1
787	996	997	1
788	997	998	1
789	998	999	1
790	999	1000	1
791	1000	1001	1
792	1001	1002	1
793	1002	1003	1
794	1003	1004	1
795	1004	1005	1
796	1005	1006	1
797	1006	1007	1
798	1007	1008	1
799	1008	1009	1
800	1009	1010	1
801	1010	1011	1
802	1011	1012	1
803	1012	1013	1
804	1013	1014	1
805	1014	1015	1
806	1015	1016	1
807	1016	1017	1
808	1017	1018	1
809	1018	1019	1
810	1019	1020	1
811	1020	1021	1
812	1021	1022	1
813	1022	1023	1
814	1023	1024	1
815	1024	1025	1
816	1025	1026	1
817	1026	1027	1
818	1027	1028	1
819	1028	1029	1
820	1029	1030	1
821	1030	1031	1
822	1031	1032	1
823	1032	1033	1
824	1033	1034	1
825	1034	1035	1
826	1035	1036	1
827	1036	1037	1
828	1037	1038	1
829	1038	1039	1
830	1039	1040	1
831	1040	1041	1
832	1041	1042	1
833	1042	1043	1
834	1043	1044	1
835	1044	1045	1
836	1045	1046	1
837	1046	1047	1
838	1047	1048	1
839	1048	1049	1
840	1049	1050	1
841	1050	1051	1
842	1051	1052	1
843	1052	1053	1
844	1053	1054	1
845	1054	1055	1
846	1055	1056	1
847	1056	1057	1
848	1057	1058	1
849	1058	1059	1
850	1059	1060	1
851	1060	1061	1
852	1061	1062	1
853	1062	1063	1
854	1063	1064	1
855	1064	1065	1
856	1065	1066	1
857	1066	1067	1
858	1067	1068	1
859	1068	1069	1
860	1069	1070	1
861	1070	1071	1
862	1071	1072	1
863	1072	1073	1
864	1073	1074	1
865	1074	1075	1
866	1075	1076	1
867	1076	1077	1
868	1077	1078	1
869	1078	1079	1
870	1079	1080	1
871	1080	1081	1
872	1081	1082	1
873	1082	1083	1
874	1083	1084	1
875	1084	1085	1
876	1085	1086	1
877	1086	1087	1
878	1087	1088	1
879	1088	1089	1
880	1089	1090	1
881	1090	1091	1
882	1091	1092	1
883	1092	1093	1
884	1093	1094	1
885	1094	1095	1
886	1095	1096	1
887	1096	1097	1
888	1097	1098	1
889	1098	1099	1
890	1099	1100	1
891	1100	1101	1
892	1101	1102	1
893	1102	1103	1
894	1103	1104	1
895	1104	1105	1
896	1105	1106	1
897	1106	1107	1
898	1107	1108	1
899	1108	1109	1
900	1109	1110	1
901	1110	1111	1
902	1111	1112	1
903	1112	1113	1
904	1113	1114	1
905	1114	1115	1
906	1115	1116	1
907	1116	1117	1
908	1117	1118	1
909	1118	1119	1
910	1119	1120	1
911	1120	1121	1
912	1121	1122	1
913	1122	1123	1
914	1123	1124	1
915	1124	1125	1
916	1125	1126	1
917	1126	1127	1
918	1127	1128	1
919	1128	1129	1
920	1129	1130	1
921	1130	1131	1
922	1131	1132	1
923	1132	1133	1
924	1133	1134	1
925	1134	1135	1
926	1135	1136	1
927	1136	1137	1
928	1137	1138	1
929	1138	1139	1
930	1139	1140	1
931	1140	1141	1
932	1141	1142	1
933	1142	1143	1
934	1143	1144	1
935	1144	1145	1
936	1145	1146	1
937	1146	1147	1
938	1147	1148	1
939	1148	1149	1
940	1149	1150	1
941	1150	1151	1
942	1151	1152	1
943	1152	1153	1
944	1153	1154	1
945	1154	1155	1
946	1155	1156	1
947	1156	1157	1
948	1157	1158	1
949	1158	1159	1
950	1159	1160	1
951	1160	1161	1
952	1161	1162	1
953	1162	1163	1
954	1163	1164	1
955	1164	1165	1
956	1165	1166	1
957	1166	1167	1
958	1167	1168	1
959	1168	1169	1
960	1169	1170	1
961	1170	1171	1
962	1171	1172	1
963	1172	1173	1
964	1173	1174	1
965	1174	1175	1
966	1175	1176	1
967	1176	1177	1
968	1177	1178	1
969	1178	1179	1
970	1179	1180	1
971	1180	1181	1
972	1181	1182	1
973	1182	1183	1
974	1183	1184	1
975	1184	1185	1
976	1185	1186	1
977	1186	1187	1
978	1187	1188	1
979	1188	1189	1
980	1189	1190	1
981	1190	1191	1
982	1191	1192	1
983	1192	1193	1
984	1193	1194	1
985	1194	1195	1
986	1195	1196	1
987	1196	1197	1
988	1197	1198	1
989	1198	1199	1
990	1199	1200	1
991	1200	1201	1
992	1201	1202	1
993	1202	1203	1
994	1203	1204	1
995	1204	1205	1
996	1205	1206	1
997	1206	1207	1
998	1207	1208	1
999	1208	1209	1
1000	1209	1210	1
1001	1210	1211	1
1002	1211	1212	1
1003	1212	1213	1
1004	1213	1214	1
1005	1214	1215	1
1006	1215	1216	1
1007	1216	1217	1
1008	1217	1218	1
1009	1218	1219	1
1010	1219	1220	1
1011	1220	1221	1
1012	1221	1222	1
1013	1222	1223	1
1014	1223	1224	1
1015	1224	1225	1
1016	1225	1226	1
1017	1226	1227	1
1018	1227	1228	1
1019	1228	1229	1
1020	1229	1230	1
1021	1230	1231	1
1022	1231	1232	1
1023	1232	1233	1
1024	1233	1234	1
1025	1234	1235	1
1026	1235	1236	1
1027	1236	1237	1
1028	1237	1238	1
1029	1238	1239	1
1030	1239	1240	1
1031	1240	1241	1
1032	1241	1242	1
1033	1242	1243	1
1034	1243	1244	1
1035	1244	1245	1
1036	1245	1246	1
1037	1246	1247	1
1038	1247	1248	1
1039	1248	1249	1
1040	1249	1250	1
1041	1250	1251	1
1042	1251	1252	1
1043	1252	1253	1
1044	1253	1254	1
1045	1254	1255	1
1046	1255	1256	1
1047	1256	1257	1
1048	1257	1258	1
1049	1258	1259	1
1050	1259	1260	1
1051	1260	1261	1
1052	1261	1262	1
1053	1262	1263	1
1054	1263	1264	1
1055	1264	1265	1
1056	1265	1266	1
1057	1266	1267	1
1058	1267	1268	1
1059	1268	1269	1
1060	1269	1270	1
1061	1270	1271	1
1062	1271	1272	1
1063	1272	1273	1
1064	1273	1274	1
1065	1274	1275	1
1066	1275	1276	1
1067	1276	1277	1
1068	1277	1278	1
1069	1278	1279	1
1070	1279	1280	1
1071	1280	1281	1
1072	1281	1282	1
1073	1282	1283	1
1074	1283	1284	1
1075	1284	1285	1
1076	1285	1286	1
1077	1286	1287	1
1078	1287	1288	1
1079	1288	1289	1
1080	1289	1290	1
1081	1290	1291	1
1082	1291	1292	1
1083	1292	1293	1
1084	1293	1294	1
1085	1294	1295	1
1086	1295	1296	1
1087	1296	1297	1
1088	1297	1298	1
1089	1298	1299	1
1090	1299	1300	1
1091	1300	1301	1
1092	1301	1302	1
1093	1302	1303	1
1094	1303	1304	1
1095	1304	1305	1
1096	1305	1306	1
1097	1306	1307	1
1098	1307	1308	1
1099	1308	1309	1
1100	1309	1310	1
1101	1310	1311	1
1102	1311	1312	1
1103	1312	1313	1
1104	1313	1314	1
1105	1314	1315	1
1106	1315	1316	1
1107	1316	1317	1
1108	1317	1318	1
1109	1318	1319	1
1110	1319	1320	1
1111	1320	1321	1
1112	1321	1322	1
1113	1322	1323	1
1114	1323	1324	1
1115	1324	1325	1
1116	1325	1326	1
1117	1326	1327	1
1118	1327	1328	1
1119	1328	1329	1
1120	1329	1330	1
1121	1330	1331	1
1122	1331	1332	1
1123	1332	1333	1
1124	1333	1334	1
1125	1334	1335	1
1126	1335	1336	1
1127	1336	1337	1
1128	1337	1338	1
1129	1338	1339	1
1130	1339	1340	1
1131	1340	1341	1
1132	1341	1342	1
1133	1342	1343	1
1134	1343	1344	1
1135	1344	1345	1
1136	1345	1346	1
1137	1346	1347	1
1138	1347	1348	1
1139	1348	1349	1
1140	1349	1350	1
1141	1350	1351	1
1142	1351	1352	1
1143	1352	1353	1
1144	1353	1354	1
1145	1354	1355	1
1146	1355	1356	1
1147	1356	1357	1
1148	1357	1358	1
1149	1358	1359	1
1150	1359	1360	1
1151	1360	1361	1
1152	1361	1362	1
1153	1362	1363	1
1154	1363	1364	1
1155	1364	1365	1
1156	1365	1366	1
1157	1366	1367	1
1158	1367	1368	1
1159	1368	1369	1
1160	1369	1370	1
1161	1370	1371	1
1162	1371	1372	1
1163	1372	1373	1
1164	1373	1374	1
1165	1374	1375	1
1166	1375	1376	1
1167	1376	1377	1
1168	1377	1378	1
1169	1378	1379	1
1170	1379	1380	1
1171	1380	1381	1
1172	1381	1382	1
1173	1382	1383	1
1174	1383	1384	1
1175	1384	1385	1
1176	1385	1386	1
1177	1386	1387	1
1178	1387	1388	1
1179	1388	1389	1
1180	1389	1390	1
1181	1390	1391	1
1182	1391	1392	1
1183	1392	1393	1
1184	1393	1394	1
1185	1394	1395	1
1186	1395	1396	1
1187	1396	1397	1
1188	1397	1398	1
1189	1398	1399	1
1190	1399	1400	1
1191	1400	1401	1
1192	1401	1402	1
1193	1402	1403	1
1194	1403	1404	1
1195	1404	1405	1
1196	1405	1406	1
1197	1406	1407	1
1198	1407	1408	1
1199	1408	1409	1
1200	1409	1410	1
1201	1410	1411	1
1202	1411	1412	1
1203	1412	1413	1
1204	1413	1414	1
1205	1414	1415	1
1206	1415	1416	1
1207	1416	1417	1
1208	1417	1418	1
1209	1418	1419	1
1210	1419	1420	1
1211	1420	1421	1
1212	1421	1422	1
1213	1422	1423	1
1214	1423	1424	1
1215	1424	1425	1
1216	1425	1426	1
1217	1426	1427	1
1218	1427	1428	1
1219	1428	1429	1
1220	1429	1430	1
1221	1430	1431	1
1222	1431	1432	1
1223	1432	1433	1
1224	1433	1434	1
1225	1434	1435	1
1226	1435	1436	1
1227	1436	1437	1
1228	1437	1438	1
1229	1438	1439	1
1230	1439	1440	1
1231	1440	1441	1
1232	1441	1442	1
1233	1442	1443	1
1234	1443	1444	1
1235	1444	1445	1
1236	1445	1446	1
1237	1446	1447	1
1238	1447	1448	1
1239	1448	1449	1
1240	1449	1450	1
1241	1450	1451	1
1242	1451	1452	1
1243	1452	1453	1
1244	1453	1454	1
1245	1454	1455	1
1246	1455	1456	1
1247	1456	1457	1
1248	1457	1458	1
1249	1458	1459	1
1250	1459	1460	1
1251	1460	1461	1
1252	1461	1462	1
1253	1462	1463	1
1254	1463	1464	1
1255	1464	1465	1
1256	1465	1466	1
1257	1466	1467	1
1258	1467	1468	1
1259	1468	1469	1
1260	1469	1470	1
1261	1470	1471	1
1262	1471	1472	1
1263	1472	1473	1
1264	1473	1474	1
1265	1474	1475	1
1266	1475	1476	1
1267	1476	1477	1
1268	1477	1478	1
1269	1478	1479	1
1270	1479	1480	1
1271	1480	1481	1
1272	1481	1482	1
1273	1482	1483	1
1274	1483	1484	1
1275	1484	1485	1
1276	1485	1486	1
1277	1486	1487	1
1278	1487	1488	1
1279	1488	1489	1
1280	1489	1490	1
1281	1490	1491	1
1282	1491	1492	1
1283	1492	1493	1
1284	1493	1494	1
1285	1494	1495	1
1286	1495	1496	1
1287	1496	1497	1
1288	1497	1498	1
1289	1498	1499	1
1290	1499	1500	1
1291	1500	1501	1
1292	1501	1502	1
1293	1502	1503	1
1294	1503	1504	1
1295	1504	1505	1
1296	1505	1506	1
1297	1506	1507	1
1298	1507	1508	1
1299	1508	1509	1
1300	1509	1510	1
1301	1510	1511	1
1302	1511	1512	1
1303	1512	1513	1
1304	1513	1514	1
1305	1514	1515	1
1306	1515	1516	1
1307	1516	1517	1
1308	1517	1518	1
1309	1518	1519	1
1310	1519	1520	1
1311	1520	1521	1
1312	1521	1522	1
1313	1522	1523	1
1314	1523	1524	1
1315	1524	1525	1
1316	1525	1526	1
1317	1526	1527	1
1318	1527	1528	1
1319	1528	1529	1
1320	1529	1530	1
1321	1530	1531	1
1322	1531	1532	1
1323	1532	1533	1
1324	1533	1534	1
1325	1534	1535	1
1326	1535	1536	1
1327	1536	1537	1
1328	1537	1538	1
1329	1538	1539	1
1330	1539	1540	1
1331	1540	1541	1
1332	1541	1542	1
1333	1542	1543	1
1334	1543	1544	1
1335	1544	1545	1
1336	1545	1546	1
1337	1546	1547	1
1338	1547	1548	1
1339	1548	1549	1
1340	1549	1550	1
1341	1550	1551	1
1342	1551	1552	1
1343	1552	1553	1
1344	1553	1554	1
1345	1554	1555	1
1346	1555	1556	1
1347	1556	1557	1
1348	1557	1558	1
1349	1558	1559	1
1350	1559	1560	1
1351	1560	1561	1
1352	1561	1562	1
1353	1562	1563	1
1354	1563	1564	1
1355	1564	1565	1
1356	1565	1566	1
1357	1566	1567	1
1358	1567	1568	1
1359	1568	1569	1
1360	1569	1570	1
1361	1570	1571	1
1362	1571	1572	1
1363	1572	1573	1
1364	1573	1574	1
1365	1574	1575	1
1366	1575	1576	1
1367	1576	1577	1
1368	1577	1578	1
1369	1578	1579	1
1370	1579	1580	1
1371	1580	1581	1
1372	1581	1582	1
1373	1582	1583	1
1374	1583	1584	1
1375	1584	1585	1
1376	1585	1586	1
1377	1586	1587	1
1378	1587	1588	1
1379	1588	1589	1
1380	1589	1590	1
1381	1590	1591	1
1382	1591	1592	1
1383	1592	1593	1
1384	1593	1594	1
1385	1594	1595	1
1386	1595	1596	1
1387	1596	1597	1
1388	1597	1598	1
1389	1598	1599	1
1390	1599	1600	1
1391	1600	1601	1
1392	1601	1602	1
1393	1602	1603	1
1394	1603	1604	1
1395	1604	1605	1
1396	1605	1606	1
1397	1606	1607	1
1398	1607	1608	1
1399	1608	1609	1
1400	1609	1610	1
1401	1610	1611	1
1402	1611	1612	1
1403	1612	1613	1
1404	1613	1614	1
1405	1614	1615	1
1406	1615	1616	1
1407	1616	1617	1
1408	1617	1618	1
1409	1618	1619	1
1410	1619	1620	1
1411	1620	1621	1
1412	1621	1622	1
1413	1622	1623	1
1414	1623	1624	1
1415	1624	1625	1
1416	1625	1626	1
1417	1626	1627	1
1418	1627	1628	1
1419	1628	1629	1
1420	1629	1630	1
1421	1630	1631	1
1422	1631	1632	1
1423	1632	1633	1
1424	1633	1634	1
1425	1634	1635	1
1426	1635	1636	1
1427	1636	1637	1
1428	1637	1638	1
1429	1638	1639	1
1430	1639	1640	1
1431	1640	1641	1
1432	1641	1642	1
1433	1642	1643	1
1434	1643	1644	1
1435	1644	1645	1
1436	1645	1646	1
1437	1646	1647	1
1438	1647	1648	1
1439	1648	1649	1
1440	1649	1650	1
1441	1650	1651	1
1442	1651	1652	1
1443	1652	1653	1
1444	1653	1654	1
1445	1654	1655	1
1446	1655	1656	1
1447	1656	1657	1
1448	1657	1658	1
1449	1658	1659	1
1450	1659	1660	1
1451	1660	1661	1
1452	1661	1662	1
1453	1662	1663	1
1454	1663	1664	1
1455	1664	1665	1
1456	1665	1666	1
1457	1666	1667	1
1458	1667	1668	1
1459	1668	1669	1
1460	1669	1670	1
1461	1670	1671	1
1462	1671	1672	1
1463	1672	1673	1
1464	1673	1674	1
1465	1674	1675	1
1466	1675	1676	1
1467	1676	1677	1
1468	1677	1678	1
1469	1678	1679	1
1470	1679	1680	1
1471	1680	1681	1
1472	1681	1682	1
1473	1682	1683	1
1474	1683	1684	1
1475	1684	1685	1
1476	1685	1686	1
1477	1686	1687	1
1478	1687	1688	1
1479	1688	1689	1
1480	1689	1690	1
1481	1690	1691	1
1482	1691	1692	1
1483	1692	1693	1
1484	1693	1694	1
1485	1694	1695	1
1486	1695	1696	1
1487	1696	1697	1
1488	1697	1698	1
1489	1698	1699	1
1490	1699	1700	1
1491	1700	1701	1
1492	1701	1702	1
1493	1702	1703	1
1494	1703	1704	1
1495	1704	1705	1
1496	1705	1706	1
1497	1706	1707	1
1498	1707	1708	1
1499	1708	1709	1
1500	1709	1710	1
1501	1710	1711	1
1502	1711	1712	1
1503	1712	1713	1
1504	1713	1714	1
1505	1714	1715	1
1506	1715	1716	1
1507	1716	1717	1
1508	1717	1718	1
1509	1718	1719	1
1510	1719	1720	1
1511	1720	1721	1
1512	1721	1722	1
1513	1722	1723	1
1514	1723	1724	1
1515	1724	1725	1
1516	1725	1726	1
1517	1726	1727	1
1518	1727	1728	1
1519	1728	1729	1
1520	1729	1730	1
1521	1730	1731	1
1522	1731	1732	1
1523	1732	1733	1
1524	1733	1734	1
1525	1734	1735	1
1526	1735	1736	1
1527	1736	1737	1
1528	1737	1738	1
1529	1738	1739	1
1530	1739	1740	1
1531	1740	1741	1
1532	1741	1742	1
1533	1742	1743	1
1534	1743	1744	1
1535	1744	1745	1
1536	1745	1746	1
1537	1746	1747	1
1538	1747	1748	1
1539	1748	1749	1
1540	1749	1750	1
1541	1750	1751	1
1542	1751	1752	1
1543	1752	1753	1
1544	1753	1754	1
1545	1754	1755	1
1546	1755	1756	1
1547	1756	1757	1
1548	1757	1758	1
1549	1758	1759	1
1550	1759	1760	1
1551	1760	1761	1
1552	1761	1762	1
1553	1762	1763	1
1554	1763	1764	1
1555	1764	1765	1
1556	1765	1766	1
1557	1766	1767	1
1558	1767	1768	1
1559	1768	1769	1
1560	1769	1770	1
1561	1770	1771	1
1562	1771	1772	1
1563	1772	1773	1
1564	1773	1774	1
1565	1774	1775	1
1566	1775	1776	1
1567	1776	1777	1
1568	1777	1778	1
1569	1778	1779	1
1570	1779	1780	1
1571	1780	1781	1
1572	1781	1782	1
1573	1782	1783	1
1574	1783	1784	1
1575	1784	1785	1
1576	1785	1786	1
1577	1786	1787	1
1578	1787	1788	1
1579	1788	1789	1
1580	1789	1790	1
1581	1790	1791	1
1582	1791	1792	1
1583	1792	1793	1
1584	1793	1794	1
1585	1794	1795	1
1586	1795	1796	1
1587	1796	1797	1
1588	1797	1798	1
1589	1798	1799	1
1590	1799	1800	1
1591	1800	1801	1
1592	1801	1802	1
1593	1802	1803	1
1594	1803	1804	1
1595	1804	1805	1
1596	1805	1807	2
1597	1807	1809	2
1598	1809	1811	2
1599	1811	1813	2
1600	1813	1815	2
1601	1815	1817	2
1602	1817	1819	2
1603	1819	1821	2
1604	1821	1823	2
1605	1823	1825	2
1606	1825	1827	2
1607	1827	1829	2
1608	1829	1831	2
1609	1831	1833	2
1610	1833	1835	2
1611	1835	1837	2
1612	1837	1839	2
1613	1839	1841	2
1614	1841	1843	2
1615	1843	1845	2
1616	1845	1847	2
1617	1847	1849	2
1618	1849	1851	2
1619	1851	1853	2
1620	1853	1855	2
1621	1855	1857	2
1622	1857	1859	2
1623	1859	1861	2
1624	1861	1863	2
1625	1863	1865	2
1626	1865	1867	2
1627	1867	1869	2
1628	1869	1871	2
1629	1871	1873	2
1630	1873	1875	2
1631	1875	1877	2
1632	1877	1879	2
1633	1879	1881	2
1634	1881	1883	2
1635	1883	1885	2
1636	1885	1887	2
1637	1887	1889	2
1638	1889	1891	2
1639	1891	1893	2
1640	1893	1895	2
1641	1895	1897	2
1642	1897	1899	2
1643	1899	1901	2
1644	1901	1903	2
1645	1903	1905	2
1646	1905	1907	2
1647	1907	1909	2
1648	1909	1911	2
1649	1911	1913	2
1650	1913	1915	2
1651	1915	1917	2
1652	1917	1919	2
1653	1919	1921	2
1654	1921	1923	2
1655	1923	1925	2
1656	1925	1927	2
1657	1927	1929	2
1658	1929	1931	2
1659	1931	1933	2
1660	1933	1935	2
1661	1935	1937	2
1662	1937	1939	2
1663	1939	1941	2
1664	1941	1943	2
1665	1943	1945	2
1666	1945	1947	2
1667	1947	1949	2
1668	1949	1951	2
1669	1951	1953	2
1670	1953	1955	2
1671	1955	1957	2
1672	1957	1959	2
1673	1959	1961	2
1674	1961	1963	2
1675	1963	1965	2
1676	1965	1967	2
1677	1967	1969	2
1678	1969	1971	2
1679	1971	1973	2
1680	1973	1975	2
1681	1975	1977	2
1682	1977	1979	2
1683	1979	1981	2
1684	1981	1983	2
1685	1983	1985	2
1686	1985	1987	2
1687	1987	1989	2
1688	1989	1991	2
1689	1991	1993	2
1690	1993	1995	2
1691	1995	1997	2
1692	1997	1999	2
1693	1999	2001	2
1694	2001	2003	2
1695	2003	2005	2
1696	2005	2007	2
1697	2007	2009	2
1698	2009	2011	2
1699	2011	2013	2
1700	2013	2015	2
1701	2015	2017	2
1702	2017	2019	2
1703	2019	2021	2
1704	2021	2023	2
1705	2023	2025	2
1706	2025	2027	2
1707	2027	2029	2
1708	2029	2031	2
1709	2031	2033	2
1710	2033	2035	2
1711	2035	2037	2
1712	2037	2039	2
1713	2039	2041	2
1714	2041	2043	2
1715	2043	2045	2
1716	2045	2047	2
1717	2047	2049	2
1718	2049	2051	2
1719	2051	2053	2
1720	2053	2055	2
1721	2055	2057	2
1722	2057	2059	2
1723	2059	2061	2
1724	2061	2063	2
1725	2063	2065	2
1726	2065	2067	2
1727	2067	2069	2
1728	2069	2071	2
1729	2071	2073	2
1730	2073	2075	2
1731	2075	2077	2
1732	2077	2079	2
1733	2079	2081	2
1734	2081	2083	2
1735	2083	2085	2
1736	2085	2087	2
1737	2087	2089	2
1738	2089	2091	2
1739	2091	2093	2
1740	2093	2095	2
1741	2095	2097	2
1742	2097	2099	2
1743	2099	2101	2
1744	2101	2103	2
1745	2103	2105	2
1746	2105	2107	2
1747	2107	2109	2
1748	2109	2111	2
1749	2111	2113	2
1750	2113	2115	2
1751	2115	2117	2
1752	2117	2119	2
1753	2119	2121	2
1754	2121	2123	2
1755	2123	2125	2
1756	2125	2127	2
1757	2127	2129	2
1758	2129	2131	2
1759	2131	2133	2
1760	2133	2135	2
1761	2135	2137	2
1762	2137	2139	2
1763	2139	2141	2
1764	2141	2143	2
1765	2143	2145	2
1766	2145	2147	2
1767	2147	2149	2
1768	2149	2151	2
1769	2151	2153	2
1770	2153	2155	2
1771	2155	2157	2
1772	2157	2159	2
1773	2159	2161	2
1774	2161	2163	2
1775	2163	2165	2
1776	2165	2167	2
1777	2167	2169	2
1778	2169	2171	2
1779	2171	2173	2
1780	2173	2175	2
1781	2175	2177	2
1782	2177	2179	2
1783	2179	2181	2
1784	2181	2183	2
1785	2183	2185	2
1786	2185	2187	2
1787	2187	2189	2
1788	2189	2191	2
1789	2191	2193	2
1790	2193	2195	2
1791	2195	2197	2
1792	2197	2199	2
1793	2199	2201	2
1794	2201	2203	2
1795	2203	2205	2
1796	2205	2207	2
1797	2207	2209	2
1798	2209	2211	2
1799	2211	2213	2
1800	2213	2215	2
1801	2215	2217	2
1802	2217	2219	2
1803	2219	2221	2
1804	2221	2223	2
1805	2223	2225	2
1806	2225	2227	2
1807	2227	2229	2
1808	2229	2231	2
1809	2231	2233	2
1810	2233	2235	2
1811	2235	2237	2
1812	2237	2239	2
1813	2239	2241	2
1814	2241	2243	2
1815	2243	2245	2
1816	2245	2247	2
1817	2247	2249	2
1818	2249	2251	2
1819	2251	2253	2
1820	2253	2255	2
1821	2255	2257	2
1822	2257	2259	2
1823	2259	2261	2
1824	2261	2263	2
1825	2263	2265	2
1826	2265	2267	2
1827	2267	2269	2
1828	2269	2271	2
1829	2271	2273	2
1830	2273	2275	2
1831	2275	2277	2
1832	2277	2279	2
1833	2279	2281	2
1834	2281	2283	2
1835	2283	2285	2
1836	2285	2287	2
1837	2287	2289	2
1838	2289	2291	2
1839	2291	2293	2
1840	2293	2295	2
1841	2295	2297	2
1842	2297	2299	2
1843	2299	2301	2
1844	2301	2303	2
1845	2303	2305	2
1846	2305	2307	2
1847	2307	2309	2
1848	2309	2311	2
1849	2311	2313	2
1850	2313	2315	2
1851	2315	2317	2
1852	2317	2319	2
1853	2319	2321	2
1854	2321	2323	2
1855	2323	2325	2
1856	2325	2327	2
1857	2327	2329	2
1858	2329	2331	2
1859	2331	2333	2
1860	2333	2335	2
1861	2335	2337	2
1862	2337	2339	2
1863	2339	2341	2
1864	2341	2343	2
1865	2343	2345	2
1866	2345	2347	2
1867	2347	2349	2
1868	2349	2351	2
1869	2351	2353	2
1870	2353	2355	2
1871	2355	2357	2
1872	2357	2359	2
1873	2359	2361	2
1874	2361	2363	2
1875	2363	2365	2
1876	2365	2367	2
1877	2367	2369	2
1878	2369	2371	2
1879	2371	2373	2
1880	2373	2375	2
1881	2375	2377	2
1882	2377	2379	2
1883	2379	2381	2
1884	2381	2383	2
1885	2383	2385	2
1886	2385	2387	2
1887	2387	2389	2
1888	2389	2391	2
1889	2391	2393	2
1890	2393	2395	2
1891	2395	2397	2
1892	2397	2399	2
1893	2399	2401	2
1894	2401	2403	2
1895	2403	2405	2
1896	2405	2407	2
1897	2407	2409	2
1898	2409	2411	2
1899	2411	2413	2
1900	2413	2415	2
1901	2415	2417	2
1902	2417	2419	2
1903	2419	2421	2
1904	2421	2423	2
1905	2423	2425	2
1906	2425	2427	2
1907	2427	2429	2
1908	2429	2431	2
1909	2431	2433	2
1910	2433	2435	2
1911	2435	2437	2
1912	2437	2439	2
1913	2439	2441	2
1914	2441	2443	2
1915	2443	2445	2
1916	2445	2447	2
1917	2447	2449	2
1918	2449	2451	2
1919	2451	2453	2
1920	2453	2455	2
1921	2455	2457	2
1922	2457	2459	2
1923	2459	2461	2
1924	2461	2463	2
1925	2463	2465	2
1926	2465	2467	2
1927	2467	2469	2
1928	2469	2471	2
1929	2471	2473	2
1930	2473	2475	2
1931	2475	2477	2
1932	2477	2479	2
1933	2479	2481	2
1934	2481	2483	2
1935	2483	2485	2
1936	2485	2487	2
1937	2487	2489	2
1938	2489	2491	2
1939	2491	2493	2
1940	2493	2495	2
1941	2495	2497	2
1942	2497	2499	2
1943	2499	2501	2
1944	2501	2503	2
1945	2503	2505	2
1946	2505	2507	2
1947	2507	2509	2
1948	2509	2511	2
1949	2511	2513	2
1950	2513	2515	2
1951	2515	2517	2
1952	2517	2519	2
1953	2519	2521	2
1954	2521	2523	2
1955	2523	2525	2
1956	2525	2527	2
1957	2527	2529	2
1958	2529	2531	2
1959	2531	2533	2
1960	2533	2535	2
1961	2535	2537	2
1962	2537	2539	2
1963	2539	2541	2
1964	2541	2543	2
1965	2543	2545	2
1966	2545	2547	2
1967	2547	2549	2
1968	2549	2551	2
1969	2551	2553	2
1970	2553	2555	2
1971	2555	2557	2
1972	2557	2559	2
1973	2559	2561	2
1974	2561	2563	2
1975	2563	2565	2
1976	2565	2567	2
1977	2567	2569	2
1978	2569	2571	2
1979	2571	2573	2
1980	2573	2575	2
1981	2575	2577	2
1982	2577	2579	2
1983	2579	2581	2
1984	2581	2583	2
1985	2583	2585	2
1986	2585	2587	2
1987	2587	2589	2
1988	2589	2591	2
1989	2591	2593	2
1990	2593	2595	2
1991	2595	2597	2
1992	2597	2599	2
1993	2599	2601	2
1994	2601	2603	2
1995	2603	2605	2
1996	2605	2607	2
1997	2607	2609	2
1998	2609	2611	2
1999	2611	2613	2
2000	2613	2615	2
2001	2615	2617	2
2002	2617	2619	2
2003	2619	2621	2
2004	2621	2623	2
2005	2623	2625	2
2006	2625	2627	2
2007	2627	2629	2
2008	2629	2631	2
2009	2631	2633	2
2010	2633	2635	2
2011	2635	2637	2
2012	2637	2639	2
2013	2639	2641	2
2014	2641	2643	2
2015	2643	2645	2
2016	2645	2647	2
2017	2647	2649	2
2018	2649	2651	2
2019	2651	2653	2
2020	2653	2655	2
2021	2655	2657	2
2022	2657	2659	2
2023	2659	2661	2
2024	2661	2663	2
2025	2663	2665	2
2026	2665	2667	2
2027	2667	2669	2
2028	2669	2671	2
2029	2671	2673	2
2030	2673	2675	2
2031	2675	2677	2
2032	2677	2679	2
2033	2679	2681	2
2034	2681	2683	2
2035	2683	2685	2
2036	2685	2687	2
2037	2687	2689	2
2038	2689	2691	2
2039	2691	2693	2
2040	2693	2695	2
2041	2695	2697	2
2042	2697	2699	2
2043	2699	2701	2
2044	2701	2703	2
2045	2703	2705	2
2046	2705	2707	2
2047	2707	2709	2
2048	2709	2711	2
2049	2711	2713	2
2050	2713	2715	2
2051	2715	2717	2
2052	2717	2719	2
2053	2719	2721	2
2054	2721	2723	2
2055	2723	2725	2
2056	2725	2727	2
2057	2727	2729	2
2058	2729	2731	2
2059	2731	2733	2
2060	2733	2735	2
2061	2735	2737	2
2062	2737	2739	2
2063	2739	2741	2
2064	2741	2743	2
2065	2743	2745	2
2066	2745	2747	2
2067	2747	2749	2
2068	2749	2751	2
2069	2751	2753	2
2070	2753	2755	2
2071	2755	2757	2
2072	2757	2759	2
2073	2759	2761	2
2074	2761	2763	2
2075	2763	2765	2
2076	2765	2767	2
2077	2767	2769	2
2078	2769	2771	2
2079	2771	2773	2
2080	2773	2775	2
2081	2775	2777	2
2082	2777	2779	2
2083	2779	2781	2
2084	2781	2783	2
2085	2783	2785	2
2086	2785	2787	2
2087	2787	2789	2
2088	2789	2791	2
2089	2791	2793	2
2090	2793	2795	2
2091	2795	2797	2
2092	2797	2799	2
2093	2799	2801	2
2094	2801	2803	2
2095	2803	2805	2
2096	2805	2807	2
2097	2807	2809	2
2098	2809	2811	2
2099	2811	2813	2
2100	2813	2815	2
2101	2815	2817	2
2102	2817	2819	2
2103	2819	2821	2
2104	2821	2823	2
2105	2823	2825	2
2106	2825	2827	2
2107	2827	2829	2
2108	2829	2831	2
2109	2831	2833	2
2110	2833	2835	2
2111	2835	2837	2
2112	2837	2839	2
2113	2839	2841	2
2114	2841	2843	2
2115	2843	2845	2
2116	2845	2847	2
2117	2847	2849	2
2118	2849	2851	2
2119	2851	2853	2
2120	2853	2855	2
2121	2855	2857	2
2122	2857	2859	2
2123	2859	2861	2
2124	2861	2863	2
2125	2863	2865	2
2126	2865	2867	2
2127	2867	2869	2
2128	2869	2871	2
2129	2871	2873	2
2130	2873	2875	2
2131	2875	2877	2
2132	2877	2879	2
2133	2879	2881	2
2134	2881	2883	2
2135	2883	2885	2
2136	2885	2887	2
2137	2887	2889	2
2138	2889	2891	2
2139	2891	2893	2
2140	2893	2895	2
2141	2895	2897	2
2142	2897	2899	2
2143	2899	2901	2
2144	2901	2903	2
2145	2903	2905	2
2146	2905	2907	2
2147	2907	2909	2
2148	2909	2911	2
2149	2911	2913	2
2150	2913	2915	2
2151	2915	2917	2
2152	2917	2919	2
2153	2919	2921	2
2154	2921	2923	2
2155	2923	2925	2
2156	2925	2927	2
2157	2927	2929	2
2158	2929	2931	2
2159	2931	2933	2
2160	2933	2935	2
2161	2935	2937	2
2162	2937	2939	2
2163	2939	2941	2
2164	2941	2943	2
2165	2943	2945	2
2166	2945	2947	2
2167	2947	2949	2
2168	2949	2951	2
2169	2951	2953	2
2170	2953	2955	2
2171	2955	2957	2
2172	2957	2959	2
2173	2959	2961	2
2174	2961	2963	2
2175	2963	2965	2
2176	2965	2967	2
2177	2967	2969	2
2178	2969	2971	2
2179	2971	2973	2
2180	2973	2975	2
2181	2975	2977	2
2182	2977	2979	2
2183	2979	2981	2
2184	2981	2983	2
2185	2983	2985	2
2186	2985	2987	2
2187	2987	2989	2
2188	2989	2991	2
2189	2991	2993	2
2190	2993	2995	2
2191	2995	2997	2
2192	2997	2999	2
2193	2999	3001	2
2194	3001	3003	2
2195	3003	3005	2
2196	3005	3007	2
2197	3007	3009	2
2198	3009	3011	2
2199	3011	3013	2
2200	3013	3015	2
2201	3015	3017	2
2202	3017	3019	2
2203	3019	3021	2
2204	3021	3023	2
2205	3023	3025	2
2206	3025	3027	2
2207	3027	3029	2
2208	3029	3031	2
2209	3031	3033	2
2210	3033	3035	2
2211	3035	3037	2
2212	3037	3039	2
2213	3039	3041	2
2214	3041	3043	2
2215	3043	3045	2
2216	3045	3047	2
2217	3047	3049	2
2218	3049	3051	2
2219	3051	3053	2
2220	3053	3055	2
2221	3055	3057	2
2222	3057	3059	2
2223	3059	3061	2
2224	3061	3063	2
2225	3063	3065	2
2226	3065	3067	2
2227	3067	3069	2
2228	3069	3071	2
2229	3071	3073	2
2230	3073	3075	2
2231	3075	3077	2
2232	3077	3079	2
2233	3079	3081	2
2234	3081	3083	2
2235	3083	3085	2
2236	3085	3087	2
2237	3087	3089	2
2238	3089	3091	2
2239	3091	3093	2
2240	3093	3095	2
2241	3095	3097	2
2242	3097	3099	2
2243	3099	3101	2
2244	3101	3103	2
2245	3103	3105	2
2246	3105	3107	2
2247	3107	3109	2
2248	3109	3111	2
2249	3111	3113	2
2250	3113	3115	2
2251	3115	3117	2
2252	3117	3119	2
2253	3119	3121	2
2254	3121	3123	2
2255	3123	3125	2
2256	3125	3127	2
2257	3127	3129	2
2258	3129	3131	2
2259	3131	3133	2
2260	3133	3135	2
2261	3135	3137	2
2262	3137	3139	2
2263	3139	3141	2
2264	3141	3143	2
2265	3143	3145	2
2266	3145	3147	2
2267	3147	3149	2
2268	3149	3151	2
2269	3151	3153	2
2270	3153	3155	2
2271	3155	3157	2
2272	3157	3159	2
2273	3159	3161	2
2274	3161	3163	2
2275	3163	3165	2
2276	3165	3167	2
2277	3167	3169	2
2278	3169	3171	2
2279	3171	3173	2
2280	3173	3175	2
2281	3175	3177	2
2282	3177	3179	2
2283	3179	3181	2
2284	3181	3183	2
2285	3183	3185	2
2286	3185	3187	2
2287	3187	3189	2
2288	3189	3191	2
2289	3191	3193	2
2290	3193	3195	2
2291	3195	3197	2
2292	3197	3199	2
2293	3199	3201	2
2294	3201	3203	2
2295	3203	3205	2
2296	3205	3207	2
2297	3207	3209	2
2298	3209	3211	2
2299	3211	3213	2
2300	3213	3215	2
2301	3215	3217	2
2302	3217	3219	2
2303	3219	3221	2
2304	3221	3223	2
2305	3223	3225	2
2306	3225	3227	2
2307	3227	3229	2
2308	3229	3231	2
2309	3231	3233	2
2310	3233	3235	2
2311	3235	3237	2
2312	3237	3239	2
2313	3239	3241	2
2314	3241	3243	2
2315	3243	3245	2
2316	3245	3247	2
2317	3247	3249	2
2318	3249	3251	2
2319	3251	3253	2
2320	3253	3255	2
2321	3255	3257	2
2322	3257	3259	2
2323	3259	3261	2
2324	3261	3263	2
2325	3263	3265	2
2326	3265	3267	2
2327	3267	3269	2
2328	3269	3271	2
2329	3271	3273	2
2330	3273	3275	2
2331	3275	3277	2
2332	3277	3279	2
2333	3279	3281	2
2334	3281	3283	2
2335	3283	3285	2
2336	3285	3287	2
2337	3287	3289	2
2338	3289	3291	2
2339	3291	3293	2
2340	3293	3295	2
2341	3295	3297	2
2342	3297	3299	2
2343	3299	3301	2
2344	3301	3303	2
2345	3303	3305	2
2346	3305	3307	2
2347	3307	3309	2
2348	3309	3311	2
2349	3311	3313	2
2350	3313	3315	2
2351	3315	3317	2
2352	3317	3319	2
2353	3319	3321	2
2354	3321	3323	2
2355	3323	3325	2
2356	3325	3327	2
2357	3327	3329	2
2358	3329	3331	2
2359	3331	3333	2
2360	3333	3335	2
2361	3335	3337	2
2362	3337	3339	2
2363	3339	3341	2
2364	3341	3343	2
2365	3343	3345	2
2366	3345	3347	2
2367	3347	3349	2
2368	3349	3351	2
2369	3351	3353	2
2370	3353	3355	2
2371	3355	3357	2
2372	3357	3359	2
2373	3359	3361	2
2374	3361	3363	2
2375	3363	3365	2
2376	3365	3367	2
2377	3367	3369	2
2378	3369	3371	2
2379	3371	3373	2
2380	3373	3375	2
2381	3375	3377	2
2382	3377	3379	2
2383	3379	3381	2
2384	3381	3383	2
2385	3383	3385	2
2386	3385	3387	2
2387	3387	3389	2
2388	3389	3391	2
2389	3391	3393	2
2390	3393	3395	2
2391	3395	3397	2
2392	3397	3399	2
2393	3399	3401	2
2394	3401	3403	2
2395	3403	3405	2
2396	3405	3407	2
2397	3407	3409	2
2398	3409	3411	2
2399	3411	3413	2
2400	3413	3415	2
2401	3415	3417	2
2402	3417	3419	2
2403	3419	3421	2
2404	3421	3423	2
2405	3423	3425	2
2406	3425	3427	2
2407	3427	3429	2
2408	3429	3431	2
2409	3431	3433	2
2410	3433	3435	2
2411	3435	3437	2
2412	3437	3439	2
2413	3439	3441	2
2414	3441	3443	2
2415	3443	3445	2
2416	3445	3448	3
2417	3448	3451	3
2418	3451	3454	3
2419	3454	3457	3
2420	3457	3460	3
2421	3460	3463	3
2422	3463	3466	3
2423	3466	3469	3
2424	3469	3472	3
2425	3472	3475	3
2426	3475	3478	3
2427	3478	3481	3
2428	3481	3484	3
2429	3484	3487	3
2430	3487	3490	3
2431	3490	3493	3
2432	3493	3496	3
2433	3496	3499	3
2434	3499	3502	3
2435	3502	3505	3
2436	3505	3508	3
2437	3508	3511	3
2438	3511	3514	3
2439	3514	3517	3
2440	3517	3520	3
2441	3520	3523	3
2442	3523	3526	3
2443	3526	3529	3
2444	3529	3532	3
2445	3532	3535	3
2446	3535	3538	3
2447	3538	3541	3
2448	3541	3544	3
2449	3544	3547	3
2450	3547	3550	3
2451	3550	3553	3
2452	3553	3556	3
2453	3556	3559	3
2454	3559	3562	3
2455	3562	3565	3
2456	3565	3568	3
2457	3568	3571	3
2458	3571	3574	3
2459	3574	3577	3
2460	3577	3580	3
2461	3580	3583	3
2462	3583	3586	3
2463	3586	3589	3
2464	3589	3592	3
2465	3592	3595	3
2466	3595	3598	3
2467	3598	3601	3
2468	3601	3604	3
2469	3604	3607	3
2470	3607	3610	3
2471	3610	3613	3
2472	3613	3616	3
2473	3616	3619	3
2474	3619	3622	3
2475	3622	3625	3
2476	3625	3628	3
2477	3628	3631	3
2478	3631	3634	3
2479	3634	3637	3
2480	3637	3640	3
2481	3640	3643	3
2482	3643	3646	3
2483	3646	3649	3
2484	3649	3652	3
2485	3652	3655	3
2486	3655	3658	3
2487	3658	3661	3
2488	3661	3664	3
2489	3664	3667	3
2490	3667	3670	3
2491	3670	3673	3
2492	3673	3676	3
2493	3676	3679	3
2494	3679	3682	3
2495	3682	3685	3
2496	3685	3688	3
2497	3688	3691	3
2498	3691	3694	3
2499	3694	3697	3
2500	3697	3700	3
2501	3700	3703	3
2502	3703	3706	3
2503	3706	3709	3
2504	3709	3712	3
2505	3712	3715	3
2506	3715	3718	3
2507	3718	3721	3
2508	3721	3724	3
2509	3724	3727	3
2510	3727	3730	3
2511	3730	3733	3
2512	3733	3736	3
2513	3736	3739	3
2514	3739	3742	3
2515	3742	3745	3
2516	3745	3748	3
2517	3748	3751	3
2518	3751	3754	3
2519	3754	3757	3
2520	3757	3760	3
2521	3760	3763	3
2522	3763	3766	3
2523	3766	3769	3
2524	3769	3772	3
2525	3772	3775	3
2526	3775	3778	3
2527	3778	3781	3
2528	3781	3784	3
2529	3784	3787	3
2530	3787	3790	3
2531	3790	3793	3
2532	3793	3796	3
2533	3796	3799	3
2534	3799	3802	3
2535	3802	3805	3
2536	3805	3808	3
2537	3808	3811	3
2538	3811	3814	3
2539	3814	3817	3
2540	3817	3820	3
2541	3820	3823	3
2542	3823	3826	3
2543	3826	3829	3
2544	3829	3832	3
2545	3832	3835	3
2546	3835	3838	3
2547	3838	3841	3
2548	3841	3844	3
2549	3844	3847	3
2550	3847	3850	3
2551	3850	3853	3
2552	3853	3856	3
2553	3856	3859	3
2554	3859	3862	3
2555	3862	3865	3
2556	3865	3868	3
2557	3868	3871	3
2558	3871	3874	3
2559	3874	3877	3
2560	3877	3880	3
2561	3880	3883	3
2562	3883	3886	3
2563	3886	3889	3
2564	3889	3892	3
2565	3892	3895	3
2566	3895	3898	3
2567	3898	3901	3
2568	3901	3904	3
2569	3904	3907	3
2570	3907	3910	3
2571	3910	3913	3
2572	3913	3916	3
2573	3916	3919	3
2574	3919	3922	3
2575	3922	3925	3
2576	3925	3928	3
2577	3928	3931	3
2578	3931	3934	3
2579	3934	3937	3
2580	3937	3940	3
2581	3940	3943	3
2582	3943	3946	3
2583	3946	3949	3
2584	3949	3952	3
2585	3952	3955	3
2586	3955	3958	3
2587	3958	3961	3
2588	3961	3964	3
2589	3964	3967	3
2590	3967	3970	3
2591	3970	3973	3
2592	3973	3976	3
2593	3976	3979	3
2594	3979	3982	3
2595	3982	3985	3
2596	3985	3988	3
2597	3988	3991	3
2598	3991	3994	3
2599	3994	3997	3
2600	3997	4000	3
2601	4000	4003	3
2602	4003	4006	3
2603	4006	4009	3
2604	4009	4012	3
2605	4012	4015	3
2606	4015	4018	3
2607	4018	4021	3
2608	4021	4024	3
2609	4024	4027	3
2610	4027	4030	3
2611	4030	4033	3
2612	4033	4036	3
2613	4036	4039	3
2614	4039	4042	3
2615	4042	4045	3
2616	4045	4048	3
2617	4048	4051	3
2618	4051	4054	3
2619	4054	4057	3
2620	4057	4060	3
2621	4060	4063	3
2622	4063	4066	3
2623	4066	4069	3
2624	4069	4072	3
2625	4072	4075	3
2626	4075	4078	3
2627	4078	4081	3
2628	4081	4084	3
2629	4084	4087	3
2630	4087	4090	3
2631	4090	4093	3
2632	4093	4096	3
2633	4096	4099	3
2634	4099	4102	3
2635	4102	4105	3
2636	4105	4108	3
2637	4108	4111	3
2638	4111	4114	3
2639	4114	4117	3
2640	4117	4120	3
2641	4120	4123	3
2642	4123	4126	3
2643	4126	4129	3
2644	4129	4132	3
2645	4132	4135	3
2646	4135	4138	3
2647	4138	4141	3
2648	4141	4144	3
2649	4144	4147	3
2650	4147	4150	3
2651	4150	4153	3
2652	4153	4156	3
2653	4156	4159	3
2654	4159	4162	3
2655	4162	4165	3
2656	4165	4168	3
2657	4168	4171	3
2658	4171	4174	3
2659	4174	4177	3
2660	4177	4180	3
2661	4180	4183	3
2662	4183	4186	3
2663	4186	4189	3
2664	4189	4192	3
2665	4192	4195	3
2666	4195	4198	3
2667	4198	4201	3
2668	4201	4204	3
2669	4204	4207	3
2670	4207	4210	3
2671	4210	4213	3
2672	4213	4216	3
2673	4216	4219	3
2674	4219	4222	3
2675	4222	4225	3
2676	4225	4228	3
2677	4228	4231	3
2678	4231	4234	3
2679	4234	4237	3
2680	4237	4240	3
2681	4240	4243	3
2682	4243	4246	3
2683	4246	4249	3
2684	4249	4252	3
2685	4252	4255	3
2686	4255	4258	3
2687	4258	4261	3
2688	4261	4264	3
2689	4264	4267	3
2690	4267	4270	3
2691	4270	4273	3
2692	4273	4276	3
2693	4276	4279	3
2694	4279	4282	3
2695	4282	4285	3
2696	4285	4288	3
2697	4288	4291	3
2698	4291	4294	3
2699	4294	4297	3
2700	4297	4300	3
2701	4300	4303	3
2702	4303	4306	3
2703	4306	4309	3
2704	4309	4312	3
2705	4312	4315	3
2706	4315	4318	3
2707	4318	4321	3
2708	4321	4324	3
2709	4324	4327	3
2710	4327	4330	3
2711	4330	4333	3
2712	4333	4336	3
2713	4336	4339	3
2714	4339	4342	3
2715	4342	4345	3
2716	4345	4348	3
2717	4348	4351	3
2718	4351	4354	3
2719	4354	4357	3
2720	4357	4360	3
2721	4360	4363	3
2722	4363	4366	3
2723	4366	4369	3
2724	4369	4372	3
2725	4372	4375	3
2726	4375	4378	3
2727	4378	4381	3
2728	4381	4384	3
2729	4384	4387	3
2730	4387	4390	3
2731	4390	4393	3
2732	4393	4396	3
2733	4396	4399	3
2734	4399	4402	3
2735	4402	4405	3
2736	4405	4408	3
2737	4408	4411	3
2738	4411	4414	3
2739	4414	4417	3
2740	4417	4420	3
2741	4420	4423	3
2742	4423	4426	3
2743	4426	4429	3
2744	4429	4432	3
2745	4432	4435	3
2746	4435	4438	3
2747	4438	4441	3
2748	4441	4444	3
2749	4444	4447	3
2750	4447	4450	3
2751	4450	4453	3
2752	4453	4456	3
2753	4456	4459	3
2754	4459	4462	3
2755	4462	4465	3
2756	4465	4468	3
2757	4468	4471	3
2758	4471	4474	3
2759	4474	4477	3
2760	4477	4480	3
2761	4480	4483	3
2762	4483	4486	3
2763	4486	4489	3
2764	4489	4492	3
2765	4492	4495	3
2766	4495	4498	3
2767	4498	4501	3
2768	4501	4504	3
2769	4504	4507	3
2770	4507	4510	3
2771	4510	4513	3
2772	4513	4516	3
2773	4516	4519	3
2774	4519	4522	3
2775	4522	4525	3
2776	4525	4528	3
2777	4528	4531	3
2778	4531	4534	3
2779	4534	4537	3
2780	4537	4540	3
2781	4540	4543	3
2782	4543	4546	3
2783	4546	4549	3
2784	4549	4552	3
2785	4552	4555	3
2786	4555	4558	3
2787	4558	4561	3
2788	4561	4564	3
2789	4564	4567	3
2790	4567	4570	3
2791	4570	4573	3
2792	4573	4576	3
2793	4576	4579	3
2794	4579	4582	3
2795	4582	4585	3
2796	4585	4588	3
2797	4588	4591	3
2798	4591	4594	3
2799	4594	4597	3
2800	4597	4600	3
2801	4600	4603	3
2802	4603	4606	3
2803	4606	4609	3
2804	4609	4612	3
2805	4612	4615	3
2806	4615	4618	3
2807	4618	4621	3
2808	4621	4624	3
2809	4624	4627	3
2810	4627	4630	3
2811	4630	4633	3
2812	4633	4636	3
2813	4636	4639	3
2814	4639	4642	3
2815	4642	4645	3
2816	4645	4648	3
2817	4648	4651	3
2818	4651	4654	3
2819	4654	4657	3
2820	4657	4660	3
2821	4660	4663	3
2822	4663	4666	3
2823	4666	4669	3
2824	4669	4672	3
2825	4672	4675	3
2826	4675	4678	3
2827	4678	4681	3
2828	4681	4684	3
2829	4684	4688	4
2830	4688	4692	4
2831	4692	4696	4
2832	4696	4700	4
2833	4700	4704	4
2834	4704	4708	4
2835	4708	4712	4
2836	4712	4716	4
2837	4716	4720	4
2838	4720	4724	4
2839	4724	4728	4
2840	4728	4732	4
2841	4732	4736	4
2842	4736	4740	4
2843	4740	4744	4
2844	4744	4748	4
2845	4748	4752	4
2846	4752	4756	4
2847	4756	4760	4
2848	4760	4764	4
2849	4764	4768	4
2850	4768	4772	4
2851	4772	4776	4
2852	4776	4780	4
2853	4780	4784	4
2854	4784	4788	4
2855	4788	4792	4
2856	4792	4796	4
2857	4796	4800	4
2858	4800	4804	4
2859	4804	4808	4
2860	4808	4812	4
2861	4812	4816	4
2862	4816	4820	4
2863	4820	4824	4
2864	4824	4828	4
2865	4828	4832	4
2866	4832	4836	4
2867	4836	4840	4
2868	4840	4844	4
2869	4844	4848	4
2870	4848	4852	4
2871	4852	4856	4
2872	4856	4860	4
2873	4860	4864	4
2874	4864	4868	4
2875	4868	4872	4
2876	4872	4876	4
2877	4876	4880	4
2878	4880	4884	4
2879	4884	4888	4
2880	4888	4892	4
2881	4892	4896	4
2882	4896	4900	4
2883	4900	4904	4
2884	4904	4908	4
2885	4908	4912	4
2886	4912	4916	4
2887	4916	4920	4
2888	4920	4924	4
2889	4924	4928	4
2890	4928	4932	4
2891	4932	4936	4
2892	4936	4940	4
2893	4940	4944	4
2894	4944	4948	4
2895	4948	4952	4
2896	4952	4956	4
2897	4956	4960	4
2898	4960	4964	4
2899	4964	4968	4
2900	4968	4972	4
2901	4972	4976	4
2902	4976	4980	4
2903	4980	4984	4
2904	4984	4988	4
2905	4988	4992	4
2906	4992	4996	4
2907	4996	5000	4
2908	5000	5004	4
2909	5004	5008	4
2910	5008	5012	4
2911	5012	5016	4
2912	5016	5020	4
2913	5020	5024	4
2914	5024	5028	4
2915	5028	5032	4
2916	5032	5036	4
2917	5036	5040	4
2918	5040	5044	4
2919	5044	5048	4
2920	5048	5052	4
2921	5052	5056	4
2922	5056	5060	4
2923	5060	5064	4
2924	5064	5068	4
2925	5068	5072	4
2926	5072	5076	4
2927	5076	5080	4
2928	5080	5084	4
2929	5084	5088	4
2930	5088	5092	4
2931	5092	5096	4
2932	5096	5100	4
2933	5100	5104	4
2934	5104	5108	4
2935	5108	5112	4
2936	5112	5116	4
2937	5116	5120	4
2938	5120	5124	4
2939	5124	5128	4
2940	5128	5132	4
2941	5132	5136	4
2942	5136	5140	4
2943	5140	5144	4
2944	5144	5148	4
2945	5148	5152	4
2946	5152	5156	4
2947	5156	5160	4
2948	5160	5164	4
2949	5164	5168	4
2950	5168	5172	4
2951	5172	5176	4
2952	5176	5180	4
2953	5180	5184	4
2954	5184	5188	4
2955	5188	5192	4
2956	5192	5196	4
2957	5196	5200	4
2958	5200	5204	4
2959	5204	5208	4
2960	5208	5212	4
2961	5212	5216	4
2962	5216	5220	4
2963	5220	5224	4
2964	5224	5228	4
2965	5228	5232	4
2966	5232	5236	4
2967	5236	5240	4
2968	5240	5244	4
2969	5244	5248	4
2970	5248	5252	4
2971	5252	5256	4
2972	5256	5260	4
2973	5260	5264	4
2974	5264	5268	4
2975	5268	5272	4
2976	5272	5276	4
2977	5276	5280	4
2978	5280	5284	4
2979	5284	5288	4
2980	5288	5292	4
2981	5292	5296	4
2982	5296	5300	4
2983	5300	5304	4
2984	5304	5308	4
2985	5308	5312	4
2986	5312	5316	4
2987	5316	5320	4
2988	5320	5324	4
2989	5324	5328	4
2990	5328	5332	4
2991	5332	5336	4
2992	5336	5340	4
2993	5340	5344	4
2994	5344	5348	4
2995	5348	5352	4
2996	5352	5356	4
2997	5356	5360	4
2998	5360	5364	4
2999	5364	5368	4
3000	5368	5372	4
3001	5372	5376	4
3002	5376	5380	4
3003	5380	5384	4
3004	5384	5388	4
3005	5388	5392	4
3006	5392	5396	4
3007	5396	5400	4
3008	5400	5404	4
3009	5404	5408	4
3010	5408	5412	4
3011	5412	5416	4
3012	5416	5420	4
3013	5420	5424	4
3014	5424	5428	4
3015	5428	5432	4
3016	5432	5436	4
3017	5436	5440	4
3018	5440	5444	4
3019	5444	5448	4
3020	5448	5452	4
3021	5452	5456	4
3022	5456	5460	4
3023	5460	5464	4
3024	5464	5468	4
3025	5468	5472	4
3026	5472	5476	4
3027	5476	5480	4
3028	5480	5484	4
3029	5484	5488	4
3030	5488	5492	4
3031	5492	5496	4
3032	5496	5500	4
3033	5500	5504	4
3034	5504	5508	4
3035	5508	5512	4
3036	5512	5516	4
3037	5516	5520	4
3038	5520	5524	4
3039	5524	5528	4
3040	5528	5532	4
3041	5532	5536	4
3042	5536	5540	4
3043	5540	5544	4
3044	5544	5548	4
3045	5548	5552	4
3046	5552	5556	4
3047	5556	5560	4
3048	5560	5564	4
3049	5564	5568	4
3050	5568	5572	4
3051	5572	5576	4
3052	5576	5580	4
3053	5580	5584	4
3054	5584	5588	4
3055	5588	5592	4
3056	5592	5596	4
3057	5596	5600	4
3058	5600	5604	4
3059	5604	5608	4
3060	5608	5612	4
3061	5612	5616	4
3062	5616	5620	4
3063	5620	5624	4
3064	5624	5628	4
3065	5628	5632	4
3066	5632	5636	4
3067	5636	5640	4
3068	5640	5644	4
3069	5644	5648	4
3070	5648	5652	4
3071	5652	5656	4
3072	5656	5660	4
3073	5660	5664	4
3074	5664	5668	4
3075	5668	5672	4
3076	5672	5676	4
3077	5676	5680	4
3078	5680	5684	4
3079	5684	5688	4
3080	5688	5693	5
3081	5693	5698	5
3082	5698	5703	5
3083	5703	5708	5
3084	5708	5713	5
3085	5713	5718	5
3086	5718	5723	5
3087	5723	5728	5
3088	5728	5733	5
3089	5733	5738	5
3090	5738	5743	5
3091	5743	5748	5
3092	5748	5753	5
3093	5753	5758	5
3094	5758	5763	5
3095	5763	5768	5
3096	5768	5773	5
3097	5773	5778	5
3098	5778	5783	5
3099	5783	5788	5
3100	5788	5793	5
3101	5793	5798	5
3102	5798	5803	5
3103	5803	5808	5
3104	5808	5813	5
3105	5813	5818	5
3106	5818	5823	5
3107	5823	5828	5
3108	5828	5833	5
3109	5833	5838	5
3110	5838	5843	5
3111	5843	5848	5
3112	5848	5853	5
3113	5853	5858	5
3114	5858	5863	5
3115	5863	5868	5
3116	5868	5873	5
3117	5873	5878	5
3118	5878	5883	5
3119	5883	5888	5
3120	5888	5893	5
3121	5893	5898	5
3122	5898	5903	5
3123	5903	5908	5
3124	5908	5913	5
3125	5913	5918	5
3126	5918	5923	5
3127	5923	5928	5
3128	5928	5933	5
3129	5933	5938	5
3130	5938	5943	5
3131	5943	5948	5
3132	5948	5953	5
3133	5953	5958	5
3134	5958	5963	5
3135	5963	5968	5
3136	5968	5973	5
3137	5973	5978	5
3138	5978	5983	5
3139	5983	5988	5
3140	5988	5993	5
3141	5993	5998	5
3142	5998	6003	5
3143	6003	6008	5
3144	6008	6013	5
3145	6013	6018	5
3146	6018	6023	5
3147	6023	6028	5
3148	6028	6033	5
3149	6033	6038	5
3150	6038	6043	5
3151	6043	6048	5
3152	6048	6053	5
3153	6053	6058	5
3154	6058	6063	5
3155	6063	6068	5
3156	6068	6073	5
3157	6073	6078	5
3158	6078	6083	5
3159	6083	6088	5
3160	6088	6093	5
3161	6093	6098	5
3162	6098	6103	5
3163	6103	6108	5
3164	6108	6113	5
3165	6113	6118	5
3166	6118	6123	5
3167	6123	6128	5
3168	6128	6133	5
3169	6133	6138	5
3170	6138	6143	5
3171	6143	6148	5
3172	6148	6153	5
3173	6153	6158	5
3174	6158	6163	5
3175	6163	6168	5
3176	6168	6173	5
3177	6173	6178	5
3178	6178	6183	5
3179	6183	6188	5
3180	6188	6193	5
3181	6193	6198	5
3182	6198	6203	5
3183	6203	6208	5
3184	6208	6213	5
3185	6213	6218	5
3186	6218	6223	5
3187	6223	6228	5
3188	6228	6233	5
3189	6233	6238	5
3190	6238	6243	5
3191	6243	6248	5
3192	6248	6253	5
3193	6253	6258	5
3194	6258	6263	5
3195	6263	6268	5
3196	6268	6273	5
3197	6273	6278	5
3198	6278	6283	5
3199	6283	6288	5
3200	6288	6293	5
3201	6293	6298	5
3202	6298	6303	5
3203	6303	6308	5
3204	6308	6313	5
3205	6313	6318	5
3206	6318	6323	5
3207	6323	6328	5
3208	6328	6333	5
3209	6333	6338	5
3210	6338	6343	5
3211	6343	6348	5
3212	6348	6353	5
3213	6353	6358	5
3214	6358	6363	5
3215	6363	6368	5
3216	6368	6373	5
3217	6373	6378	5
3218	6378	6383	5
3219	6383	6388	5
3220	6388	6393	5
3221	6393	6398	5
3222	6398	6403	5
3223	6403	6408	5
3224	6408	6413	5
3225	6413	6418	5
3226	6418	6423	5
3227	6423	6428	5
3228	6428	6433	5
3229	6433	6438	5
3230	6438	6443	5
3231	6443	6448	5
3232	6448	6453	5
3233	6453	6458	5
3234	6458	6463	5
3235	6463	6468	5
3236	6468	6473	5
3237	6473	6478	5
3238	6478	6483	5
3239	6483	6489	6
3240	6489	6495	6
3241	6495	6501	6
3242	6501	6507	6
3243	6507	6513	6
3244	6513	6519	6
3245	6519	6525	6
3246	6525	6531	6
3247	6531	6537	6
3248	6537	6543	6
3249	6543	6549	6
3250	6549	6555	6
3251	6555	6561	6
3252	6561	6567	6
3253	6567	6573	6
3254	6573	6579	6
3255	6579	6585	6
3256	6585	6591	6
3257	6591	6597	6
3258	6597	6603	6
3259	6603	6609	6
3260	6609	6615	6
3261	6615	6621	6
3262	6621	6627	6
3263	6627	6633	6
3264	6633	6639	6
3265	6639	6645	6
3266	6645	6651	6
3267	6651	6657	6
3268	6657	6663	6
3269	6663	6669	6
3270	6669	6675	6
3271	6675	6681	6
3272	6681	6687	6
3273	6687	6693	6
3274	6693	6699	6
3275	6699	6705	6
3276	6705	6711	6
3277	6711	6717	6
3278	6717	6723	6
3279	6723	6729	6
3280	6729	6735	6
3281	6735	6741	6
3282	6741	6747	6
3283	6747	6753	6
3284	6753	6759	6
3285	6759	6765	6
3286	6765	6771	6
3287	6771	6777	6
3288	6777	6783	6
3289	6783	6789	6
3290	6789	6795	6
3291	6795	6801	6
3292	6801	6807	6
3293	6807	6813	6
3294	6813	6819	6
3295	6819	6825	6
3296	6825	6831	6
3297	6831	6837	6
3298	6837	6843	6
3299	6843	6849	6
3300	6849	6855	6
3301	6855	6861	6
3302	6861	6867	6
3303	6867	6873	6
3304	6873	6879	6
3305	6879	6885	6
3306	6885	6891	6
3307	6891	6897	6
3308	6897	6903	6
3309	6903	6909	6
3310	6909	6915	6
3311	6915	6921	6
3312	6921	6927	6
3313	6927	6933	6
3314	6933	6939	6
3315	6939	6945	6
3316	6945	6951	6
3317	6951	6957	6
3318	6957	6963	6
3319	6963	6969	6
3320	6969	6975	6
3321	6975	6981	6
3322	6981	6987	6
3323	6987	6993	6
3324	6993	6999	6
3325	6999	7005	6
3326	7005	7011	6
3327	7011	7017	6
3328	7017	7023	6
3329	7023	7029	6
3330	7029	7035	6
3331	7035	7041	6
3332	7041	7047	6
3333	7047	7053	6
3334	7053	7059	6
3335	7059	7065	6
3336	7065	7071	6
3337	7071	7077	6
3338	7077	7083	6
3339	7083	7089	6
3340	7089	7095	6
3341	7095	7101	6
3342	7101	7107	6
3343	7107	7113	6
3344	7113	7119	6
3345	7119	7125	6
3346	7125	7131	6
3347	7131	7137	6
3348	7137	7143	6
3349	7143	7149	6
3350	7149	7155	6
3351	7155	7161	6
3352	7161	7167	6
3353	7167	7173	6
3354	7173	7179	6
3355	7179	7185	6
3356	7185	7191	6
3357	7191	7197	6
3358	7197	7203	6
3359	7203	7209	6
3360	7209	7215	6
3361	7215	7221	6
3362	7221	7227	6
3363	7227	7233	6
3364	7233	7239	6
3365	7239	7245	6
3366	7245	7251	6
3367	7251	7257	6
3368	7257	7263	6
3369	7263	7269	6
3370	7269	7275	6
3371	7275	7281	6
3372	7281	7287	6
3373	7287	7294	7
3374	7294	7301	7
3375	7301	7308	7
3376	7308	7315	7
3377	7315	7322	7
3378	7322	7329	7
3379	7329	7336	7
3380	7336	7343	7
3381	7343	7350	7
3382	7350	7357	7
3383	7357	7364	7
3384	7364	7371	7
3385	7371	7378	7
3386	7378	7385	7
3387	7385	7392	7
3388	7392	7399	7
3389	7399	7406	7
3390	7406	7413	7
3391	7413	7420	7
3392	7420	7427	7
3393	7427	7434	7
3394	7434	7441	7
3395	7441	7448	7
3396	7448	7455	7
3397	7455	7462	7
3398	7462	7469	7
3399	7469	7476	7
3400	7476	7483	7
3401	7483	7490	7
3402	7490	7497	7
3403	7497	7504	7
3404	7504	7511	7
3405	7511	7518	7
3406	7518	7525	7
3407	7525	7532	7
3408	7532	7539	7
3409	7539	7546	7
3410	7546	7553	7
3411	7553	7560	7
3412	7560	7567	7
3413	7567	7574	7
3414	7574	7581	7
3415	7581	7588	7
3416	7588	7595	7
3417	7595	7602	7
3418	7602	7609	7
3419	7609	7616	7
3420	7616	7623	7
3421	7623	7630	7
3422	7630	7637	7
3423	7637	7644	7
3424	7644	7651	7
3425	7651	7658	7
3426	7658	7665	7
3427	7665	7672	7
3428	7672	7679	7
3429	7679	7686	7
3430	7686	7693	7
3431	7693	7700	7
3432	7700	7707	7
3433	7707	7714	7
3434	7714	7721	7
3435	7721	7728	7
3436	7728	7735	7
3437	7735	7742	7
3438	7742	7749	7
3439	7749	7756	7
3440	7756	7763	7
3441	7763	7770	7
3442	7770	7777	7
3443	7777	7784	7
3444	7784	7791	7
3445	7791	7798	7
3446	7798	7805	7
3447	7805	7812	7
3448	7812	7819	7
3449	7819	7826	7
3450	7826	7833	7
3451	7833	7840	7
3452	7840	7847	7
3453	7847	7854	7
3454	7854	7861	7
3455	7861	7868	7
3456	7868	7875	7
3457	7875	7883	8
3458	7883	7891	8
3459	7891	7899	8
3460	7899	7907	8
3461	7907	7915	8
3462	7915	7923	8
3463	7923	7931	8
3464	7931	7939	8
3465	7939	7947	8
3466	7947	7955	8
3467	7955	7963	8
3468	7963	7971	8
3469	7971	7979	8
3470	7979	7987	8
3471	7987	7995	8
3472	7995	8003	8
3473	8003	8011	8
3474	8011	8019	8
3475	8019	8027	8
3476	8027	8035	8
3477	8035	8043	8
3478	8043	8051	8
3479	8051	8059	8
3480	8059	8067	8
3481	8067	8075	8
3482	8075	8083	8
3483	8083	8091	8
3484	8091	8099	8
3485	8099	8107	8
3486	8107	8115	8
3487	8115	8123	8
3488	8123	8131	8
3489	8131	8139	8
3490	8139	8147	8
3491	8147	8155	8
3492	8155	8163	8
3493	8163	8171	8
3494	8171	8179	8
3495	8179	8187	8
3496	8187	8195	8
3497	8195	8203	8
3498	8203	8211	8
3499	8211	8219	8
3500	8219	8227	8
3501	8227	8235	8
3502	8235	8243	8
3503	8243	8251	8
3504	8251	8259	8
3505	8259	8267	8
3506	8267	8275	8
3507	8275	8283	8
3508	8283	8291	8
3509	8291	8299	8
3510	8299	8307	8
3511	8307	8315	8
3512	8315	8323	8
3513	8323	8331	8
3514	8331	8339	8
3515	8339	8347	8
3516	8347	8355	8
3517	8355	8363	8
3518	8363	8371	8
3519	8371	8379	8
3520	8379	8387	8
3521	8387	8395	8
3522	8395	8403	8
3523	8403	8411	8
3524	8411	8419	8
3525	8419	8427	8
3526	8427	8435	8
3527	8435	8443	8
3528	8443	8451	8
3529	8451	8459	8
3530	8459	8467	8
3531	8467	8475	8
3532	8475	8483	8
3533	8483	8491	8
3534	8491	8499	8
3535	8499	8507	8
3536	8507	8515	8
3537	8515	8523	8
3538	8523	8531	8
3539	8531	8539	8
3540	8539	8547	8
3541	8547	8555	8
3542	8555	8563	8
3543	8563	8571	8
3544	8571	8579	8
3545	8579	8588	9
3546	8588	8597	9
3547	8597	8606	9
3548	8606	8615	9
3549	8615	8624	9
3550	8624	8633	9
3551	8633	8642	9
3552	8642	8651	9
3553	8651	8660	9
3554	8660	8669	9
3555	8669	8678	9
3556	8678	8687	9
3557	8687	8696	9
3558	8696	8705	9
3559	8705	8714	9
3560	8714	8723	9
3561	8723	8732	9
3562	8732	8741	9
3563	8741	8750	9
3564	8750	8759	9
3565	8759	8768	9
3566	8768	8777	9
3567	8777	8786	9
3568	8786	8795	9
3569	8795	8804	9
3570	8804	8813	9
3571	8813	8822	9
3572	8822	8831	9
3573	8831	8840	9
3574	8840	8849	9
3575	8849	8858	9
3576	8858	8867	9
3577	8867	8876	9
3578	8876	8885	9
3579	8885	8894	9
3580	8894	8903	9
3581	8903	8912	9
3582	8912	8921	9
3583	8921	8930	9
3584	8930	8939	9
3585	8939	8948	9
3586	8948	8957	9
3587	8957	8966	9
3588	8966	8975	9
3589	8975	8984	9
3590	8984	8993	9
3591	8993	9002	9
3592	9002	9011	9
3593	9011	9020	9
3594	9020	9029	9
3595	9029	9038	9
3596	9038	9047	9
3597	9047	9056	9
3598	9056	9065	9
3599	9065	9074	9
3600	9074	9083	9
3601	9083	9092	9
3602	9092	9101	9
3603	9101	9110	9
3604	9110	9119	9
3605	9119	9128	9
3606	9128	9137	9
3607	9137	9146	9
3608	9146	9155	9
3609	9155	9164	9
3610	9164	9173	9
3611	9173	9183	10
3612	9183	9193	10
3613	9193	9203	10
3614	9203	9213	10
3615	9213	9223	10
3616	9223	9233	10
3617	9233	9243	10
3618	9243	9253	10
3619	9253	9263	10
3620	9263	9273	10
3621	9273	9283	10
3622	9283	9293	10
3623	9293	9303	10
3624	9303	9313	10
3625	9313	9323	10
3626	9323	9333	10
3627	9333	9343	10
3628	9343	9353	10
3629	9353	9363	10
3630	9363	9373	10
3631	9373	9383	10
3632	9383	9393	10
3633	9393	9403	10
3634	9403	9413	10
3635	9413	9423	10
3636	9423	9433	10
3637	9433	9443	10
3638	9443	9453	10
3639	9453	9463	10
3640	9463	9473	10
3641	9473	9483	10
3642	9483	9493	10
3643	9493	9503	10
3644	9503	9513	10
3645	9513	9523	10
3646	9523	9533	10
3647	9533	9543	10
3648	9543	9553	10
3649	9553	9563	10
3650	9563	9573	10
3651	9573	9583	10
3652	9583	9593	10
3653	9593	9603	10
3654	9603	9613	10
3655	9613	9623	10
3656	9623	9633	10
3657	9633	9643	10
3658	9643	9653	10
3659	9653	9663	10
3660	9663	9674	11
3661	9674	9685	11
3662	9685	9696	11
3663	9696	9707	11
3664	9707	9718	11
3665	9718	9729	11
3666	9729	9740	11
3667	9740	9751	11
3668	9751	9762	11
3669	9762	9773	11
3670	9773	9784	11
3671	9784	9795	11
3672	9795	9806	11
3673	9806	9817	11
3674	9817	9828	11
3675	9828	9839	11
3676	9839	9850	11
3677	9850	9861	11
3678	9861	9872	11
3679	9872	9883	11
3680	9883	9894	11
3681	9894	9905	11
3682	9905	9916	11
3683	9916	9927	11
3684	9927	9938	11
3685	9938	9949	11
3686	9949	9960	11
3687	9960	9971	11
3688	9971	9982	11
3689	9982	9993	11
3690	9993	10004	11
3691	10004	10015	11
3692	10015	10026	11
3693	10026	10037	11
3694	10037	10048	11
3695	10048	10059	11
3696	10059	10070	11
3697	10070	10081	11
3698	10081	10092	11
3699	10092	10103	11
3700	10103	10114	11
3701	10114	10125	11
3702	10125	10137	12
3703	10137	10149	12
3704	10149	10161	12
3705	10161	10173	12
3706	10173	10185	12
3707	10185	10197	12
3708	10197	10209	12
