#
#N Pointing	tstart	tend	Obs time
#		s
1	210	211	1
2	211	212	1
3	212	213	1
4	213	214	1
5	214	215	1
6	215	216	1
7	216	217	1
8	217	218	1
9	218	219	1
10	219	220	1
11	220	221	1
12	221	222	1
13	222	223	1
14	223	224	1
15	224	225	1
16	225	226	1
17	226	227	1
18	227	228	1
19	228	229	1
20	229	230	1
21	230	231	1
22	231	232	1
23	232	233	1
24	233	234	1
25	234	235	1
26	235	236	1
27	236	237	1
28	237	238	1
29	238	239	1
30	239	240	1
31	240	241	1
32	241	242	1
33	242	243	1
34	243	244	1
35	244	245	1
36	245	246	1
37	246	247	1
38	247	248	1
39	248	249	1
40	249	250	1
41	250	251	1
42	251	252	1
43	252	253	1
44	253	254	1
45	254	255	1
46	255	256	1
47	256	257	1
48	257	258	1
49	258	259	1
50	259	260	1
51	260	261	1
52	261	262	1
53	262	263	1
54	263	264	1
55	264	265	1
56	265	266	1
57	266	267	1
58	267	268	1
59	268	269	1
60	269	270	1
61	270	271	1
62	271	272	1
63	272	273	1
64	273	274	1
65	274	275	1
66	275	276	1
67	276	277	1
68	277	278	1
69	278	279	1
70	279	280	1
71	280	281	1
72	281	282	1
73	282	283	1
74	283	284	1
75	284	285	1
76	285	286	1
77	286	287	1
78	287	288	1
79	288	289	1
80	289	290	1
81	290	291	1
82	291	292	1
83	292	293	1
84	293	294	1
85	294	295	1
86	295	296	1
87	296	297	1
88	297	298	1
89	298	299	1
90	299	300	1
91	300	301	1
92	301	302	1
93	302	303	1
94	303	304	1
95	304	305	1
96	305	306	1
97	306	307	1
98	307	308	1
99	308	309	1
100	309	310	1
101	310	311	1
102	311	312	1
103	312	313	1
104	313	314	1
105	314	315	1
106	315	316	1
107	316	317	1
108	317	318	1
109	318	319	1
110	319	320	1
111	320	321	1
112	321	322	1
113	322	323	1
114	323	324	1
115	324	325	1
116	325	326	1
117	326	327	1
118	327	328	1
119	328	329	1
120	329	330	1
121	330	331	1
122	331	332	1
123	332	333	1
124	333	334	1
125	334	335	1
126	335	336	1
127	336	337	1
128	337	338	1
129	338	339	1
130	339	340	1
131	340	341	1
132	341	342	1
133	342	343	1
134	343	344	1
135	344	345	1
136	345	346	1
137	346	347	1
138	347	348	1
139	348	349	1
140	349	350	1
141	350	351	1
142	351	352	1
143	352	353	1
144	353	354	1
145	354	355	1
146	355	356	1
147	356	357	1
148	357	358	1
149	358	359	1
150	359	360	1
151	360	361	1
152	361	362	1
153	362	363	1
154	363	364	1
155	364	365	1
156	365	366	1
157	366	367	1
158	367	368	1
159	368	369	1
160	369	370	1
161	370	371	1
162	371	372	1
163	372	373	1
164	373	374	1
165	374	375	1
166	375	376	1
167	376	377	1
168	377	378	1
169	378	379	1
170	379	380	1
171	380	381	1
172	381	382	1
173	382	383	1
174	383	384	1
175	384	385	1
176	385	386	1
177	386	387	1
178	387	388	1
179	388	389	1
180	389	390	1
181	390	391	1
182	391	392	1
183	392	393	1
184	393	394	1
185	394	395	1
186	395	396	1
187	396	397	1
188	397	398	1
189	398	399	1
190	399	400	1
191	400	401	1
192	401	402	1
193	402	403	1
194	403	404	1
195	404	405	1
196	405	406	1
197	406	407	1
198	407	408	1
199	408	409	1
200	409	410	1
201	410	411	1
202	411	412	1
203	412	413	1
204	413	414	1
205	414	415	1
206	415	416	1
207	416	417	1
208	417	418	1
209	418	419	1
210	419	420	1
211	420	421	1
212	421	422	1
213	422	423	1
214	423	424	1
215	424	425	1
216	425	426	1
217	426	427	1
218	427	428	1
219	428	429	1
220	429	430	1
221	430	431	1
222	431	432	1
223	432	433	1
224	433	434	1
225	434	435	1
226	435	436	1
227	436	437	1
228	437	438	1
229	438	439	1
230	439	440	1
231	440	441	1
232	441	442	1
233	442	443	1
234	443	444	1
235	444	445	1
236	445	446	1
237	446	447	1
238	447	448	1
239	448	449	1
240	449	450	1
241	450	451	1
242	451	452	1
243	452	453	1
244	453	454	1
245	454	455	1
246	455	456	1
247	456	457	1
248	457	458	1
249	458	459	1
250	459	460	1
251	460	461	1
252	461	462	1
253	462	463	1
254	463	464	1
255	464	465	1
256	465	466	1
257	466	467	1
258	467	468	1
259	468	469	1
260	469	470	1
261	470	471	1
262	471	472	1
263	472	473	1
264	473	474	1
265	474	475	1
266	475	476	1
267	476	477	1
268	477	478	1
269	478	479	1
270	479	480	1
271	480	481	1
272	481	482	1
273	482	483	1
274	483	484	1
275	484	485	1
276	485	486	1
277	486	487	1
278	487	488	1
279	488	489	1
280	489	490	1
281	490	491	1
282	491	492	1
283	492	493	1
284	493	494	1
285	494	495	1
286	495	496	1
287	496	497	1
288	497	498	1
289	498	499	1
290	499	500	1
291	500	501	1
292	501	502	1
293	502	503	1
294	503	504	1
295	504	505	1
296	505	506	1
297	506	507	1
298	507	508	1
299	508	509	1
300	509	510	1
301	510	511	1
302	511	512	1
303	512	513	1
304	513	514	1
305	514	515	1
306	515	516	1
307	516	517	1
308	517	518	1
309	518	519	1
310	519	520	1
311	520	521	1
312	521	522	1
313	522	523	1
314	523	524	1
315	524	525	1
316	525	526	1
317	526	527	1
318	527	528	1
319	528	529	1
320	529	530	1
321	530	531	1
322	531	532	1
323	532	533	1
324	533	534	1
325	534	535	1
326	535	536	1
327	536	537	1
328	537	538	1
329	538	539	1
330	539	540	1
331	540	541	1
332	541	542	1
333	542	543	1
334	543	544	1
335	544	545	1
336	545	546	1
337	546	547	1
338	547	548	1
339	548	549	1
340	549	550	1
341	550	551	1
342	551	552	1
343	552	553	1
344	553	554	1
345	554	555	1
346	555	556	1
347	556	557	1
348	557	558	1
349	558	559	1
350	559	560	1
351	560	561	1
352	561	562	1
353	562	563	1
354	563	564	1
355	564	565	1
356	565	566	1
357	566	567	1
358	567	568	1
359	568	569	1
360	569	570	1
361	570	571	1
362	571	572	1
363	572	573	1
364	573	574	1
365	574	575	1
366	575	576	1
367	576	577	1
368	577	578	1
369	578	579	1
370	579	580	1
371	580	581	1
372	581	582	1
373	582	583	1
374	583	584	1
375	584	585	1
376	585	586	1
377	586	587	1
378	587	588	1
379	588	589	1
380	589	590	1
381	590	591	1
382	591	592	1
383	592	593	1
384	593	594	1
385	594	595	1
386	595	596	1
387	596	597	1
388	597	598	1
389	598	599	1
390	599	600	1
391	600	601	1
392	601	602	1
393	602	603	1
394	603	604	1
395	604	605	1
396	605	606	1
397	606	607	1
398	607	608	1
399	608	609	1
400	609	610	1
401	610	611	1
402	611	612	1
403	612	613	1
404	613	614	1
405	614	615	1
406	615	616	1
407	616	617	1
408	617	618	1
409	618	619	1
410	619	620	1
411	620	621	1
412	621	622	1
413	622	623	1
414	623	624	1
415	624	625	1
416	625	626	1
417	626	627	1
418	627	628	1
419	628	629	1
420	629	630	1
421	630	631	1
422	631	632	1
423	632	633	1
424	633	634	1
425	634	635	1
426	635	636	1
427	636	637	1
428	637	638	1
429	638	639	1
430	639	640	1
431	640	641	1
432	641	642	1
433	642	643	1
434	643	644	1
435	644	645	1
436	645	646	1
437	646	647	1
438	647	648	1
439	648	649	1
440	649	650	1
441	650	651	1
442	651	652	1
443	652	653	1
444	653	654	1
445	654	655	1
446	655	656	1
447	656	657	1
448	657	658	1
449	658	659	1
450	659	660	1
451	660	661	1
452	661	662	1
453	662	663	1
454	663	664	1
455	664	665	1
456	665	666	1
457	666	667	1
458	667	668	1
459	668	669	1
460	669	670	1
461	670	671	1
462	671	672	1
463	672	673	1
464	673	674	1
465	674	675	1
466	675	676	1
467	676	677	1
468	677	678	1
469	678	679	1
470	679	680	1
471	680	681	1
472	681	682	1
473	682	683	1
474	683	684	1
475	684	685	1
476	685	686	1
477	686	687	1
478	687	688	1
479	688	689	1
480	689	690	1
481	690	691	1
482	691	692	1
483	692	693	1
484	693	694	1
485	694	695	1
486	695	696	1
487	696	697	1
488	697	698	1
489	698	699	1
490	699	700	1
491	700	701	1
492	701	702	1
493	702	703	1
494	703	704	1
495	704	705	1
496	705	706	1
497	706	707	1
498	707	708	1
499	708	709	1
500	709	710	1
501	710	711	1
502	711	712	1
503	712	713	1
504	713	714	1
505	714	715	1
506	715	716	1
507	716	717	1
508	717	718	1
509	718	719	1
510	719	720	1
511	720	721	1
512	721	722	1
513	722	723	1
514	723	724	1
515	724	725	1
516	725	726	1
517	726	727	1
518	727	728	1
519	728	729	1
520	729	730	1
521	730	731	1
522	731	732	1
523	732	733	1
524	733	734	1
525	734	735	1
526	735	736	1
527	736	737	1
528	737	738	1
529	738	739	1
530	739	740	1
531	740	741	1
532	741	742	1
533	742	743	1
534	743	744	1
535	744	745	1
536	745	746	1
537	746	747	1
538	747	748	1
539	748	749	1
540	749	750	1
541	750	751	1
542	751	752	1
543	752	753	1
544	753	754	1
545	754	755	1
546	755	756	1
547	756	757	1
548	757	758	1
549	758	759	1
550	759	760	1
551	760	761	1
552	761	762	1
553	762	763	1
554	763	764	1
555	764	765	1
556	765	766	1
557	766	767	1
558	767	768	1
559	768	769	1
560	769	770	1
561	770	771	1
562	771	772	1
563	772	773	1
564	773	774	1
565	774	775	1
566	775	776	1
567	776	777	1
568	777	778	1
569	778	779	1
570	779	780	1
571	780	781	1
572	781	782	1
573	782	783	1
574	783	784	1
575	784	785	1
576	785	786	1
577	786	787	1
578	787	788	1
579	788	789	1
580	789	790	1
581	790	791	1
582	791	792	1
583	792	793	1
584	793	794	1
585	794	795	1
586	795	796	1
587	796	797	1
588	797	798	1
589	798	799	1
590	799	800	1
591	800	801	1
592	801	802	1
593	802	803	1
594	803	804	1
595	804	805	1
596	805	806	1
597	806	807	1
598	807	808	1
599	808	809	1
600	809	810	1
601	810	811	1
602	811	812	1
603	812	813	1
604	813	814	1
605	814	815	1
606	815	816	1
607	816	817	1
608	817	818	1
609	818	819	1
610	819	820	1
611	820	821	1
612	821	822	1
613	822	823	1
614	823	824	1
615	824	825	1
616	825	826	1
617	826	827	1
618	827	828	1
619	828	829	1
620	829	830	1
621	830	831	1
622	831	832	1
623	832	833	1
624	833	834	1
625	834	835	1
626	835	836	1
627	836	837	1
628	837	838	1
629	838	839	1
630	839	840	1
631	840	841	1
632	841	842	1
633	842	843	1
634	843	844	1
635	844	845	1
636	845	846	1
637	846	847	1
638	847	848	1
639	848	849	1
640	849	850	1
641	850	851	1
642	851	852	1
643	852	853	1
644	853	854	1
645	854	855	1
646	855	856	1
647	856	857	1
648	857	858	1
649	858	859	1
650	859	860	1
651	860	861	1
652	861	862	1
653	862	863	1
654	863	864	1
655	864	865	1
656	865	866	1
657	866	867	1
658	867	868	1
659	868	869	1
660	869	870	1
661	870	871	1
662	871	872	1
663	872	873	1
664	873	874	1
665	874	875	1
666	875	876	1
667	876	877	1
668	877	878	1
669	878	879	1
670	879	880	1
671	880	881	1
672	881	882	1
673	882	883	1
674	883	884	1
675	884	885	1
676	885	886	1
677	886	887	1
678	887	888	1
679	888	889	1
680	889	890	1
681	890	891	1
682	891	892	1
683	892	893	1
684	893	894	1
685	894	895	1
686	895	896	1
687	896	897	1
688	897	898	1
689	898	899	1
690	899	900	1
691	900	901	1
692	901	902	1
693	902	903	1
694	903	904	1
695	904	905	1
696	905	906	1
697	906	907	1
698	907	908	1
699	908	909	1
700	909	910	1
701	910	911	1
702	911	912	1
703	912	913	1
704	913	914	1
705	914	915	1
706	915	916	1
707	916	917	1
708	917	918	1
709	918	919	1
710	919	920	1
711	920	921	1
712	921	922	1
713	922	923	1
714	923	924	1
715	924	925	1
716	925	926	1
717	926	927	1
718	927	928	1
719	928	929	1
720	929	930	1
721	930	931	1
722	931	932	1
723	932	933	1
724	933	934	1
725	934	935	1
726	935	936	1
727	936	937	1
728	937	938	1
729	938	939	1
730	939	940	1
731	940	941	1
732	941	942	1
733	942	943	1
734	943	944	1
735	944	945	1
736	945	946	1
737	946	947	1
738	947	948	1
739	948	949	1
740	949	950	1
741	950	951	1
742	951	952	1
743	952	953	1
744	953	954	1
745	954	955	1
746	955	956	1
747	956	957	1
748	957	958	1
749	958	959	1
750	959	960	1
751	960	961	1
752	961	962	1
753	962	963	1
754	963	964	1
755	964	965	1
756	965	966	1
757	966	967	1
758	967	968	1
759	968	969	1
760	969	970	1
761	970	971	1
762	971	972	1
763	972	973	1
764	973	974	1
765	974	975	1
766	975	976	1
767	976	977	1
768	977	978	1
769	978	979	1
770	979	980	1
771	980	981	1
772	981	982	1
773	982	983	1
774	983	984	1
775	984	985	1
776	985	986	1
777	986	987	1
778	987	988	1
779	988	989	1
780	989	990	1
781	990	991	1
782	991	992	1
783	992	993	1
784	993	994	1
785	994	995	1
786	995	996	1
787	996	997	1
788	997	998	1
789	998	999	1
790	999	1000	1
791	1000	1001	1
792	1001	1002	1
793	1002	1003	1
794	1003	1004	1
795	1004	1005	1
796	1005	1006	1
797	1006	1007	1
798	1007	1008	1
799	1008	1009	1
800	1009	1010	1
801	1010	1011	1
802	1011	1012	1
803	1012	1013	1
804	1013	1014	1
805	1014	1015	1
806	1015	1016	1
807	1016	1017	1
808	1017	1018	1
809	1018	1019	1
810	1019	1020	1
811	1020	1021	1
812	1021	1022	1
813	1022	1023	1
814	1023	1024	1
815	1024	1025	1
816	1025	1026	1
817	1026	1027	1
818	1027	1028	1
819	1028	1029	1
820	1029	1030	1
821	1030	1031	1
822	1031	1032	1
823	1032	1033	1
824	1033	1034	1
825	1034	1035	1
826	1035	1036	1
827	1036	1037	1
828	1037	1038	1
829	1038	1039	1
830	1039	1040	1
831	1040	1041	1
832	1041	1042	1
833	1042	1043	1
834	1043	1044	1
835	1044	1045	1
836	1045	1046	1
837	1046	1047	1
838	1047	1048	1
839	1048	1049	1
840	1049	1050	1
841	1050	1051	1
842	1051	1052	1
843	1052	1053	1
844	1053	1054	1
845	1054	1055	1
846	1055	1056	1
847	1056	1057	1
848	1057	1058	1
849	1058	1059	1
850	1059	1060	1
851	1060	1061	1
852	1061	1062	1
853	1062	1063	1
854	1063	1064	1
855	1064	1065	1
856	1065	1066	1
857	1066	1067	1
858	1067	1068	1
859	1068	1069	1
860	1069	1070	1
861	1070	1071	1
862	1071	1072	1
863	1072	1073	1
864	1073	1074	1
865	1074	1075	1
866	1075	1076	1
867	1076	1077	1
868	1077	1078	1
869	1078	1079	1
870	1079	1080	1
871	1080	1081	1
872	1081	1082	1
873	1082	1083	1
874	1083	1084	1
875	1084	1085	1
876	1085	1086	1
877	1086	1087	1
878	1087	1088	1
879	1088	1089	1
880	1089	1090	1
881	1090	1091	1
882	1091	1092	1
883	1092	1093	1
884	1093	1094	1
885	1094	1095	1
886	1095	1096	1
887	1096	1097	1
888	1097	1098	1
889	1098	1099	1
890	1099	1100	1
891	1100	1101	1
892	1101	1102	1
893	1102	1103	1
894	1103	1104	1
895	1104	1105	1
896	1105	1106	1
897	1106	1107	1
898	1107	1108	1
899	1108	1109	1
900	1109	1110	1
901	1110	1111	1
902	1111	1112	1
903	1112	1113	1
904	1113	1114	1
905	1114	1115	1
906	1115	1116	1
907	1116	1117	1
908	1117	1118	1
909	1118	1119	1
910	1119	1120	1
911	1120	1121	1
912	1121	1122	1
913	1122	1123	1
914	1123	1124	1
915	1124	1125	1
916	1125	1126	1
917	1126	1127	1
918	1127	1128	1
919	1128	1129	1
920	1129	1130	1
921	1130	1131	1
922	1131	1132	1
923	1132	1133	1
924	1133	1134	1
925	1134	1135	1
926	1135	1136	1
927	1136	1137	1
928	1137	1138	1
929	1138	1139	1
930	1139	1140	1
931	1140	1141	1
932	1141	1142	1
933	1142	1143	1
934	1143	1144	1
935	1144	1145	1
936	1145	1146	1
937	1146	1147	1
938	1147	1148	1
939	1148	1149	1
940	1149	1150	1
941	1150	1151	1
942	1151	1152	1
943	1152	1153	1
944	1153	1154	1
945	1154	1155	1
946	1155	1156	1
947	1156	1157	1
948	1157	1158	1
949	1158	1159	1
950	1159	1160	1
951	1160	1161	1
952	1161	1162	1
953	1162	1163	1
954	1163	1164	1
955	1164	1165	1
956	1165	1166	1
957	1166	1167	1
958	1167	1168	1
959	1168	1169	1
960	1169	1170	1
961	1170	1171	1
962	1171	1172	1
963	1172	1173	1
964	1173	1174	1
965	1174	1175	1
966	1175	1176	1
967	1176	1177	1
968	1177	1178	1
969	1178	1179	1
970	1179	1180	1
971	1180	1181	1
972	1181	1182	1
973	1182	1183	1
974	1183	1184	1
975	1184	1185	1
976	1185	1186	1
977	1186	1187	1
978	1187	1188	1
979	1188	1189	1
980	1189	1190	1
981	1190	1191	1
982	1191	1192	1
983	1192	1193	1
984	1193	1194	1
985	1194	1195	1
986	1195	1196	1
987	1196	1197	1
988	1197	1198	1
989	1198	1199	1
990	1199	1200	1
991	1200	1201	1
992	1201	1202	1
993	1202	1203	1
994	1203	1204	1
995	1204	1205	1
996	1205	1206	1
997	1206	1207	1
998	1207	1208	1
999	1208	1209	1
1000	1209	1210	1
1001	1210	1211	1
1002	1211	1212	1
1003	1212	1213	1
1004	1213	1214	1
1005	1214	1215	1
1006	1215	1216	1
1007	1216	1217	1
1008	1217	1218	1
1009	1218	1219	1
1010	1219	1220	1
1011	1220	1221	1
1012	1221	1222	1
1013	1222	1223	1
1014	1223	1224	1
1015	1224	1225	1
1016	1225	1226	1
1017	1226	1227	1
1018	1227	1228	1
1019	1228	1229	1
1020	1229	1230	1
1021	1230	1231	1
1022	1231	1232	1
1023	1232	1233	1
1024	1233	1234	1
1025	1234	1235	1
1026	1235	1236	1
1027	1236	1237	1
1028	1237	1238	1
1029	1238	1239	1
1030	1239	1240	1
1031	1240	1241	1
1032	1241	1242	1
1033	1242	1243	1
1034	1243	1244	1
1035	1244	1245	1
1036	1245	1246	1
1037	1246	1247	1
1038	1247	1248	1
1039	1248	1249	1
1040	1249	1250	1
1041	1250	1251	1
1042	1251	1252	1
1043	1252	1253	1
1044	1253	1254	1
1045	1254	1255	1
1046	1255	1256	1
1047	1256	1257	1
1048	1257	1258	1
1049	1258	1259	1
1050	1259	1260	1
1051	1260	1261	1
1052	1261	1262	1
1053	1262	1263	1
1054	1263	1264	1
1055	1264	1265	1
1056	1265	1266	1
1057	1266	1267	1
1058	1267	1268	1
1059	1268	1269	1
1060	1269	1270	1
1061	1270	1271	1
1062	1271	1272	1
1063	1272	1273	1
1064	1273	1274	1
1065	1274	1275	1
1066	1275	1276	1
1067	1276	1277	1
1068	1277	1278	1
1069	1278	1279	1
1070	1279	1280	1
1071	1280	1281	1
1072	1281	1282	1
1073	1282	1283	1
1074	1283	1284	1
1075	1284	1285	1
1076	1285	1286	1
1077	1286	1287	1
1078	1287	1288	1
1079	1288	1289	1
1080	1289	1290	1
1081	1290	1291	1
1082	1291	1292	1
1083	1292	1293	1
1084	1293	1294	1
1085	1294	1295	1
1086	1295	1296	1
1087	1296	1297	1
1088	1297	1298	1
1089	1298	1299	1
1090	1299	1300	1
1091	1300	1301	1
1092	1301	1302	1
1093	1302	1303	1
1094	1303	1304	1
1095	1304	1305	1
1096	1305	1306	1
1097	1306	1307	1
1098	1307	1308	1
1099	1308	1309	1
1100	1309	1310	1
1101	1310	1311	1
1102	1311	1312	1
1103	1312	1313	1
1104	1313	1314	1
1105	1314	1315	1
1106	1315	1316	1
1107	1316	1317	1
1108	1317	1318	1
1109	1318	1319	1
1110	1319	1320	1
1111	1320	1321	1
1112	1321	1322	1
1113	1322	1323	1
1114	1323	1324	1
1115	1324	1325	1
1116	1325	1326	1
1117	1326	1327	1
1118	1327	1328	1
1119	1328	1329	1
1120	1329	1330	1
1121	1330	1331	1
1122	1331	1332	1
1123	1332	1333	1
1124	1333	1334	1
1125	1334	1335	1
1126	1335	1336	1
1127	1336	1337	1
1128	1337	1338	1
1129	1338	1339	1
1130	1339	1340	1
1131	1340	1341	1
1132	1341	1342	1
1133	1342	1343	1
1134	1343	1344	1
1135	1344	1345	1
1136	1345	1346	1
1137	1346	1347	1
1138	1347	1348	1
1139	1348	1349	1
1140	1349	1350	1
1141	1350	1351	1
1142	1351	1352	1
1143	1352	1353	1
1144	1353	1354	1
1145	1354	1355	1
1146	1355	1356	1
1147	1356	1357	1
1148	1357	1358	1
1149	1358	1359	1
1150	1359	1360	1
1151	1360	1361	1
1152	1361	1362	1
1153	1362	1363	1
1154	1363	1364	1
1155	1364	1365	1
1156	1365	1366	1
1157	1366	1367	1
1158	1367	1368	1
1159	1368	1369	1
1160	1369	1370	1
1161	1370	1371	1
1162	1371	1372	1
1163	1372	1373	1
1164	1373	1374	1
1165	1374	1375	1
1166	1375	1376	1
1167	1376	1377	1
1168	1377	1378	1
1169	1378	1379	1
1170	1379	1380	1
1171	1380	1381	1
1172	1381	1382	1
1173	1382	1383	1
1174	1383	1384	1
1175	1384	1385	1
1176	1385	1386	1
1177	1386	1387	1
1178	1387	1388	1
1179	1388	1389	1
1180	1389	1390	1
1181	1390	1391	1
1182	1391	1392	1
1183	1392	1393	1
1184	1393	1394	1
1185	1394	1395	1
1186	1395	1396	1
1187	1396	1397	1
1188	1397	1398	1
1189	1398	1399	1
1190	1399	1400	1
1191	1400	1401	1
1192	1401	1402	1
1193	1402	1403	1
1194	1403	1404	1
1195	1404	1405	1
1196	1405	1406	1
1197	1406	1407	1
1198	1407	1408	1
1199	1408	1409	1
1200	1409	1410	1
1201	1410	1411	1
1202	1411	1412	1
1203	1412	1413	1
1204	1413	1414	1
1205	1414	1415	1
1206	1415	1416	1
1207	1416	1417	1
1208	1417	1418	1
1209	1418	1419	1
1210	1419	1420	1
1211	1420	1421	1
1212	1421	1422	1
1213	1422	1423	1
1214	1423	1424	1
1215	1424	1425	1
1216	1425	1426	1
1217	1426	1427	1
1218	1427	1428	1
1219	1428	1429	1
1220	1429	1430	1
1221	1430	1431	1
1222	1431	1432	1
1223	1432	1433	1
1224	1433	1434	1
1225	1434	1435	1
1226	1435	1436	1
1227	1436	1437	1
1228	1437	1438	1
1229	1438	1439	1
1230	1439	1440	1
1231	1440	1441	1
1232	1441	1442	1
1233	1442	1443	1
1234	1443	1444	1
1235	1444	1445	1
1236	1445	1446	1
1237	1446	1447	1
1238	1447	1448	1
1239	1448	1449	1
1240	1449	1450	1
1241	1450	1451	1
1242	1451	1452	1
1243	1452	1453	1
1244	1453	1454	1
1245	1454	1455	1
1246	1455	1456	1
1247	1456	1457	1
1248	1457	1458	1
1249	1458	1459	1
1250	1459	1460	1
1251	1460	1461	1
1252	1461	1462	1
1253	1462	1463	1
1254	1463	1464	1
1255	1464	1465	1
1256	1465	1466	1
1257	1466	1467	1
1258	1467	1468	1
1259	1468	1469	1
1260	1469	1470	1
1261	1470	1471	1
1262	1471	1472	1
1263	1472	1473	1
1264	1473	1474	1
1265	1474	1475	1
1266	1475	1476	1
1267	1476	1477	1
1268	1477	1478	1
1269	1478	1479	1
1270	1479	1480	1
1271	1480	1481	1
1272	1481	1482	1
1273	1482	1483	1
1274	1483	1484	1
1275	1484	1485	1
1276	1485	1486	1
1277	1486	1487	1
1278	1487	1488	1
1279	1488	1489	1
1280	1489	1490	1
1281	1490	1491	1
1282	1491	1492	1
1283	1492	1493	1
1284	1493	1494	1
1285	1494	1495	1
1286	1495	1496	1
1287	1496	1497	1
1288	1497	1498	1
1289	1498	1499	1
1290	1499	1500	1
1291	1500	1501	1
1292	1501	1502	1
1293	1502	1503	1
1294	1503	1504	1
1295	1504	1505	1
1296	1505	1506	1
1297	1506	1507	1
1298	1507	1508	1
1299	1508	1509	1
1300	1509	1510	1
1301	1510	1511	1
1302	1511	1512	1
1303	1512	1513	1
1304	1513	1514	1
1305	1514	1515	1
1306	1515	1516	1
1307	1516	1517	1
1308	1517	1518	1
1309	1518	1519	1
1310	1519	1520	1
1311	1520	1521	1
1312	1521	1522	1
1313	1522	1523	1
1314	1523	1524	1
1315	1524	1525	1
1316	1525	1526	1
1317	1526	1527	1
1318	1527	1528	1
1319	1528	1529	1
1320	1529	1530	1
1321	1530	1531	1
1322	1531	1532	1
1323	1532	1533	1
1324	1533	1534	1
1325	1534	1535	1
1326	1535	1536	1
1327	1536	1537	1
1328	1537	1538	1
1329	1538	1539	1
1330	1539	1540	1
1331	1540	1541	1
1332	1541	1542	1
1333	1542	1543	1
1334	1543	1544	1
1335	1544	1545	1
1336	1545	1546	1
1337	1546	1547	1
1338	1547	1548	1
1339	1548	1549	1
1340	1549	1550	1
1341	1550	1551	1
1342	1551	1552	1
1343	1552	1553	1
1344	1553	1554	1
1345	1554	1555	1
1346	1555	1556	1
1347	1556	1557	1
1348	1557	1558	1
1349	1558	1559	1
1350	1559	1560	1
1351	1560	1561	1
1352	1561	1562	1
1353	1562	1563	1
1354	1563	1564	1
1355	1564	1565	1
1356	1565	1566	1
1357	1566	1567	1
1358	1567	1568	1
1359	1568	1569	1
1360	1569	1570	1
1361	1570	1571	1
1362	1571	1572	1
1363	1572	1573	1
1364	1573	1574	1
1365	1574	1575	1
1366	1575	1576	1
1367	1576	1577	1
1368	1577	1578	1
1369	1578	1579	1
1370	1579	1580	1
1371	1580	1581	1
1372	1581	1582	1
1373	1582	1583	1
1374	1583	1584	1
1375	1584	1585	1
1376	1585	1586	1
1377	1586	1587	1
1378	1587	1588	1
1379	1588	1589	1
1380	1589	1590	1
1381	1590	1591	1
1382	1591	1592	1
1383	1592	1593	1
1384	1593	1594	1
1385	1594	1595	1
1386	1595	1596	1
1387	1596	1597	1
1388	1597	1598	1
1389	1598	1599	1
1390	1599	1600	1
1391	1600	1601	1
1392	1601	1602	1
1393	1602	1603	1
1394	1603	1604	1
1395	1604	1605	1
1396	1605	1606	1
1397	1606	1607	1
1398	1607	1608	1
1399	1608	1609	1
1400	1609	1610	1
1401	1610	1611	1
1402	1611	1612	1
1403	1612	1613	1
1404	1613	1614	1
1405	1614	1615	1
1406	1615	1616	1
1407	1616	1617	1
1408	1617	1618	1
1409	1618	1619	1
1410	1619	1620	1
1411	1620	1621	1
1412	1621	1622	1
1413	1622	1623	1
1414	1623	1624	1
1415	1624	1625	1
1416	1625	1626	1
1417	1626	1627	1
1418	1627	1628	1
1419	1628	1629	1
1420	1629	1630	1
1421	1630	1631	1
1422	1631	1632	1
1423	1632	1633	1
1424	1633	1634	1
1425	1634	1635	1
1426	1635	1636	1
1427	1636	1637	1
1428	1637	1638	1
1429	1638	1639	1
1430	1639	1640	1
1431	1640	1641	1
1432	1641	1642	1
1433	1642	1643	1
1434	1643	1644	1
1435	1644	1645	1
1436	1645	1646	1
1437	1646	1647	1
1438	1647	1648	1
1439	1648	1649	1
1440	1649	1650	1
1441	1650	1651	1
1442	1651	1652	1
1443	1652	1653	1
1444	1653	1654	1
1445	1654	1655	1
1446	1655	1656	1
1447	1656	1657	1
1448	1657	1658	1
1449	1658	1659	1
1450	1659	1660	1
1451	1660	1661	1
1452	1661	1662	1
1453	1662	1663	1
1454	1663	1664	1
1455	1664	1665	1
1456	1665	1666	1
1457	1666	1667	1
1458	1667	1668	1
1459	1668	1669	1
1460	1669	1670	1
1461	1670	1671	1
1462	1671	1672	1
1463	1672	1673	1
1464	1673	1674	1
1465	1674	1675	1
1466	1675	1676	1
1467	1676	1677	1
1468	1677	1678	1
1469	1678	1679	1
1470	1679	1680	1
1471	1680	1681	1
1472	1681	1682	1
1473	1682	1683	1
1474	1683	1684	1
1475	1684	1685	1
1476	1685	1686	1
1477	1686	1687	1
1478	1687	1688	1
1479	1688	1689	1
1480	1689	1690	1
1481	1690	1691	1
1482	1691	1692	1
1483	1692	1693	1
1484	1693	1694	1
1485	1694	1695	1
1486	1695	1696	1
1487	1696	1697	1
1488	1697	1698	1
1489	1698	1699	1
1490	1699	1700	1
1491	1700	1701	1
1492	1701	1702	1
1493	1702	1703	1
1494	1703	1704	1
1495	1704	1705	1
1496	1705	1706	1
1497	1706	1707	1
1498	1707	1708	1
1499	1708	1709	1
1500	1709	1710	1
1501	1710	1711	1
1502	1711	1712	1
1503	1712	1713	1
1504	1713	1714	1
1505	1714	1715	1
1506	1715	1716	1
1507	1716	1717	1
1508	1717	1718	1
1509	1718	1719	1
1510	1719	1720	1
1511	1720	1721	1
1512	1721	1722	1
1513	1722	1723	1
1514	1723	1724	1
1515	1724	1725	1
1516	1725	1726	1
1517	1726	1727	1
1518	1727	1728	1
1519	1728	1729	1
1520	1729	1730	1
1521	1730	1731	1
1522	1731	1732	1
1523	1732	1733	1
1524	1733	1734	1
1525	1734	1735	1
1526	1735	1736	1
1527	1736	1737	1
1528	1737	1738	1
1529	1738	1739	1
1530	1739	1740	1
1531	1740	1741	1
1532	1741	1742	1
1533	1742	1743	1
1534	1743	1744	1
1535	1744	1745	1
1536	1745	1746	1
1537	1746	1747	1
1538	1747	1748	1
1539	1748	1749	1
1540	1749	1750	1
1541	1750	1751	1
1542	1751	1752	1
1543	1752	1753	1
1544	1753	1754	1
1545	1754	1755	1
1546	1755	1756	1
1547	1756	1757	1
1548	1757	1758	1
1549	1758	1759	1
1550	1759	1760	1
1551	1760	1761	1
1552	1761	1762	1
1553	1762	1763	1
1554	1763	1764	1
1555	1764	1765	1
1556	1765	1766	1
1557	1766	1767	1
1558	1767	1768	1
1559	1768	1769	1
1560	1769	1770	1
1561	1770	1771	1
1562	1771	1772	1
1563	1772	1773	1
1564	1773	1774	1
1565	1774	1775	1
1566	1775	1776	1
1567	1776	1777	1
1568	1777	1778	1
1569	1778	1779	1
1570	1779	1780	1
1571	1780	1781	1
1572	1781	1782	1
1573	1782	1783	1
1574	1783	1784	1
1575	1784	1785	1
1576	1785	1786	1
1577	1786	1787	1
1578	1787	1788	1
1579	1788	1789	1
1580	1789	1790	1
1581	1790	1791	1
1582	1791	1792	1
1583	1792	1793	1
1584	1793	1794	1
1585	1794	1795	1
1586	1795	1796	1
1587	1796	1797	1
1588	1797	1798	1
1589	1798	1799	1
1590	1799	1800	1
1591	1800	1801	1
1592	1801	1802	1
1593	1802	1803	1
1594	1803	1804	1
1595	1804	1805	1
1596	1805	1806	1
1597	1806	1807	1
1598	1807	1808	1
1599	1808	1809	1
1600	1809	1810	1
1601	1810	1811	1
1602	1811	1812	1
1603	1812	1813	1
1604	1813	1814	1
1605	1814	1815	1
1606	1815	1816	1
1607	1816	1817	1
1608	1817	1818	1
1609	1818	1819	1
1610	1819	1820	1
1611	1820	1821	1
1612	1821	1822	1
1613	1822	1823	1
1614	1823	1824	1
1615	1824	1825	1
1616	1825	1826	1
1617	1826	1827	1
1618	1827	1828	1
1619	1828	1829	1
1620	1829	1830	1
1621	1830	1831	1
1622	1831	1832	1
1623	1832	1833	1
1624	1833	1834	1
1625	1834	1835	1
1626	1835	1836	1
1627	1836	1837	1
1628	1837	1838	1
1629	1838	1839	1
1630	1839	1840	1
1631	1840	1841	1
1632	1841	1842	1
1633	1842	1843	1
1634	1843	1844	1
1635	1844	1845	1
1636	1845	1846	1
1637	1846	1847	1
1638	1847	1848	1
1639	1848	1849	1
1640	1849	1850	1
1641	1850	1851	1
1642	1851	1852	1
1643	1852	1853	1
1644	1853	1854	1
1645	1854	1855	1
1646	1855	1856	1
1647	1856	1857	1
1648	1857	1858	1
1649	1858	1859	1
1650	1859	1860	1
1651	1860	1861	1
1652	1861	1862	1
1653	1862	1863	1
1654	1863	1864	1
1655	1864	1865	1
1656	1865	1866	1
1657	1866	1867	1
1658	1867	1868	1
1659	1868	1869	1
1660	1869	1870	1
1661	1870	1871	1
1662	1871	1872	1
1663	1872	1873	1
1664	1873	1874	1
1665	1874	1875	1
1666	1875	1876	1
1667	1876	1877	1
1668	1877	1878	1
1669	1878	1879	1
1670	1879	1880	1
1671	1880	1881	1
1672	1881	1882	1
1673	1882	1883	1
1674	1883	1884	1
1675	1884	1885	1
1676	1885	1886	1
1677	1886	1887	1
1678	1887	1888	1
1679	1888	1889	1
1680	1889	1890	1
1681	1890	1891	1
1682	1891	1892	1
1683	1892	1893	1
1684	1893	1894	1
1685	1894	1895	1
1686	1895	1896	1
1687	1896	1897	1
1688	1897	1898	1
1689	1898	1899	1
1690	1899	1900	1
1691	1900	1901	1
1692	1901	1902	1
1693	1902	1903	1
1694	1903	1904	1
1695	1904	1905	1
1696	1905	1906	1
1697	1906	1907	1
1698	1907	1908	1
1699	1908	1909	1
1700	1909	1910	1
1701	1910	1911	1
1702	1911	1912	1
1703	1912	1913	1
1704	1913	1914	1
1705	1914	1915	1
1706	1915	1916	1
1707	1916	1917	1
1708	1917	1918	1
1709	1918	1919	1
1710	1919	1920	1
1711	1920	1922	2
1712	1922	1924	2
1713	1924	1926	2
1714	1926	1928	2
1715	1928	1930	2
1716	1930	1932	2
1717	1932	1934	2
1718	1934	1936	2
1719	1936	1938	2
1720	1938	1940	2
1721	1940	1942	2
1722	1942	1944	2
1723	1944	1946	2
1724	1946	1948	2
1725	1948	1950	2
1726	1950	1952	2
1727	1952	1954	2
1728	1954	1956	2
1729	1956	1958	2
1730	1958	1960	2
1731	1960	1962	2
1732	1962	1964	2
1733	1964	1966	2
1734	1966	1968	2
1735	1968	1970	2
1736	1970	1972	2
1737	1972	1974	2
1738	1974	1976	2
1739	1976	1978	2
1740	1978	1980	2
1741	1980	1982	2
1742	1982	1984	2
1743	1984	1986	2
1744	1986	1988	2
1745	1988	1990	2
1746	1990	1992	2
1747	1992	1994	2
1748	1994	1996	2
1749	1996	1998	2
1750	1998	2000	2
1751	2000	2002	2
1752	2002	2004	2
1753	2004	2006	2
1754	2006	2008	2
1755	2008	2010	2
1756	2010	2012	2
1757	2012	2014	2
1758	2014	2016	2
1759	2016	2018	2
1760	2018	2020	2
1761	2020	2022	2
1762	2022	2024	2
1763	2024	2026	2
1764	2026	2028	2
1765	2028	2030	2
1766	2030	2032	2
1767	2032	2034	2
1768	2034	2036	2
1769	2036	2038	2
1770	2038	2040	2
1771	2040	2042	2
1772	2042	2044	2
1773	2044	2046	2
1774	2046	2048	2
1775	2048	2050	2
1776	2050	2052	2
1777	2052	2054	2
1778	2054	2056	2
1779	2056	2058	2
1780	2058	2060	2
1781	2060	2062	2
1782	2062	2064	2
1783	2064	2066	2
1784	2066	2068	2
1785	2068	2070	2
1786	2070	2072	2
1787	2072	2074	2
1788	2074	2076	2
1789	2076	2078	2
1790	2078	2080	2
1791	2080	2082	2
1792	2082	2084	2
1793	2084	2086	2
1794	2086	2088	2
1795	2088	2090	2
1796	2090	2092	2
1797	2092	2094	2
1798	2094	2096	2
1799	2096	2098	2
1800	2098	2100	2
1801	2100	2102	2
1802	2102	2104	2
1803	2104	2106	2
1804	2106	2108	2
1805	2108	2110	2
1806	2110	2112	2
1807	2112	2114	2
1808	2114	2116	2
1809	2116	2118	2
1810	2118	2120	2
1811	2120	2122	2
1812	2122	2124	2
1813	2124	2126	2
1814	2126	2128	2
1815	2128	2130	2
1816	2130	2132	2
1817	2132	2134	2
1818	2134	2136	2
1819	2136	2138	2
1820	2138	2140	2
1821	2140	2142	2
1822	2142	2144	2
1823	2144	2146	2
1824	2146	2148	2
1825	2148	2150	2
1826	2150	2152	2
1827	2152	2154	2
1828	2154	2156	2
1829	2156	2158	2
1830	2158	2160	2
1831	2160	2162	2
1832	2162	2164	2
1833	2164	2166	2
1834	2166	2168	2
1835	2168	2170	2
1836	2170	2172	2
1837	2172	2174	2
1838	2174	2176	2
1839	2176	2178	2
1840	2178	2180	2
1841	2180	2182	2
1842	2182	2184	2
1843	2184	2186	2
1844	2186	2188	2
1845	2188	2190	2
1846	2190	2192	2
1847	2192	2194	2
1848	2194	2196	2
1849	2196	2198	2
1850	2198	2200	2
1851	2200	2202	2
1852	2202	2204	2
1853	2204	2206	2
1854	2206	2208	2
1855	2208	2210	2
1856	2210	2212	2
1857	2212	2214	2
1858	2214	2216	2
1859	2216	2218	2
1860	2218	2220	2
1861	2220	2222	2
1862	2222	2224	2
1863	2224	2226	2
1864	2226	2228	2
1865	2228	2230	2
1866	2230	2232	2
1867	2232	2234	2
1868	2234	2236	2
1869	2236	2238	2
1870	2238	2240	2
1871	2240	2242	2
1872	2242	2244	2
1873	2244	2246	2
1874	2246	2248	2
1875	2248	2250	2
1876	2250	2252	2
1877	2252	2254	2
1878	2254	2256	2
1879	2256	2258	2
1880	2258	2260	2
1881	2260	2262	2
1882	2262	2264	2
1883	2264	2266	2
1884	2266	2268	2
1885	2268	2270	2
1886	2270	2272	2
1887	2272	2274	2
1888	2274	2276	2
1889	2276	2278	2
1890	2278	2280	2
1891	2280	2282	2
1892	2282	2284	2
1893	2284	2286	2
1894	2286	2288	2
1895	2288	2290	2
1896	2290	2292	2
1897	2292	2294	2
1898	2294	2296	2
1899	2296	2298	2
1900	2298	2300	2
1901	2300	2302	2
1902	2302	2304	2
1903	2304	2306	2
1904	2306	2308	2
1905	2308	2310	2
1906	2310	2312	2
1907	2312	2314	2
1908	2314	2316	2
1909	2316	2318	2
1910	2318	2320	2
1911	2320	2322	2
1912	2322	2324	2
1913	2324	2326	2
1914	2326	2328	2
1915	2328	2330	2
1916	2330	2332	2
1917	2332	2334	2
1918	2334	2336	2
1919	2336	2338	2
1920	2338	2340	2
1921	2340	2342	2
1922	2342	2344	2
1923	2344	2346	2
1924	2346	2348	2
1925	2348	2350	2
1926	2350	2352	2
1927	2352	2354	2
1928	2354	2356	2
1929	2356	2358	2
1930	2358	2360	2
1931	2360	2362	2
1932	2362	2364	2
1933	2364	2366	2
1934	2366	2368	2
1935	2368	2370	2
1936	2370	2372	2
1937	2372	2374	2
1938	2374	2376	2
1939	2376	2378	2
1940	2378	2380	2
1941	2380	2382	2
1942	2382	2384	2
1943	2384	2386	2
1944	2386	2388	2
1945	2388	2390	2
1946	2390	2392	2
1947	2392	2394	2
1948	2394	2396	2
1949	2396	2398	2
1950	2398	2400	2
1951	2400	2402	2
1952	2402	2404	2
1953	2404	2406	2
1954	2406	2408	2
1955	2408	2410	2
1956	2410	2412	2
1957	2412	2414	2
1958	2414	2416	2
1959	2416	2418	2
1960	2418	2420	2
1961	2420	2422	2
1962	2422	2424	2
1963	2424	2426	2
1964	2426	2428	2
1965	2428	2430	2
1966	2430	2432	2
1967	2432	2434	2
1968	2434	2436	2
1969	2436	2438	2
1970	2438	2440	2
1971	2440	2442	2
1972	2442	2444	2
1973	2444	2446	2
1974	2446	2448	2
1975	2448	2450	2
1976	2450	2452	2
1977	2452	2454	2
1978	2454	2456	2
1979	2456	2458	2
1980	2458	2460	2
1981	2460	2462	2
1982	2462	2464	2
1983	2464	2466	2
1984	2466	2468	2
1985	2468	2470	2
1986	2470	2472	2
1987	2472	2474	2
1988	2474	2476	2
1989	2476	2478	2
1990	2478	2480	2
1991	2480	2482	2
1992	2482	2484	2
1993	2484	2486	2
1994	2486	2488	2
1995	2488	2490	2
1996	2490	2492	2
1997	2492	2494	2
1998	2494	2496	2
1999	2496	2498	2
2000	2498	2500	2
2001	2500	2502	2
2002	2502	2504	2
2003	2504	2506	2
2004	2506	2508	2
2005	2508	2510	2
2006	2510	2512	2
2007	2512	2514	2
2008	2514	2516	2
2009	2516	2518	2
2010	2518	2520	2
2011	2520	2522	2
2012	2522	2524	2
2013	2524	2526	2
2014	2526	2528	2
2015	2528	2530	2
2016	2530	2532	2
2017	2532	2534	2
2018	2534	2536	2
2019	2536	2538	2
2020	2538	2540	2
2021	2540	2542	2
2022	2542	2544	2
2023	2544	2546	2
2024	2546	2548	2
2025	2548	2550	2
2026	2550	2552	2
2027	2552	2554	2
2028	2554	2556	2
2029	2556	2558	2
2030	2558	2560	2
2031	2560	2562	2
2032	2562	2564	2
2033	2564	2566	2
2034	2566	2568	2
2035	2568	2570	2
2036	2570	2572	2
2037	2572	2574	2
2038	2574	2576	2
2039	2576	2578	2
2040	2578	2580	2
2041	2580	2582	2
2042	2582	2584	2
2043	2584	2586	2
2044	2586	2588	2
2045	2588	2590	2
2046	2590	2592	2
2047	2592	2594	2
2048	2594	2596	2
2049	2596	2598	2
2050	2598	2600	2
2051	2600	2602	2
2052	2602	2604	2
2053	2604	2606	2
2054	2606	2608	2
2055	2608	2610	2
2056	2610	2612	2
2057	2612	2614	2
2058	2614	2616	2
2059	2616	2618	2
2060	2618	2620	2
2061	2620	2622	2
2062	2622	2624	2
2063	2624	2626	2
2064	2626	2628	2
2065	2628	2630	2
2066	2630	2632	2
2067	2632	2634	2
2068	2634	2636	2
2069	2636	2638	2
2070	2638	2640	2
2071	2640	2642	2
2072	2642	2644	2
2073	2644	2646	2
2074	2646	2648	2
2075	2648	2650	2
2076	2650	2652	2
2077	2652	2654	2
2078	2654	2656	2
2079	2656	2658	2
2080	2658	2660	2
2081	2660	2662	2
2082	2662	2664	2
2083	2664	2666	2
2084	2666	2668	2
2085	2668	2670	2
2086	2670	2672	2
2087	2672	2674	2
2088	2674	2676	2
2089	2676	2678	2
2090	2678	2680	2
2091	2680	2682	2
2092	2682	2684	2
2093	2684	2686	2
2094	2686	2688	2
2095	2688	2690	2
2096	2690	2692	2
2097	2692	2694	2
2098	2694	2696	2
2099	2696	2698	2
2100	2698	2700	2
2101	2700	2702	2
2102	2702	2704	2
2103	2704	2706	2
2104	2706	2708	2
2105	2708	2710	2
2106	2710	2712	2
2107	2712	2714	2
2108	2714	2716	2
2109	2716	2718	2
2110	2718	2720	2
2111	2720	2722	2
2112	2722	2724	2
2113	2724	2726	2
2114	2726	2728	2
2115	2728	2730	2
2116	2730	2732	2
2117	2732	2734	2
2118	2734	2736	2
2119	2736	2738	2
2120	2738	2740	2
2121	2740	2742	2
2122	2742	2744	2
2123	2744	2746	2
2124	2746	2748	2
2125	2748	2750	2
2126	2750	2752	2
2127	2752	2754	2
2128	2754	2756	2
2129	2756	2758	2
2130	2758	2760	2
2131	2760	2762	2
2132	2762	2764	2
2133	2764	2766	2
2134	2766	2768	2
2135	2768	2770	2
2136	2770	2772	2
2137	2772	2774	2
2138	2774	2776	2
2139	2776	2778	2
2140	2778	2780	2
2141	2780	2782	2
2142	2782	2784	2
2143	2784	2786	2
2144	2786	2788	2
2145	2788	2790	2
2146	2790	2792	2
2147	2792	2794	2
2148	2794	2796	2
2149	2796	2798	2
2150	2798	2800	2
2151	2800	2802	2
2152	2802	2804	2
2153	2804	2806	2
2154	2806	2808	2
2155	2808	2810	2
2156	2810	2812	2
2157	2812	2814	2
2158	2814	2816	2
2159	2816	2818	2
2160	2818	2820	2
2161	2820	2822	2
2162	2822	2824	2
2163	2824	2826	2
2164	2826	2828	2
2165	2828	2830	2
2166	2830	2832	2
2167	2832	2834	2
2168	2834	2836	2
2169	2836	2838	2
2170	2838	2840	2
2171	2840	2842	2
2172	2842	2844	2
2173	2844	2846	2
2174	2846	2848	2
2175	2848	2850	2
2176	2850	2852	2
2177	2852	2854	2
2178	2854	2856	2
2179	2856	2858	2
2180	2858	2860	2
2181	2860	2862	2
2182	2862	2864	2
2183	2864	2866	2
2184	2866	2868	2
2185	2868	2870	2
2186	2870	2872	2
2187	2872	2874	2
2188	2874	2876	2
2189	2876	2878	2
2190	2878	2880	2
2191	2880	2882	2
2192	2882	2884	2
2193	2884	2886	2
2194	2886	2888	2
2195	2888	2890	2
2196	2890	2892	2
2197	2892	2894	2
2198	2894	2896	2
2199	2896	2898	2
2200	2898	2900	2
2201	2900	2902	2
2202	2902	2904	2
2203	2904	2906	2
2204	2906	2908	2
2205	2908	2910	2
2206	2910	2912	2
2207	2912	2914	2
2208	2914	2916	2
2209	2916	2918	2
2210	2918	2920	2
2211	2920	2922	2
2212	2922	2924	2
2213	2924	2926	2
2214	2926	2928	2
2215	2928	2930	2
2216	2930	2932	2
2217	2932	2934	2
2218	2934	2936	2
2219	2936	2938	2
2220	2938	2940	2
2221	2940	2942	2
2222	2942	2944	2
2223	2944	2946	2
2224	2946	2948	2
2225	2948	2950	2
2226	2950	2952	2
2227	2952	2954	2
2228	2954	2956	2
2229	2956	2958	2
2230	2958	2960	2
2231	2960	2962	2
2232	2962	2964	2
2233	2964	2966	2
2234	2966	2968	2
2235	2968	2970	2
2236	2970	2972	2
2237	2972	2974	2
2238	2974	2976	2
2239	2976	2978	2
2240	2978	2980	2
2241	2980	2982	2
2242	2982	2984	2
2243	2984	2986	2
2244	2986	2988	2
2245	2988	2990	2
2246	2990	2992	2
2247	2992	2994	2
2248	2994	2996	2
2249	2996	2998	2
2250	2998	3000	2
2251	3000	3002	2
2252	3002	3004	2
2253	3004	3006	2
2254	3006	3008	2
2255	3008	3010	2
2256	3010	3012	2
2257	3012	3014	2
2258	3014	3016	2
2259	3016	3018	2
2260	3018	3020	2
2261	3020	3022	2
2262	3022	3024	2
2263	3024	3026	2
2264	3026	3028	2
2265	3028	3030	2
2266	3030	3032	2
2267	3032	3034	2
2268	3034	3036	2
2269	3036	3038	2
2270	3038	3040	2
2271	3040	3042	2
2272	3042	3044	2
2273	3044	3046	2
2274	3046	3048	2
2275	3048	3050	2
2276	3050	3052	2
2277	3052	3054	2
2278	3054	3056	2
2279	3056	3058	2
2280	3058	3060	2
2281	3060	3062	2
2282	3062	3064	2
2283	3064	3066	2
2284	3066	3068	2
2285	3068	3070	2
2286	3070	3072	2
2287	3072	3074	2
2288	3074	3076	2
2289	3076	3078	2
2290	3078	3080	2
2291	3080	3082	2
2292	3082	3084	2
2293	3084	3086	2
2294	3086	3088	2
2295	3088	3090	2
2296	3090	3092	2
2297	3092	3094	2
2298	3094	3096	2
2299	3096	3098	2
2300	3098	3100	2
2301	3100	3102	2
2302	3102	3104	2
2303	3104	3106	2
2304	3106	3108	2
2305	3108	3110	2
2306	3110	3112	2
2307	3112	3114	2
2308	3114	3116	2
2309	3116	3118	2
2310	3118	3120	2
2311	3120	3122	2
2312	3122	3124	2
2313	3124	3126	2
2314	3126	3128	2
2315	3128	3130	2
2316	3130	3132	2
2317	3132	3134	2
2318	3134	3136	2
2319	3136	3138	2
2320	3138	3140	2
2321	3140	3142	2
2322	3142	3144	2
2323	3144	3146	2
2324	3146	3148	2
2325	3148	3150	2
2326	3150	3152	2
2327	3152	3154	2
2328	3154	3156	2
2329	3156	3158	2
2330	3158	3160	2
2331	3160	3162	2
2332	3162	3164	2
2333	3164	3166	2
2334	3166	3168	2
2335	3168	3170	2
2336	3170	3172	2
2337	3172	3174	2
2338	3174	3176	2
2339	3176	3178	2
2340	3178	3180	2
2341	3180	3182	2
2342	3182	3184	2
2343	3184	3186	2
2344	3186	3188	2
2345	3188	3190	2
2346	3190	3192	2
2347	3192	3194	2
2348	3194	3196	2
2349	3196	3198	2
2350	3198	3200	2
2351	3200	3202	2
2352	3202	3204	2
2353	3204	3206	2
2354	3206	3208	2
2355	3208	3210	2
2356	3210	3212	2
2357	3212	3214	2
2358	3214	3216	2
2359	3216	3218	2
2360	3218	3220	2
2361	3220	3222	2
2362	3222	3224	2
2363	3224	3226	2
2364	3226	3228	2
2365	3228	3230	2
2366	3230	3232	2
2367	3232	3234	2
2368	3234	3236	2
2369	3236	3238	2
2370	3238	3240	2
2371	3240	3242	2
2372	3242	3244	2
2373	3244	3246	2
2374	3246	3248	2
2375	3248	3250	2
2376	3250	3252	2
2377	3252	3254	2
2378	3254	3256	2
2379	3256	3258	2
2380	3258	3260	2
2381	3260	3262	2
2382	3262	3264	2
2383	3264	3266	2
2384	3266	3268	2
2385	3268	3270	2
2386	3270	3272	2
2387	3272	3274	2
2388	3274	3276	2
2389	3276	3278	2
2390	3278	3280	2
2391	3280	3282	2
2392	3282	3284	2
2393	3284	3286	2
2394	3286	3288	2
2395	3288	3290	2
2396	3290	3292	2
2397	3292	3294	2
2398	3294	3296	2
2399	3296	3298	2
2400	3298	3300	2
2401	3300	3302	2
2402	3302	3304	2
2403	3304	3306	2
2404	3306	3308	2
2405	3308	3310	2
2406	3310	3312	2
2407	3312	3314	2
2408	3314	3316	2
2409	3316	3318	2
2410	3318	3320	2
2411	3320	3322	2
2412	3322	3324	2
2413	3324	3326	2
2414	3326	3328	2
2415	3328	3330	2
2416	3330	3332	2
2417	3332	3334	2
2418	3334	3336	2
2419	3336	3338	2
2420	3338	3340	2
2421	3340	3342	2
2422	3342	3344	2
2423	3344	3346	2
2424	3346	3348	2
2425	3348	3350	2
2426	3350	3352	2
2427	3352	3354	2
2428	3354	3356	2
2429	3356	3358	2
2430	3358	3360	2
2431	3360	3362	2
2432	3362	3364	2
2433	3364	3366	2
2434	3366	3368	2
2435	3368	3370	2
2436	3370	3372	2
2437	3372	3374	2
2438	3374	3376	2
2439	3376	3378	2
2440	3378	3380	2
2441	3380	3382	2
2442	3382	3384	2
2443	3384	3386	2
2444	3386	3388	2
2445	3388	3390	2
2446	3390	3392	2
2447	3392	3394	2
2448	3394	3396	2
2449	3396	3398	2
2450	3398	3400	2
2451	3400	3402	2
2452	3402	3404	2
2453	3404	3406	2
2454	3406	3408	2
2455	3408	3410	2
2456	3410	3412	2
2457	3412	3414	2
2458	3414	3416	2
2459	3416	3418	2
2460	3418	3420	2
2461	3420	3422	2
2462	3422	3424	2
2463	3424	3426	2
2464	3426	3428	2
2465	3428	3430	2
2466	3430	3432	2
2467	3432	3434	2
2468	3434	3436	2
2469	3436	3438	2
2470	3438	3440	2
2471	3440	3442	2
2472	3442	3444	2
2473	3444	3446	2
2474	3446	3448	2
2475	3448	3450	2
2476	3450	3452	2
2477	3452	3454	2
2478	3454	3456	2
2479	3456	3458	2
2480	3458	3460	2
2481	3460	3462	2
2482	3462	3464	2
2483	3464	3466	2
2484	3466	3468	2
2485	3468	3470	2
2486	3470	3472	2
2487	3472	3474	2
2488	3474	3476	2
2489	3476	3478	2
2490	3478	3480	2
2491	3480	3482	2
2492	3482	3484	2
2493	3484	3486	2
2494	3486	3488	2
2495	3488	3490	2
2496	3490	3492	2
2497	3492	3494	2
2498	3494	3496	2
2499	3496	3498	2
2500	3498	3500	2
2501	3500	3502	2
2502	3502	3504	2
2503	3504	3506	2
2504	3506	3508	2
2505	3508	3510	2
2506	3510	3512	2
2507	3512	3514	2
2508	3514	3516	2
2509	3516	3518	2
2510	3518	3520	2
2511	3520	3522	2
2512	3522	3524	2
2513	3524	3526	2
2514	3526	3528	2
2515	3528	3530	2
2516	3530	3532	2
2517	3532	3534	2
2518	3534	3536	2
2519	3536	3538	2
2520	3538	3540	2
2521	3540	3542	2
2522	3542	3544	2
2523	3544	3546	2
2524	3546	3548	2
2525	3548	3550	2
2526	3550	3552	2
2527	3552	3554	2
2528	3554	3556	2
2529	3556	3558	2
2530	3558	3560	2
2531	3560	3562	2
2532	3562	3564	2
2533	3564	3566	2
2534	3566	3568	2
2535	3568	3570	2
2536	3570	3572	2
2537	3572	3574	2
2538	3574	3576	2
2539	3576	3578	2
2540	3578	3580	2
2541	3580	3582	2
2542	3582	3584	2
2543	3584	3586	2
2544	3586	3588	2
2545	3588	3590	2
2546	3590	3592	2
2547	3592	3594	2
2548	3594	3596	2
2549	3596	3598	2
2550	3598	3600	2
2551	3600	3602	2
2552	3602	3604	2
2553	3604	3606	2
2554	3606	3608	2
2555	3608	3610	2
2556	3610	3612	2
2557	3612	3614	2
2558	3614	3616	2
2559	3616	3618	2
2560	3618	3620	2
2561	3620	3622	2
2562	3622	3624	2
2563	3624	3626	2
2564	3626	3628	2
2565	3628	3630	2
2566	3630	3632	2
2567	3632	3634	2
2568	3634	3636	2
2569	3636	3638	2
2570	3638	3640	2
2571	3640	3642	2
2572	3642	3644	2
2573	3644	3646	2
2574	3646	3648	2
2575	3648	3650	2
2576	3650	3652	2
2577	3652	3654	2
2578	3654	3656	2
2579	3656	3658	2
2580	3658	3660	2
2581	3660	3662	2
2582	3662	3664	2
2583	3664	3666	2
2584	3666	3668	2
2585	3668	3670	2
2586	3670	3672	2
2587	3672	3674	2
2588	3674	3676	2
2589	3676	3678	2
2590	3678	3680	2
2591	3680	3682	2
2592	3682	3684	2
2593	3684	3686	2
2594	3686	3688	2
2595	3688	3690	2
2596	3690	3692	2
2597	3692	3694	2
2598	3694	3696	2
2599	3696	3698	2
2600	3698	3700	2
2601	3700	3702	2
2602	3702	3704	2
2603	3704	3706	2
2604	3706	3708	2
2605	3708	3710	2
2606	3710	3712	2
2607	3712	3714	2
2608	3714	3716	2
2609	3716	3718	2
2610	3718	3720	2
2611	3720	3722	2
2612	3722	3724	2
2613	3724	3726	2
2614	3726	3728	2
2615	3728	3730	2
2616	3730	3732	2
2617	3732	3734	2
2618	3734	3736	2
2619	3736	3738	2
2620	3738	3740	2
2621	3740	3742	2
2622	3742	3744	2
2623	3744	3746	2
2624	3746	3748	2
2625	3748	3750	2
2626	3750	3752	2
2627	3752	3754	2
2628	3754	3756	2
2629	3756	3758	2
2630	3758	3760	2
2631	3760	3762	2
2632	3762	3764	2
2633	3764	3766	2
2634	3766	3768	2
2635	3768	3770	2
2636	3770	3772	2
2637	3772	3774	2
2638	3774	3776	2
2639	3776	3778	2
2640	3778	3780	2
2641	3780	3782	2
2642	3782	3784	2
2643	3784	3786	2
2644	3786	3788	2
2645	3788	3790	2
2646	3790	3792	2
2647	3792	3794	2
2648	3794	3796	2
2649	3796	3798	2
2650	3798	3800	2
2651	3800	3802	2
2652	3802	3804	2
2653	3804	3806	2
2654	3806	3808	2
2655	3808	3810	2
2656	3810	3812	2
2657	3812	3814	2
2658	3814	3816	2
2659	3816	3818	2
2660	3818	3820	2
2661	3820	3822	2
2662	3822	3824	2
2663	3824	3826	2
2664	3826	3828	2
2665	3828	3830	2
2666	3830	3832	2
2667	3832	3834	2
2668	3834	3836	2
2669	3836	3838	2
2670	3838	3840	2
2671	3840	3842	2
2672	3842	3844	2
2673	3844	3846	2
2674	3846	3848	2
2675	3848	3850	2
2676	3850	3852	2
2677	3852	3854	2
2678	3854	3856	2
2679	3856	3858	2
2680	3858	3860	2
2681	3860	3862	2
2682	3862	3864	2
2683	3864	3866	2
2684	3866	3868	2
2685	3868	3870	2
2686	3870	3872	2
2687	3872	3874	2
2688	3874	3876	2
2689	3876	3878	2
2690	3878	3880	2
2691	3880	3882	2
2692	3882	3884	2
2693	3884	3886	2
2694	3886	3888	2
2695	3888	3890	2
2696	3890	3892	2
2697	3892	3894	2
2698	3894	3896	2
2699	3896	3898	2
2700	3898	3900	2
2701	3900	3902	2
2702	3902	3904	2
2703	3904	3906	2
2704	3906	3908	2
2705	3908	3910	2
2706	3910	3912	2
2707	3912	3914	2
2708	3914	3916	2
2709	3916	3918	2
2710	3918	3920	2
2711	3920	3922	2
2712	3922	3924	2
2713	3924	3926	2
2714	3926	3928	2
2715	3928	3930	2
2716	3930	3932	2
2717	3932	3934	2
2718	3934	3936	2
2719	3936	3938	2
2720	3938	3940	2
2721	3940	3942	2
2722	3942	3944	2
2723	3944	3946	2
2724	3946	3948	2
2725	3948	3950	2
2726	3950	3952	2
2727	3952	3954	2
2728	3954	3956	2
2729	3956	3958	2
2730	3958	3960	2
2731	3960	3962	2
2732	3962	3964	2
2733	3964	3966	2
2734	3966	3968	2
2735	3968	3970	2
2736	3970	3972	2
2737	3972	3974	2
2738	3974	3976	2
2739	3976	3978	2
2740	3978	3980	2
2741	3980	3982	2
2742	3982	3984	2
2743	3984	3986	2
2744	3986	3988	2
2745	3988	3990	2
2746	3990	3992	2
2747	3992	3994	2
2748	3994	3996	2
2749	3996	3998	2
2750	3998	4000	2
2751	4000	4002	2
2752	4002	4004	2
2753	4004	4006	2
2754	4006	4008	2
2755	4008	4010	2
2756	4010	4012	2
2757	4012	4014	2
2758	4014	4016	2
2759	4016	4018	2
2760	4018	4020	2
2761	4020	4022	2
2762	4022	4024	2
2763	4024	4026	2
2764	4026	4028	2
2765	4028	4030	2
2766	4030	4032	2
2767	4032	4034	2
2768	4034	4036	2
2769	4036	4038	2
2770	4038	4040	2
2771	4040	4042	2
2772	4042	4044	2
2773	4044	4046	2
2774	4046	4048	2
2775	4048	4050	2
2776	4050	4052	2
2777	4052	4054	2
2778	4054	4056	2
2779	4056	4058	2
2780	4058	4060	2
2781	4060	4062	2
2782	4062	4064	2
2783	4064	4066	2
2784	4066	4068	2
2785	4068	4070	2
2786	4070	4072	2
2787	4072	4074	2
2788	4074	4076	2
2789	4076	4078	2
2790	4078	4080	2
2791	4080	4082	2
2792	4082	4084	2
2793	4084	4086	2
2794	4086	4088	2
2795	4088	4090	2
2796	4090	4092	2
2797	4092	4094	2
2798	4094	4096	2
2799	4096	4098	2
2800	4098	4100	2
2801	4100	4102	2
2802	4102	4104	2
2803	4104	4106	2
2804	4106	4108	2
2805	4108	4110	2
2806	4110	4112	2
2807	4112	4114	2
2808	4114	4116	2
2809	4116	4118	2
2810	4118	4120	2
2811	4120	4122	2
2812	4122	4124	2
2813	4124	4126	2
2814	4126	4128	2
2815	4128	4130	2
2816	4130	4132	2
2817	4132	4134	2
2818	4134	4136	2
2819	4136	4138	2
2820	4138	4140	2
2821	4140	4142	2
2822	4142	4144	2
2823	4144	4146	2
2824	4146	4148	2
2825	4148	4150	2
2826	4150	4152	2
2827	4152	4154	2
2828	4154	4156	2
2829	4156	4158	2
2830	4158	4160	2
2831	4160	4162	2
2832	4162	4164	2
2833	4164	4166	2
2834	4166	4168	2
2835	4168	4170	2
2836	4170	4172	2
2837	4172	4174	2
2838	4174	4176	2
2839	4176	4178	2
2840	4178	4180	2
2841	4180	4182	2
2842	4182	4184	2
2843	4184	4186	2
2844	4186	4188	2
2845	4188	4190	2
2846	4190	4192	2
2847	4192	4194	2
2848	4194	4196	2
2849	4196	4198	2
2850	4198	4200	2
2851	4200	4202	2
2852	4202	4204	2
2853	4204	4206	2
2854	4206	4208	2
2855	4208	4210	2
2856	4210	4212	2
2857	4212	4214	2
2858	4214	4216	2
2859	4216	4218	2
2860	4218	4220	2
2861	4220	4222	2
2862	4222	4224	2
2863	4224	4226	2
2864	4226	4228	2
2865	4228	4230	2
2866	4230	4232	2
2867	4232	4234	2
2868	4234	4236	2
2869	4236	4238	2
2870	4238	4240	2
2871	4240	4242	2
2872	4242	4244	2
2873	4244	4246	2
2874	4246	4248	2
2875	4248	4250	2
2876	4250	4252	2
2877	4252	4254	2
2878	4254	4256	2
2879	4256	4258	2
2880	4258	4260	2
2881	4260	4262	2
2882	4262	4264	2
2883	4264	4266	2
2884	4266	4268	2
2885	4268	4270	2
2886	4270	4272	2
2887	4272	4274	2
2888	4274	4276	2
2889	4276	4278	2
2890	4278	4280	2
2891	4280	4282	2
2892	4282	4284	2
2893	4284	4286	2
2894	4286	4288	2
2895	4288	4290	2
2896	4290	4292	2
2897	4292	4294	2
2898	4294	4296	2
2899	4296	4298	2
2900	4298	4300	2
2901	4300	4302	2
2902	4302	4304	2
2903	4304	4306	2
2904	4306	4308	2
2905	4308	4310	2
2906	4310	4312	2
2907	4312	4314	2
2908	4314	4316	2
2909	4316	4318	2
2910	4318	4320	2
2911	4320	4322	2
2912	4322	4324	2
2913	4324	4326	2
2914	4326	4328	2
2915	4328	4330	2
2916	4330	4332	2
2917	4332	4334	2
2918	4334	4336	2
2919	4336	4338	2
2920	4338	4340	2
2921	4340	4342	2
2922	4342	4344	2
2923	4344	4346	2
2924	4346	4348	2
2925	4348	4350	2
2926	4350	4352	2
2927	4352	4354	2
2928	4354	4356	2
2929	4356	4358	2
2930	4358	4360	2
2931	4360	4362	2
2932	4362	4364	2
2933	4364	4366	2
2934	4366	4368	2
2935	4368	4370	2
2936	4370	4372	2
2937	4372	4374	2
2938	4374	4376	2
2939	4376	4378	2
2940	4378	4380	2
2941	4380	4382	2
2942	4382	4384	2
2943	4384	4386	2
2944	4386	4388	2
2945	4388	4390	2
2946	4390	4392	2
2947	4392	4394	2
2948	4394	4396	2
2949	4396	4398	2
2950	4398	4400	2
2951	4400	4402	2
2952	4402	4404	2
2953	4404	4406	2
2954	4406	4408	2
2955	4408	4410	2
2956	4410	4412	2
2957	4412	4414	2
2958	4414	4416	2
2959	4416	4418	2
2960	4418	4421	3
2961	4421	4424	3
2962	4424	4427	3
2963	4427	4430	3
2964	4430	4433	3
2965	4433	4436	3
2966	4436	4439	3
2967	4439	4442	3
2968	4442	4445	3
2969	4445	4448	3
2970	4448	4451	3
2971	4451	4454	3
2972	4454	4457	3
2973	4457	4460	3
2974	4460	4463	3
2975	4463	4466	3
2976	4466	4469	3
2977	4469	4472	3
2978	4472	4475	3
2979	4475	4478	3
2980	4478	4481	3
2981	4481	4484	3
2982	4484	4487	3
2983	4487	4490	3
2984	4490	4493	3
2985	4493	4496	3
2986	4496	4499	3
2987	4499	4502	3
2988	4502	4505	3
2989	4505	4508	3
2990	4508	4511	3
2991	4511	4514	3
2992	4514	4517	3
2993	4517	4520	3
2994	4520	4523	3
2995	4523	4526	3
2996	4526	4529	3
2997	4529	4532	3
2998	4532	4535	3
2999	4535	4538	3
3000	4538	4541	3
3001	4541	4544	3
3002	4544	4547	3
3003	4547	4550	3
3004	4550	4553	3
3005	4553	4556	3
3006	4556	4559	3
3007	4559	4562	3
3008	4562	4565	3
3009	4565	4568	3
3010	4568	4571	3
3011	4571	4574	3
3012	4574	4577	3
3013	4577	4580	3
3014	4580	4583	3
3015	4583	4586	3
3016	4586	4589	3
3017	4589	4592	3
3018	4592	4595	3
3019	4595	4598	3
3020	4598	4601	3
3021	4601	4604	3
3022	4604	4607	3
3023	4607	4610	3
3024	4610	4613	3
3025	4613	4616	3
3026	4616	4619	3
3027	4619	4622	3
3028	4622	4625	3
3029	4625	4628	3
3030	4628	4631	3
3031	4631	4634	3
3032	4634	4637	3
3033	4637	4640	3
3034	4640	4643	3
3035	4643	4646	3
3036	4646	4649	3
3037	4649	4652	3
3038	4652	4655	3
3039	4655	4658	3
3040	4658	4661	3
3041	4661	4664	3
3042	4664	4667	3
3043	4667	4670	3
3044	4670	4673	3
3045	4673	4676	3
3046	4676	4679	3
3047	4679	4682	3
3048	4682	4685	3
3049	4685	4688	3
3050	4688	4691	3
3051	4691	4694	3
3052	4694	4697	3
3053	4697	4700	3
3054	4700	4703	3
3055	4703	4706	3
3056	4706	4709	3
3057	4709	4712	3
3058	4712	4715	3
3059	4715	4718	3
3060	4718	4721	3
3061	4721	4724	3
3062	4724	4727	3
3063	4727	4730	3
3064	4730	4733	3
3065	4733	4736	3
3066	4736	4739	3
3067	4739	4742	3
3068	4742	4745	3
3069	4745	4748	3
3070	4748	4751	3
3071	4751	4754	3
3072	4754	4757	3
3073	4757	4760	3
3074	4760	4763	3
3075	4763	4766	3
3076	4766	4769	3
3077	4769	4772	3
3078	4772	4775	3
3079	4775	4778	3
3080	4778	4781	3
3081	4781	4784	3
3082	4784	4787	3
3083	4787	4790	3
3084	4790	4793	3
3085	4793	4796	3
3086	4796	4799	3
3087	4799	4802	3
3088	4802	4805	3
3089	4805	4808	3
3090	4808	4811	3
3091	4811	4814	3
3092	4814	4817	3
3093	4817	4820	3
3094	4820	4823	3
3095	4823	4826	3
3096	4826	4829	3
3097	4829	4832	3
3098	4832	4835	3
3099	4835	4838	3
3100	4838	4841	3
3101	4841	4844	3
3102	4844	4847	3
3103	4847	4850	3
3104	4850	4853	3
3105	4853	4856	3
3106	4856	4859	3
3107	4859	4862	3
3108	4862	4865	3
3109	4865	4868	3
3110	4868	4871	3
3111	4871	4874	3
3112	4874	4877	3
3113	4877	4880	3
3114	4880	4883	3
3115	4883	4886	3
3116	4886	4889	3
3117	4889	4892	3
3118	4892	4895	3
3119	4895	4898	3
3120	4898	4901	3
3121	4901	4904	3
3122	4904	4907	3
3123	4907	4910	3
3124	4910	4913	3
3125	4913	4916	3
3126	4916	4919	3
3127	4919	4922	3
3128	4922	4925	3
3129	4925	4928	3
3130	4928	4931	3
3131	4931	4934	3
3132	4934	4937	3
3133	4937	4940	3
3134	4940	4943	3
3135	4943	4946	3
3136	4946	4949	3
3137	4949	4952	3
3138	4952	4955	3
3139	4955	4958	3
3140	4958	4961	3
3141	4961	4964	3
3142	4964	4967	3
3143	4967	4970	3
3144	4970	4973	3
3145	4973	4976	3
3146	4976	4979	3
3147	4979	4982	3
3148	4982	4985	3
3149	4985	4988	3
3150	4988	4991	3
3151	4991	4994	3
3152	4994	4997	3
3153	4997	5000	3
3154	5000	5003	3
3155	5003	5006	3
3156	5006	5009	3
3157	5009	5012	3
3158	5012	5015	3
3159	5015	5018	3
3160	5018	5021	3
3161	5021	5024	3
3162	5024	5027	3
3163	5027	5030	3
3164	5030	5033	3
3165	5033	5036	3
3166	5036	5039	3
3167	5039	5042	3
3168	5042	5045	3
3169	5045	5048	3
3170	5048	5051	3
3171	5051	5054	3
3172	5054	5057	3
3173	5057	5060	3
3174	5060	5063	3
3175	5063	5066	3
3176	5066	5069	3
3177	5069	5072	3
3178	5072	5075	3
3179	5075	5078	3
3180	5078	5081	3
3181	5081	5084	3
3182	5084	5087	3
3183	5087	5090	3
3184	5090	5093	3
3185	5093	5096	3
3186	5096	5099	3
3187	5099	5102	3
3188	5102	5105	3
3189	5105	5108	3
3190	5108	5111	3
3191	5111	5114	3
3192	5114	5117	3
3193	5117	5120	3
3194	5120	5123	3
3195	5123	5126	3
3196	5126	5129	3
3197	5129	5132	3
3198	5132	5135	3
3199	5135	5138	3
3200	5138	5141	3
3201	5141	5144	3
3202	5144	5147	3
3203	5147	5150	3
3204	5150	5153	3
3205	5153	5156	3
3206	5156	5159	3
3207	5159	5162	3
3208	5162	5165	3
3209	5165	5168	3
3210	5168	5171	3
3211	5171	5174	3
3212	5174	5177	3
3213	5177	5180	3
3214	5180	5183	3
3215	5183	5186	3
3216	5186	5189	3
3217	5189	5192	3
3218	5192	5195	3
3219	5195	5198	3
3220	5198	5201	3
3221	5201	5204	3
3222	5204	5207	3
3223	5207	5210	3
3224	5210	5213	3
3225	5213	5216	3
3226	5216	5219	3
3227	5219	5222	3
3228	5222	5225	3
3229	5225	5228	3
3230	5228	5231	3
3231	5231	5234	3
3232	5234	5237	3
3233	5237	5240	3
3234	5240	5243	3
3235	5243	5246	3
3236	5246	5249	3
3237	5249	5252	3
3238	5252	5255	3
3239	5255	5258	3
3240	5258	5261	3
3241	5261	5264	3
3242	5264	5267	3
3243	5267	5270	3
3244	5270	5273	3
3245	5273	5276	3
3246	5276	5279	3
3247	5279	5282	3
3248	5282	5285	3
3249	5285	5288	3
3250	5288	5291	3
3251	5291	5294	3
3252	5294	5297	3
3253	5297	5300	3
3254	5300	5303	3
3255	5303	5306	3
3256	5306	5309	3
3257	5309	5312	3
3258	5312	5315	3
3259	5315	5318	3
3260	5318	5321	3
3261	5321	5324	3
3262	5324	5327	3
3263	5327	5330	3
3264	5330	5333	3
3265	5333	5336	3
3266	5336	5339	3
3267	5339	5342	3
3268	5342	5345	3
3269	5345	5348	3
3270	5348	5351	3
3271	5351	5354	3
3272	5354	5357	3
3273	5357	5360	3
3274	5360	5363	3
3275	5363	5366	3
3276	5366	5369	3
3277	5369	5372	3
3278	5372	5375	3
3279	5375	5378	3
3280	5378	5381	3
3281	5381	5384	3
3282	5384	5387	3
3283	5387	5390	3
3284	5390	5393	3
3285	5393	5396	3
3286	5396	5399	3
3287	5399	5402	3
3288	5402	5405	3
3289	5405	5408	3
3290	5408	5411	3
3291	5411	5414	3
3292	5414	5417	3
3293	5417	5420	3
3294	5420	5423	3
3295	5423	5426	3
3296	5426	5429	3
3297	5429	5432	3
3298	5432	5435	3
3299	5435	5438	3
3300	5438	5441	3
3301	5441	5444	3
3302	5444	5447	3
3303	5447	5450	3
3304	5450	5453	3
3305	5453	5456	3
3306	5456	5459	3
3307	5459	5462	3
3308	5462	5465	3
3309	5465	5468	3
3310	5468	5471	3
3311	5471	5474	3
3312	5474	5477	3
3313	5477	5480	3
3314	5480	5483	3
3315	5483	5486	3
3316	5486	5489	3
3317	5489	5492	3
3318	5492	5495	3
3319	5495	5498	3
3320	5498	5501	3
3321	5501	5504	3
3322	5504	5507	3
3323	5507	5510	3
3324	5510	5513	3
3325	5513	5516	3
3326	5516	5519	3
3327	5519	5522	3
3328	5522	5525	3
3329	5525	5528	3
3330	5528	5531	3
3331	5531	5534	3
3332	5534	5537	3
3333	5537	5540	3
3334	5540	5543	3
3335	5543	5546	3
3336	5546	5549	3
3337	5549	5552	3
3338	5552	5555	3
3339	5555	5558	3
3340	5558	5561	3
3341	5561	5564	3
3342	5564	5567	3
3343	5567	5570	3
3344	5570	5573	3
3345	5573	5576	3
3346	5576	5579	3
3347	5579	5582	3
3348	5582	5585	3
3349	5585	5588	3
3350	5588	5591	3
3351	5591	5594	3
3352	5594	5597	3
3353	5597	5600	3
3354	5600	5603	3
3355	5603	5606	3
3356	5606	5609	3
3357	5609	5612	3
3358	5612	5615	3
3359	5615	5618	3
3360	5618	5621	3
3361	5621	5624	3
3362	5624	5627	3
3363	5627	5630	3
3364	5630	5633	3
3365	5633	5636	3
3366	5636	5639	3
3367	5639	5642	3
3368	5642	5645	3
3369	5645	5648	3
3370	5648	5651	3
3371	5651	5654	3
3372	5654	5657	3
3373	5657	5660	3
3374	5660	5663	3
3375	5663	5666	3
3376	5666	5669	3
3377	5669	5672	3
3378	5672	5675	3
3379	5675	5678	3
3380	5678	5681	3
3381	5681	5684	3
3382	5684	5687	3
3383	5687	5691	4
3384	5691	5695	4
3385	5695	5699	4
3386	5699	5703	4
3387	5703	5707	4
3388	5707	5711	4
3389	5711	5715	4
3390	5715	5719	4
3391	5719	5723	4
3392	5723	5727	4
3393	5727	5731	4
3394	5731	5735	4
3395	5735	5739	4
3396	5739	5743	4
3397	5743	5747	4
3398	5747	5751	4
3399	5751	5755	4
3400	5755	5759	4
3401	5759	5763	4
3402	5763	5767	4
3403	5767	5771	4
3404	5771	5775	4
3405	5775	5779	4
3406	5779	5783	4
3407	5783	5787	4
3408	5787	5791	4
3409	5791	5795	4
3410	5795	5799	4
3411	5799	5803	4
3412	5803	5807	4
3413	5807	5811	4
3414	5811	5815	4
3415	5815	5819	4
3416	5819	5823	4
3417	5823	5827	4
3418	5827	5831	4
3419	5831	5835	4
3420	5835	5839	4
3421	5839	5843	4
3422	5843	5847	4
3423	5847	5851	4
3424	5851	5855	4
3425	5855	5859	4
3426	5859	5863	4
3427	5863	5867	4
3428	5867	5871	4
3429	5871	5875	4
3430	5875	5879	4
3431	5879	5883	4
3432	5883	5887	4
3433	5887	5891	4
3434	5891	5895	4
3435	5895	5899	4
3436	5899	5903	4
3437	5903	5907	4
3438	5907	5911	4
3439	5911	5915	4
3440	5915	5919	4
3441	5919	5923	4
3442	5923	5927	4
3443	5927	5931	4
3444	5931	5935	4
3445	5935	5939	4
3446	5939	5943	4
3447	5943	5947	4
3448	5947	5951	4
3449	5951	5955	4
3450	5955	5959	4
3451	5959	5963	4
3452	5963	5967	4
3453	5967	5971	4
3454	5971	5975	4
3455	5975	5979	4
3456	5979	5983	4
3457	5983	5987	4
3458	5987	5991	4
3459	5991	5995	4
3460	5995	5999	4
3461	5999	6003	4
3462	6003	6007	4
3463	6007	6011	4
3464	6011	6015	4
3465	6015	6019	4
3466	6019	6023	4
3467	6023	6027	4
3468	6027	6031	4
3469	6031	6035	4
3470	6035	6039	4
3471	6039	6043	4
3472	6043	6047	4
3473	6047	6051	4
3474	6051	6055	4
3475	6055	6059	4
3476	6059	6063	4
3477	6063	6067	4
3478	6067	6071	4
3479	6071	6075	4
3480	6075	6079	4
3481	6079	6083	4
3482	6083	6087	4
3483	6087	6091	4
3484	6091	6095	4
3485	6095	6099	4
3486	6099	6103	4
3487	6103	6107	4
3488	6107	6111	4
3489	6111	6115	4
3490	6115	6119	4
3491	6119	6123	4
3492	6123	6127	4
3493	6127	6131	4
3494	6131	6135	4
3495	6135	6139	4
3496	6139	6143	4
3497	6143	6147	4
3498	6147	6151	4
3499	6151	6155	4
3500	6155	6159	4
3501	6159	6163	4
3502	6163	6167	4
3503	6167	6171	4
3504	6171	6175	4
3505	6175	6179	4
3506	6179	6183	4
3507	6183	6187	4
3508	6187	6191	4
3509	6191	6195	4
3510	6195	6199	4
3511	6199	6203	4
3512	6203	6207	4
3513	6207	6211	4
3514	6211	6215	4
3515	6215	6219	4
3516	6219	6223	4
3517	6223	6227	4
3518	6227	6231	4
3519	6231	6235	4
3520	6235	6239	4
3521	6239	6243	4
3522	6243	6247	4
3523	6247	6251	4
3524	6251	6255	4
3525	6255	6259	4
3526	6259	6263	4
3527	6263	6267	4
3528	6267	6271	4
3529	6271	6275	4
3530	6275	6279	4
3531	6279	6283	4
3532	6283	6287	4
3533	6287	6291	4
3534	6291	6295	4
3535	6295	6299	4
3536	6299	6303	4
3537	6303	6307	4
3538	6307	6311	4
3539	6311	6315	4
3540	6315	6319	4
3541	6319	6323	4
3542	6323	6327	4
3543	6327	6331	4
3544	6331	6335	4
3545	6335	6339	4
3546	6339	6343	4
3547	6343	6347	4
3548	6347	6351	4
3549	6351	6355	4
3550	6355	6359	4
3551	6359	6363	4
3552	6363	6367	4
3553	6367	6371	4
3554	6371	6375	4
3555	6375	6379	4
3556	6379	6383	4
3557	6383	6387	4
3558	6387	6391	4
3559	6391	6395	4
3560	6395	6399	4
3561	6399	6403	4
3562	6403	6407	4
3563	6407	6411	4
3564	6411	6415	4
3565	6415	6419	4
3566	6419	6423	4
3567	6423	6427	4
3568	6427	6431	4
3569	6431	6435	4
3570	6435	6439	4
3571	6439	6443	4
3572	6443	6447	4
3573	6447	6451	4
3574	6451	6455	4
3575	6455	6459	4
3576	6459	6463	4
3577	6463	6467	4
3578	6467	6471	4
3579	6471	6475	4
3580	6475	6479	4
3581	6479	6483	4
3582	6483	6487	4
3583	6487	6491	4
3584	6491	6495	4
3585	6495	6499	4
3586	6499	6503	4
3587	6503	6507	4
3588	6507	6511	4
3589	6511	6515	4
3590	6515	6519	4
3591	6519	6523	4
3592	6523	6527	4
3593	6527	6531	4
3594	6531	6535	4
3595	6535	6539	4
3596	6539	6543	4
3597	6543	6547	4
3598	6547	6551	4
3599	6551	6555	4
3600	6555	6559	4
3601	6559	6563	4
3602	6563	6567	4
3603	6567	6571	4
3604	6571	6575	4
3605	6575	6579	4
3606	6579	6583	4
3607	6583	6587	4
3608	6587	6591	4
3609	6591	6595	4
3610	6595	6599	4
3611	6599	6603	4
3612	6603	6607	4
3613	6607	6611	4
3614	6611	6615	4
3615	6615	6619	4
3616	6619	6623	4
3617	6623	6627	4
3618	6627	6631	4
3619	6631	6635	4
3620	6635	6639	4
3621	6639	6643	4
3622	6643	6647	4
3623	6647	6651	4
3624	6651	6655	4
3625	6655	6659	4
3626	6659	6663	4
3627	6663	6667	4
3628	6667	6671	4
3629	6671	6675	4
3630	6675	6679	4
3631	6679	6683	4
3632	6683	6687	4
3633	6687	6691	4
3634	6691	6695	4
3635	6695	6699	4
3636	6699	6703	4
3637	6703	6707	4
3638	6707	6711	4
3639	6711	6715	4
3640	6715	6719	4
3641	6719	6723	4
3642	6723	6727	4
3643	6727	6731	4
3644	6731	6736	5
3645	6736	6741	5
3646	6741	6746	5
3647	6746	6751	5
3648	6751	6756	5
3649	6756	6761	5
3650	6761	6766	5
3651	6766	6771	5
3652	6771	6776	5
3653	6776	6781	5
3654	6781	6786	5
3655	6786	6791	5
3656	6791	6796	5
3657	6796	6801	5
3658	6801	6806	5
3659	6806	6811	5
3660	6811	6816	5
3661	6816	6821	5
3662	6821	6826	5
3663	6826	6831	5
3664	6831	6836	5
3665	6836	6841	5
3666	6841	6846	5
3667	6846	6851	5
3668	6851	6856	5
3669	6856	6861	5
3670	6861	6866	5
3671	6866	6871	5
3672	6871	6876	5
3673	6876	6881	5
3674	6881	6886	5
3675	6886	6891	5
3676	6891	6896	5
3677	6896	6901	5
3678	6901	6906	5
3679	6906	6911	5
3680	6911	6916	5
3681	6916	6921	5
3682	6921	6926	5
3683	6926	6931	5
3684	6931	6936	5
3685	6936	6941	5
3686	6941	6946	5
3687	6946	6951	5
3688	6951	6956	5
3689	6956	6961	5
3690	6961	6966	5
3691	6966	6971	5
3692	6971	6976	5
3693	6976	6981	5
3694	6981	6986	5
3695	6986	6991	5
3696	6991	6996	5
3697	6996	7001	5
3698	7001	7006	5
3699	7006	7011	5
3700	7011	7016	5
3701	7016	7021	5
3702	7021	7026	5
3703	7026	7031	5
3704	7031	7036	5
3705	7036	7041	5
3706	7041	7046	5
3707	7046	7051	5
3708	7051	7056	5
3709	7056	7061	5
3710	7061	7066	5
3711	7066	7071	5
3712	7071	7076	5
3713	7076	7081	5
3714	7081	7086	5
3715	7086	7091	5
3716	7091	7096	5
3717	7096	7101	5
3718	7101	7106	5
3719	7106	7111	5
3720	7111	7116	5
3721	7116	7121	5
3722	7121	7126	5
3723	7126	7131	5
3724	7131	7136	5
3725	7136	7141	5
3726	7141	7146	5
3727	7146	7151	5
3728	7151	7156	5
3729	7156	7161	5
3730	7161	7166	5
3731	7166	7171	5
3732	7171	7176	5
3733	7176	7181	5
3734	7181	7186	5
3735	7186	7191	5
3736	7191	7196	5
3737	7196	7201	5
3738	7201	7206	5
3739	7206	7211	5
3740	7211	7216	5
3741	7216	7221	5
3742	7221	7226	5
3743	7226	7231	5
3744	7231	7236	5
3745	7236	7241	5
3746	7241	7246	5
3747	7246	7251	5
3748	7251	7256	5
3749	7256	7261	5
3750	7261	7266	5
3751	7266	7271	5
3752	7271	7276	5
3753	7276	7281	5
3754	7281	7286	5
3755	7286	7291	5
3756	7291	7296	5
3757	7296	7301	5
3758	7301	7306	5
3759	7306	7311	5
3760	7311	7316	5
3761	7316	7321	5
3762	7321	7326	5
3763	7326	7331	5
3764	7331	7336	5
3765	7336	7341	5
3766	7341	7346	5
3767	7346	7351	5
3768	7351	7356	5
3769	7356	7361	5
3770	7361	7366	5
3771	7366	7371	5
3772	7371	7376	5
3773	7376	7381	5
3774	7381	7386	5
3775	7386	7391	5
3776	7391	7396	5
3777	7396	7401	5
3778	7401	7406	5
3779	7406	7411	5
3780	7411	7416	5
3781	7416	7421	5
3782	7421	7426	5
3783	7426	7431	5
3784	7431	7436	5
3785	7436	7441	5
3786	7441	7446	5
3787	7446	7451	5
3788	7451	7456	5
3789	7456	7461	5
3790	7461	7466	5
3791	7466	7471	5
3792	7471	7476	5
3793	7476	7481	5
3794	7481	7486	5
3795	7486	7491	5
3796	7491	7496	5
3797	7496	7501	5
3798	7501	7506	5
3799	7506	7511	5
3800	7511	7516	5
3801	7516	7521	5
3802	7521	7526	5
3803	7526	7531	5
3804	7531	7536	5
3805	7536	7541	5
3806	7541	7546	5
3807	7546	7551	5
3808	7551	7556	5
3809	7556	7561	5
3810	7561	7566	5
3811	7566	7571	5
3812	7571	7576	5
3813	7576	7581	5
3814	7581	7586	5
3815	7586	7591	5
3816	7591	7596	5
3817	7596	7601	5
3818	7601	7606	5
3819	7606	7611	5
3820	7611	7616	5
3821	7616	7621	5
3822	7621	7626	5
3823	7626	7631	5
3824	7631	7636	5
3825	7636	7641	5
3826	7641	7647	6
3827	7647	7653	6
3828	7653	7659	6
3829	7659	7665	6
3830	7665	7671	6
3831	7671	7677	6
3832	7677	7683	6
3833	7683	7689	6
3834	7689	7695	6
3835	7695	7701	6
3836	7701	7707	6
3837	7707	7713	6
3838	7713	7719	6
3839	7719	7725	6
3840	7725	7731	6
3841	7731	7737	6
3842	7737	7743	6
3843	7743	7749	6
3844	7749	7755	6
3845	7755	7761	6
3846	7761	7767	6
3847	7767	7773	6
3848	7773	7779	6
3849	7779	7785	6
3850	7785	7791	6
3851	7791	7797	6
3852	7797	7803	6
3853	7803	7809	6
3854	7809	7815	6
3855	7815	7821	6
3856	7821	7827	6
3857	7827	7833	6
3858	7833	7839	6
3859	7839	7845	6
3860	7845	7851	6
3861	7851	7857	6
3862	7857	7863	6
3863	7863	7869	6
3864	7869	7875	6
3865	7875	7881	6
3866	7881	7887	6
3867	7887	7893	6
3868	7893	7899	6
3869	7899	7905	6
3870	7905	7911	6
3871	7911	7917	6
3872	7917	7923	6
3873	7923	7929	6
3874	7929	7935	6
3875	7935	7941	6
3876	7941	7947	6
3877	7947	7953	6
3878	7953	7959	6
3879	7959	7965	6
3880	7965	7971	6
3881	7971	7977	6
3882	7977	7983	6
3883	7983	7989	6
3884	7989	7995	6
3885	7995	8001	6
3886	8001	8007	6
3887	8007	8013	6
3888	8013	8019	6
3889	8019	8025	6
3890	8025	8031	6
3891	8031	8037	6
3892	8037	8043	6
3893	8043	8049	6
3894	8049	8055	6
3895	8055	8061	6
3896	8061	8067	6
3897	8067	8073	6
3898	8073	8079	6
3899	8079	8085	6
3900	8085	8091	6
3901	8091	8097	6
3902	8097	8103	6
3903	8103	8109	6
3904	8109	8115	6
3905	8115	8121	6
3906	8121	8127	6
3907	8127	8133	6
3908	8133	8139	6
3909	8139	8145	6
3910	8145	8151	6
3911	8151	8157	6
3912	8157	8163	6
3913	8163	8169	6
3914	8169	8175	6
3915	8175	8181	6
3916	8181	8187	6
3917	8187	8193	6
3918	8193	8199	6
3919	8199	8205	6
3920	8205	8211	6
3921	8211	8217	6
3922	8217	8223	6
3923	8223	8229	6
3924	8229	8235	6
3925	8235	8241	6
3926	8241	8247	6
3927	8247	8253	6
3928	8253	8259	6
3929	8259	8265	6
3930	8265	8271	6
3931	8271	8277	6
3932	8277	8283	6
3933	8283	8289	6
3934	8289	8295	6
3935	8295	8301	6
3936	8301	8307	6
3937	8307	8313	6
3938	8313	8319	6
3939	8319	8325	6
3940	8325	8331	6
3941	8331	8337	6
3942	8337	8343	6
3943	8343	8349	6
3944	8349	8355	6
3945	8355	8361	6
3946	8361	8367	6
3947	8367	8373	6
3948	8373	8379	6
3949	8379	8385	6
3950	8385	8391	6
3951	8391	8397	6
3952	8397	8403	6
3953	8403	8409	6
3954	8409	8415	6
3955	8415	8421	6
3956	8421	8427	6
3957	8427	8433	6
3958	8433	8439	6
3959	8439	8445	6
3960	8445	8451	6
3961	8451	8457	6
3962	8457	8463	6
3963	8463	8469	6
3964	8469	8475	6
3965	8475	8481	6
3966	8481	8487	6
3967	8487	8493	6
3968	8493	8500	7
3969	8500	8507	7
3970	8507	8514	7
3971	8514	8521	7
3972	8521	8528	7
3973	8528	8535	7
3974	8535	8542	7
3975	8542	8549	7
3976	8549	8556	7
3977	8556	8563	7
3978	8563	8570	7
3979	8570	8577	7
3980	8577	8584	7
3981	8584	8591	7
3982	8591	8598	7
3983	8598	8605	7
3984	8605	8612	7
3985	8612	8619	7
3986	8619	8626	7
3987	8626	8633	7
3988	8633	8640	7
3989	8640	8647	7
3990	8647	8654	7
3991	8654	8661	7
3992	8661	8668	7
3993	8668	8675	7
3994	8675	8682	7
3995	8682	8689	7
3996	8689	8696	7
3997	8696	8703	7
3998	8703	8710	7
3999	8710	8717	7
4000	8717	8724	7
4001	8724	8731	7
4002	8731	8738	7
4003	8738	8745	7
4004	8745	8752	7
4005	8752	8759	7
4006	8759	8766	7
4007	8766	8773	7
4008	8773	8780	7
4009	8780	8787	7
4010	8787	8794	7
4011	8794	8801	7
4012	8801	8808	7
4013	8808	8815	7
4014	8815	8822	7
4015	8822	8829	7
4016	8829	8836	7
4017	8836	8843	7
4018	8843	8850	7
4019	8850	8857	7
4020	8857	8864	7
4021	8864	8871	7
4022	8871	8878	7
4023	8878	8885	7
4024	8885	8892	7
4025	8892	8899	7
4026	8899	8906	7
4027	8906	8913	7
4028	8913	8920	7
4029	8920	8927	7
4030	8927	8934	7
4031	8934	8941	7
4032	8941	8948	7
4033	8948	8955	7
4034	8955	8962	7
4035	8962	8969	7
4036	8969	8976	7
4037	8976	8983	7
4038	8983	8990	7
4039	8990	8997	7
4040	8997	9004	7
4041	9004	9011	7
4042	9011	9018	7
4043	9018	9025	7
4044	9025	9032	7
4045	9032	9039	7
4046	9039	9046	7
4047	9046	9053	7
4048	9053	9060	7
4049	9060	9067	7
4050	9067	9074	7
4051	9074	9081	7
4052	9081	9088	7
4053	9088	9095	7
4054	9095	9102	7
4055	9102	9109	7
4056	9109	9116	7
4057	9116	9123	7
4058	9123	9130	7
4059	9130	9137	7
4060	9137	9144	7
4061	9144	9151	7
4062	9151	9158	7
4063	9158	9165	7
4064	9165	9172	7
4065	9172	9179	7
4066	9179	9186	7
4067	9186	9193	7
4068	9193	9200	7
4069	9200	9207	7
4070	9207	9214	7
4071	9214	9221	7
4072	9221	9228	7
4073	9228	9235	7
4074	9235	9242	7
4075	9242	9249	7
4076	9249	9256	7
4077	9256	9263	7
4078	9263	9270	7
4079	9270	9277	7
4080	9277	9285	8
4081	9285	9293	8
4082	9293	9301	8
4083	9301	9309	8
4084	9309	9317	8
4085	9317	9325	8
4086	9325	9333	8
4087	9333	9341	8
4088	9341	9349	8
4089	9349	9357	8
4090	9357	9365	8
4091	9365	9373	8
4092	9373	9381	8
4093	9381	9389	8
4094	9389	9397	8
4095	9397	9405	8
4096	9405	9413	8
4097	9413	9421	8
4098	9421	9429	8
4099	9429	9437	8
4100	9437	9445	8
4101	9445	9453	8
4102	9453	9461	8
4103	9461	9469	8
4104	9469	9477	8
4105	9477	9485	8
4106	9485	9493	8
4107	9493	9501	8
4108	9501	9509	8
4109	9509	9517	8
4110	9517	9525	8
4111	9525	9533	8
4112	9533	9541	8
4113	9541	9549	8
4114	9549	9557	8
4115	9557	9565	8
4116	9565	9573	8
4117	9573	9581	8
4118	9581	9589	8
4119	9589	9597	8
4120	9597	9605	8
4121	9605	9613	8
4122	9613	9621	8
4123	9621	9629	8
4124	9629	9637	8
4125	9637	9645	8
4126	9645	9653	8
4127	9653	9661	8
4128	9661	9669	8
4129	9669	9677	8
4130	9677	9685	8
4131	9685	9693	8
4132	9693	9701	8
4133	9701	9709	8
4134	9709	9717	8
4135	9717	9725	8
4136	9725	9733	8
4137	9733	9741	8
4138	9741	9749	8
4139	9749	9757	8
4140	9757	9765	8
4141	9765	9773	8
4142	9773	9781	8
4143	9781	9789	8
4144	9789	9797	8
4145	9797	9805	8
4146	9805	9813	8
4147	9813	9821	8
4148	9821	9829	8
4149	9829	9837	8
4150	9837	9845	8
4151	9845	9853	8
4152	9853	9861	8
4153	9861	9869	8
4154	9869	9877	8
4155	9877	9885	8
4156	9885	9894	9
4157	9894	9903	9
4158	9903	9912	9
4159	9912	9921	9
4160	9921	9930	9
4161	9930	9939	9
4162	9939	9948	9
4163	9948	9957	9
4164	9957	9966	9
4165	9966	9975	9
4166	9975	9984	9
4167	9984	9993	9
4168	9993	10002	9
4169	10002	10011	9
4170	10011	10020	9
4171	10020	10029	9
4172	10029	10038	9
4173	10038	10047	9
4174	10047	10056	9
4175	10056	10065	9
4176	10065	10074	9
4177	10074	10083	9
4178	10083	10092	9
4179	10092	10101	9
4180	10101	10110	9
4181	10110	10119	9
4182	10119	10128	9
4183	10128	10137	9
4184	10137	10146	9
4185	10146	10155	9
4186	10155	10164	9
4187	10164	10173	9
4188	10173	10182	9
4189	10182	10191	9
4190	10191	10200	9
4191	10200	10209	9
