#
#N Pointing	tstart	tend	Obs time
#		s
1	210	211	1
2	211	212	1
3	212	213	1
4	213	214	1
5	214	215	1
6	215	216	1
7	216	217	1
8	217	218	1
9	218	219	1
10	219	220	1
11	220	221	1
12	221	222	1
13	222	223	1
14	223	224	1
15	224	225	1
16	225	226	1
17	226	227	1
18	227	228	1
19	228	229	1
20	229	230	1
21	230	231	1
22	231	232	1
23	232	233	1
24	233	234	1
25	234	235	1
26	235	236	1
27	236	237	1
28	237	238	1
29	238	239	1
30	239	240	1
31	240	241	1
32	241	242	1
33	242	243	1
34	243	244	1
35	244	245	1
36	245	246	1
37	246	247	1
38	247	248	1
39	248	249	1
40	249	250	1
41	250	251	1
42	251	252	1
43	252	253	1
44	253	254	1
45	254	255	1
46	255	256	1
47	256	257	1
48	257	258	1
49	258	259	1
50	259	260	1
51	260	261	1
52	261	262	1
53	262	263	1
54	263	264	1
55	264	265	1
56	265	266	1
57	266	267	1
58	267	268	1
59	268	269	1
60	269	270	1
61	270	271	1
62	271	272	1
63	272	273	1
64	273	274	1
65	274	275	1
66	275	276	1
67	276	277	1
68	277	278	1
69	278	279	1
70	279	280	1
71	280	281	1
72	281	282	1
73	282	283	1
74	283	284	1
75	284	285	1
76	285	286	1
77	286	287	1
78	287	288	1
79	288	289	1
80	289	290	1
81	290	291	1
82	291	292	1
83	292	293	1
84	293	294	1
85	294	295	1
86	295	296	1
87	296	297	1
88	297	298	1
89	298	299	1
90	299	300	1
91	300	301	1
92	301	302	1
93	302	303	1
94	303	304	1
95	304	305	1
96	305	306	1
97	306	307	1
98	307	308	1
99	308	309	1
100	309	310	1
101	310	311	1
102	311	312	1
103	312	313	1
104	313	314	1
105	314	315	1
106	315	316	1
107	316	317	1
108	317	318	1
109	318	319	1
110	319	320	1
111	320	321	1
112	321	322	1
113	322	323	1
114	323	324	1
115	324	325	1
116	325	326	1
117	326	327	1
118	327	328	1
119	328	329	1
120	329	330	1
121	330	331	1
122	331	332	1
123	332	333	1
124	333	334	1
125	334	335	1
126	335	336	1
127	336	337	1
128	337	338	1
129	338	339	1
130	339	340	1
131	340	341	1
132	341	342	1
133	342	343	1
134	343	344	1
135	344	345	1
136	345	346	1
137	346	347	1
138	347	348	1
139	348	349	1
140	349	350	1
141	350	351	1
142	351	352	1
143	352	353	1
144	353	354	1
145	354	355	1
146	355	356	1
147	356	357	1
148	357	358	1
149	358	359	1
150	359	360	1
151	360	361	1
152	361	362	1
153	362	363	1
154	363	364	1
155	364	365	1
156	365	366	1
157	366	367	1
158	367	368	1
159	368	369	1
160	369	370	1
161	370	371	1
162	371	372	1
163	372	373	1
164	373	374	1
165	374	375	1
166	375	376	1
167	376	377	1
168	377	378	1
169	378	379	1
170	379	380	1
171	380	381	1
172	381	382	1
173	382	383	1
174	383	384	1
175	384	385	1
176	385	386	1
177	386	387	1
178	387	388	1
179	388	389	1
180	389	390	1
181	390	391	1
182	391	392	1
183	392	393	1
184	393	394	1
185	394	395	1
186	395	396	1
187	396	397	1
188	397	398	1
189	398	399	1
190	399	400	1
191	400	401	1
192	401	402	1
193	402	403	1
194	403	404	1
195	404	405	1
196	405	406	1
197	406	407	1
198	407	408	1
199	408	409	1
200	409	410	1
201	410	411	1
202	411	412	1
203	412	413	1
204	413	414	1
205	414	415	1
206	415	416	1
207	416	417	1
208	417	418	1
209	418	419	1
210	419	420	1
211	420	421	1
212	421	422	1
213	422	423	1
214	423	424	1
215	424	425	1
216	425	426	1
217	426	427	1
218	427	428	1
219	428	429	1
220	429	430	1
221	430	431	1
222	431	432	1
223	432	433	1
224	433	434	1
225	434	435	1
226	435	436	1
227	436	437	1
228	437	438	1
229	438	439	1
230	439	440	1
231	440	441	1
232	441	442	1
233	442	443	1
234	443	444	1
235	444	445	1
236	445	446	1
237	446	447	1
238	447	448	1
239	448	449	1
240	449	450	1
241	450	451	1
242	451	452	1
243	452	453	1
244	453	454	1
245	454	455	1
246	455	456	1
247	456	457	1
248	457	458	1
249	458	459	1
250	459	460	1
251	460	461	1
252	461	462	1
253	462	463	1
254	463	464	1
255	464	465	1
256	465	466	1
257	466	467	1
258	467	468	1
259	468	469	1
260	469	470	1
261	470	471	1
262	471	472	1
263	472	473	1
264	473	474	1
265	474	475	1
266	475	476	1
267	476	477	1
268	477	478	1
269	478	479	1
270	479	480	1
271	480	481	1
272	481	482	1
273	482	483	1
274	483	484	1
275	484	485	1
276	485	486	1
277	486	487	1
278	487	488	1
279	488	489	1
280	489	490	1
281	490	491	1
282	491	492	1
283	492	493	1
284	493	494	1
285	494	495	1
286	495	496	1
287	496	497	1
288	497	498	1
289	498	499	1
290	499	500	1
291	500	501	1
292	501	502	1
293	502	503	1
294	503	504	1
295	504	505	1
296	505	506	1
297	506	507	1
298	507	508	1
299	508	509	1
300	509	510	1
301	510	511	1
302	511	512	1
303	512	513	1
304	513	514	1
305	514	515	1
306	515	516	1
307	516	517	1
308	517	518	1
309	518	519	1
310	519	520	1
311	520	521	1
312	521	522	1
313	522	523	1
314	523	524	1
315	524	525	1
316	525	526	1
317	526	527	1
318	527	528	1
319	528	529	1
320	529	530	1
321	530	531	1
322	531	532	1
323	532	533	1
324	533	534	1
325	534	535	1
326	535	536	1
327	536	537	1
328	537	538	1
329	538	539	1
330	539	540	1
331	540	541	1
332	541	542	1
333	542	543	1
334	543	544	1
335	544	545	1
336	545	546	1
337	546	547	1
338	547	548	1
339	548	549	1
340	549	550	1
341	550	551	1
342	551	552	1
343	552	553	1
344	553	554	1
345	554	555	1
346	555	556	1
347	556	557	1
348	557	558	1
349	558	559	1
350	559	560	1
351	560	561	1
352	561	562	1
353	562	563	1
354	563	564	1
355	564	565	1
356	565	566	1
357	566	567	1
358	567	568	1
359	568	569	1
360	569	570	1
361	570	571	1
362	571	572	1
363	572	573	1
364	573	574	1
365	574	575	1
366	575	576	1
367	576	577	1
368	577	578	1
369	578	579	1
370	579	580	1
371	580	581	1
372	581	582	1
373	582	583	1
374	583	584	1
375	584	585	1
376	585	586	1
377	586	587	1
378	587	588	1
379	588	589	1
380	589	590	1
381	590	591	1
382	591	592	1
383	592	593	1
384	593	594	1
385	594	595	1
386	595	596	1
387	596	597	1
388	597	598	1
389	598	599	1
390	599	600	1
391	600	601	1
392	601	602	1
393	602	603	1
394	603	604	1
395	604	605	1
396	605	606	1
397	606	607	1
398	607	608	1
399	608	609	1
400	609	610	1
401	610	611	1
402	611	612	1
403	612	613	1
404	613	614	1
405	614	615	1
406	615	616	1
407	616	617	1
408	617	618	1
409	618	619	1
410	619	620	1
411	620	621	1
412	621	622	1
413	622	623	1
414	623	624	1
415	624	625	1
416	625	626	1
417	626	627	1
418	627	628	1
419	628	629	1
420	629	630	1
421	630	631	1
422	631	632	1
423	632	633	1
424	633	634	1
425	634	635	1
426	635	636	1
427	636	637	1
428	637	638	1
429	638	639	1
430	639	640	1
431	640	641	1
432	641	642	1
433	642	643	1
434	643	644	1
435	644	645	1
436	645	646	1
437	646	647	1
438	647	648	1
439	648	649	1
440	649	650	1
441	650	651	1
442	651	652	1
443	652	653	1
444	653	654	1
445	654	655	1
446	655	656	1
447	656	657	1
448	657	658	1
449	658	659	1
450	659	660	1
451	660	661	1
452	661	662	1
453	662	663	1
454	663	664	1
455	664	665	1
456	665	666	1
457	666	667	1
458	667	668	1
459	668	669	1
460	669	670	1
461	670	671	1
462	671	672	1
463	672	673	1
464	673	674	1
465	674	675	1
466	675	676	1
467	676	677	1
468	677	678	1
469	678	679	1
470	679	680	1
471	680	681	1
472	681	682	1
473	682	683	1
474	683	684	1
475	684	685	1
476	685	686	1
477	686	687	1
478	687	688	1
479	688	689	1
480	689	690	1
481	690	691	1
482	691	692	1
483	692	693	1
484	693	694	1
485	694	695	1
486	695	696	1
487	696	697	1
488	697	698	1
489	698	699	1
490	699	700	1
491	700	701	1
492	701	702	1
493	702	703	1
494	703	704	1
495	704	705	1
496	705	706	1
497	706	707	1
498	707	708	1
499	708	709	1
500	709	710	1
501	710	711	1
502	711	712	1
503	712	713	1
504	713	714	1
505	714	715	1
506	715	716	1
507	716	717	1
508	717	718	1
509	718	719	1
510	719	720	1
511	720	721	1
512	721	722	1
513	722	723	1
514	723	724	1
515	724	725	1
516	725	726	1
517	726	727	1
518	727	728	1
519	728	729	1
520	729	730	1
521	730	731	1
522	731	732	1
523	732	733	1
524	733	734	1
525	734	735	1
526	735	736	1
527	736	737	1
528	737	738	1
529	738	739	1
530	739	740	1
531	740	741	1
532	741	742	1
533	742	743	1
534	743	744	1
535	744	745	1
536	745	746	1
537	746	747	1
538	747	748	1
539	748	749	1
540	749	750	1
541	750	751	1
542	751	752	1
543	752	753	1
544	753	754	1
545	754	755	1
546	755	756	1
547	756	757	1
548	757	758	1
549	758	759	1
550	759	760	1
551	760	761	1
552	761	762	1
553	762	763	1
554	763	764	1
555	764	765	1
556	765	766	1
557	766	767	1
558	767	768	1
559	768	769	1
560	769	770	1
561	770	771	1
562	771	772	1
563	772	773	1
564	773	774	1
565	774	775	1
566	775	776	1
567	776	777	1
568	777	778	1
569	778	779	1
570	779	780	1
571	780	781	1
572	781	782	1
573	782	783	1
574	783	784	1
575	784	785	1
576	785	786	1
577	786	787	1
578	787	788	1
579	788	789	1
580	789	790	1
581	790	791	1
582	791	792	1
583	792	793	1
584	793	794	1
585	794	795	1
586	795	796	1
587	796	797	1
588	797	798	1
589	798	799	1
590	799	800	1
591	800	801	1
592	801	802	1
593	802	803	1
594	803	804	1
595	804	805	1
596	805	806	1
597	806	807	1
598	807	808	1
599	808	809	1
600	809	810	1
601	810	811	1
602	811	812	1
603	812	813	1
604	813	814	1
605	814	815	1
606	815	816	1
607	816	817	1
608	817	818	1
609	818	819	1
610	819	820	1
611	820	821	1
612	821	822	1
613	822	823	1
614	823	824	1
615	824	825	1
616	825	826	1
617	826	827	1
618	827	828	1
619	828	829	1
620	829	830	1
621	830	831	1
622	831	832	1
623	832	833	1
624	833	834	1
625	834	835	1
626	835	836	1
627	836	837	1
628	837	838	1
629	838	839	1
630	839	840	1
631	840	841	1
632	841	842	1
633	842	843	1
634	843	844	1
635	844	845	1
636	845	846	1
637	846	847	1
638	847	848	1
639	848	849	1
640	849	850	1
641	850	851	1
642	851	852	1
643	852	853	1
644	853	854	1
645	854	855	1
646	855	856	1
647	856	857	1
648	857	858	1
649	858	859	1
650	859	860	1
651	860	861	1
652	861	862	1
653	862	863	1
654	863	864	1
655	864	865	1
656	865	866	1
657	866	867	1
658	867	868	1
659	868	869	1
660	869	870	1
661	870	871	1
662	871	872	1
663	872	873	1
664	873	874	1
665	874	875	1
666	875	876	1
667	876	877	1
668	877	878	1
669	878	879	1
670	879	880	1
671	880	881	1
672	881	882	1
673	882	883	1
674	883	884	1
675	884	885	1
676	885	886	1
677	886	887	1
678	887	888	1
679	888	889	1
680	889	890	1
681	890	891	1
682	891	892	1
683	892	893	1
684	893	894	1
685	894	895	1
686	895	896	1
687	896	897	1
688	897	898	1
689	898	899	1
690	899	900	1
691	900	901	1
692	901	902	1
693	902	903	1
694	903	904	1
695	904	905	1
696	905	906	1
697	906	907	1
698	907	908	1
699	908	909	1
700	909	910	1
701	910	911	1
702	911	912	1
703	912	913	1
704	913	914	1
705	914	915	1
706	915	916	1
707	916	917	1
708	917	918	1
709	918	919	1
710	919	920	1
711	920	921	1
712	921	922	1
713	922	923	1
714	923	924	1
715	924	925	1
716	925	926	1
717	926	927	1
718	927	928	1
719	928	929	1
720	929	930	1
721	930	931	1
722	931	932	1
723	932	933	1
724	933	934	1
725	934	935	1
726	935	936	1
727	936	937	1
728	937	938	1
729	938	939	1
730	939	940	1
731	940	941	1
732	941	942	1
733	942	943	1
734	943	944	1
735	944	945	1
736	945	946	1
737	946	947	1
738	947	948	1
739	948	949	1
740	949	950	1
741	950	951	1
742	951	952	1
743	952	953	1
744	953	954	1
745	954	955	1
746	955	956	1
747	956	957	1
748	957	958	1
749	958	959	1
750	959	960	1
751	960	961	1
752	961	962	1
753	962	963	1
754	963	964	1
755	964	965	1
756	965	966	1
757	966	967	1
758	967	968	1
759	968	969	1
760	969	970	1
761	970	971	1
762	971	972	1
763	972	973	1
764	973	974	1
765	974	975	1
766	975	976	1
767	976	977	1
768	977	978	1
769	978	979	1
770	979	980	1
771	980	981	1
772	981	982	1
773	982	983	1
774	983	984	1
775	984	985	1
776	985	986	1
777	986	987	1
778	987	988	1
779	988	989	1
780	989	990	1
781	990	991	1
782	991	992	1
783	992	993	1
784	993	994	1
785	994	995	1
786	995	996	1
787	996	997	1
788	997	998	1
789	998	999	1
790	999	1000	1
791	1000	1001	1
792	1001	1002	1
793	1002	1003	1
794	1003	1004	1
795	1004	1005	1
796	1005	1006	1
797	1006	1007	1
798	1007	1008	1
799	1008	1009	1
800	1009	1010	1
801	1010	1011	1
802	1011	1012	1
803	1012	1013	1
804	1013	1014	1
805	1014	1015	1
806	1015	1016	1
807	1016	1017	1
808	1017	1018	1
809	1018	1019	1
810	1019	1020	1
811	1020	1021	1
812	1021	1022	1
813	1022	1023	1
814	1023	1024	1
815	1024	1025	1
816	1025	1026	1
817	1026	1027	1
818	1027	1028	1
819	1028	1029	1
820	1029	1030	1
821	1030	1031	1
822	1031	1032	1
823	1032	1033	1
824	1033	1034	1
825	1034	1035	1
826	1035	1036	1
827	1036	1037	1
828	1037	1038	1
829	1038	1039	1
830	1039	1040	1
831	1040	1041	1
832	1041	1042	1
833	1042	1043	1
834	1043	1044	1
835	1044	1045	1
836	1045	1046	1
837	1046	1047	1
838	1047	1048	1
839	1048	1049	1
840	1049	1050	1
841	1050	1051	1
842	1051	1052	1
843	1052	1053	1
844	1053	1054	1
845	1054	1055	1
846	1055	1056	1
847	1056	1057	1
848	1057	1058	1
849	1058	1059	1
850	1059	1060	1
851	1060	1061	1
852	1061	1062	1
853	1062	1063	1
854	1063	1064	1
855	1064	1065	1
856	1065	1066	1
857	1066	1067	1
858	1067	1068	1
859	1068	1069	1
860	1069	1070	1
861	1070	1071	1
862	1071	1072	1
863	1072	1073	1
864	1073	1074	1
865	1074	1075	1
866	1075	1076	1
867	1076	1077	1
868	1077	1078	1
869	1078	1079	1
870	1079	1080	1
871	1080	1081	1
872	1081	1082	1
873	1082	1083	1
874	1083	1084	1
875	1084	1085	1
876	1085	1086	1
877	1086	1087	1
878	1087	1088	1
879	1088	1089	1
880	1089	1090	1
881	1090	1091	1
882	1091	1092	1
883	1092	1093	1
884	1093	1094	1
885	1094	1095	1
886	1095	1096	1
887	1096	1097	1
888	1097	1098	1
889	1098	1099	1
890	1099	1100	1
891	1100	1101	1
892	1101	1102	1
893	1102	1103	1
894	1103	1104	1
895	1104	1105	1
896	1105	1106	1
897	1106	1107	1
898	1107	1108	1
899	1108	1109	1
900	1109	1110	1
901	1110	1111	1
902	1111	1112	1
903	1112	1113	1
904	1113	1114	1
905	1114	1115	1
906	1115	1116	1
907	1116	1117	1
908	1117	1118	1
909	1118	1119	1
910	1119	1120	1
911	1120	1121	1
912	1121	1122	1
913	1122	1123	1
914	1123	1124	1
915	1124	1125	1
916	1125	1126	1
917	1126	1127	1
918	1127	1128	1
919	1128	1129	1
920	1129	1130	1
921	1130	1131	1
922	1131	1132	1
923	1132	1133	1
924	1133	1134	1
925	1134	1135	1
926	1135	1136	1
927	1136	1137	1
928	1137	1138	1
929	1138	1139	1
930	1139	1140	1
931	1140	1141	1
932	1141	1142	1
933	1142	1143	1
934	1143	1144	1
935	1144	1145	1
936	1145	1146	1
937	1146	1147	1
938	1147	1148	1
939	1148	1149	1
940	1149	1150	1
941	1150	1151	1
942	1151	1152	1
943	1152	1153	1
944	1153	1154	1
945	1154	1155	1
946	1155	1156	1
947	1156	1157	1
948	1157	1158	1
949	1158	1159	1
950	1159	1160	1
951	1160	1161	1
952	1161	1162	1
953	1162	1163	1
954	1163	1164	1
955	1164	1165	1
956	1165	1166	1
957	1166	1167	1
958	1167	1168	1
959	1168	1169	1
960	1169	1170	1
961	1170	1171	1
962	1171	1172	1
963	1172	1173	1
964	1173	1174	1
965	1174	1175	1
966	1175	1176	1
967	1176	1177	1
968	1177	1178	1
969	1178	1179	1
970	1179	1180	1
971	1180	1181	1
972	1181	1182	1
973	1182	1183	1
974	1183	1184	1
975	1184	1185	1
976	1185	1186	1
977	1186	1187	1
978	1187	1188	1
979	1188	1189	1
980	1189	1190	1
981	1190	1191	1
982	1191	1192	1
983	1192	1193	1
984	1193	1194	1
985	1194	1195	1
986	1195	1196	1
987	1196	1197	1
988	1197	1198	1
989	1198	1199	1
990	1199	1200	1
991	1200	1201	1
992	1201	1202	1
993	1202	1203	1
994	1203	1204	1
995	1204	1205	1
996	1205	1206	1
997	1206	1207	1
998	1207	1208	1
999	1208	1209	1
1000	1209	1210	1
1001	1210	1211	1
1002	1211	1212	1
1003	1212	1213	1
1004	1213	1214	1
1005	1214	1215	1
1006	1215	1216	1
1007	1216	1217	1
1008	1217	1218	1
1009	1218	1219	1
1010	1219	1220	1
1011	1220	1221	1
1012	1221	1222	1
1013	1222	1223	1
1014	1223	1224	1
1015	1224	1225	1
1016	1225	1226	1
1017	1226	1227	1
1018	1227	1228	1
1019	1228	1229	1
1020	1229	1230	1
1021	1230	1231	1
1022	1231	1232	1
1023	1232	1233	1
1024	1233	1234	1
1025	1234	1235	1
1026	1235	1236	1
1027	1236	1237	1
1028	1237	1238	1
1029	1238	1239	1
1030	1239	1240	1
1031	1240	1241	1
1032	1241	1242	1
1033	1242	1243	1
1034	1243	1244	1
1035	1244	1245	1
1036	1245	1246	1
1037	1246	1247	1
1038	1247	1248	1
1039	1248	1249	1
1040	1249	1250	1
1041	1250	1251	1
1042	1251	1252	1
1043	1252	1253	1
1044	1253	1254	1
1045	1254	1255	1
1046	1255	1256	1
1047	1256	1257	1
1048	1257	1258	1
1049	1258	1259	1
1050	1259	1260	1
1051	1260	1261	1
1052	1261	1262	1
1053	1262	1263	1
1054	1263	1264	1
1055	1264	1265	1
1056	1265	1266	1
1057	1266	1267	1
1058	1267	1268	1
1059	1268	1269	1
1060	1269	1270	1
1061	1270	1271	1
1062	1271	1272	1
1063	1272	1273	1
1064	1273	1274	1
1065	1274	1275	1
1066	1275	1276	1
1067	1276	1277	1
1068	1277	1278	1
1069	1278	1279	1
1070	1279	1280	1
1071	1280	1281	1
1072	1281	1282	1
1073	1282	1283	1
1074	1283	1284	1
1075	1284	1285	1
1076	1285	1286	1
1077	1286	1287	1
1078	1287	1288	1
1079	1288	1289	1
1080	1289	1290	1
1081	1290	1291	1
1082	1291	1292	1
1083	1292	1293	1
1084	1293	1294	1
1085	1294	1295	1
1086	1295	1296	1
1087	1296	1297	1
1088	1297	1298	1
1089	1298	1299	1
1090	1299	1300	1
1091	1300	1301	1
1092	1301	1302	1
1093	1302	1303	1
1094	1303	1304	1
1095	1304	1305	1
1096	1305	1306	1
1097	1306	1307	1
1098	1307	1308	1
1099	1308	1309	1
1100	1309	1310	1
1101	1310	1311	1
1102	1311	1312	1
1103	1312	1313	1
1104	1313	1314	1
1105	1314	1315	1
1106	1315	1316	1
1107	1316	1317	1
1108	1317	1318	1
1109	1318	1319	1
1110	1319	1320	1
1111	1320	1321	1
1112	1321	1322	1
1113	1322	1323	1
1114	1323	1324	1
1115	1324	1325	1
1116	1325	1326	1
1117	1326	1327	1
1118	1327	1328	1
1119	1328	1329	1
1120	1329	1330	1
1121	1330	1331	1
1122	1331	1332	1
1123	1332	1333	1
1124	1333	1334	1
1125	1334	1335	1
1126	1335	1336	1
1127	1336	1337	1
1128	1337	1338	1
1129	1338	1339	1
1130	1339	1340	1
1131	1340	1341	1
1132	1341	1342	1
1133	1342	1343	1
1134	1343	1344	1
1135	1344	1345	1
1136	1345	1346	1
1137	1346	1347	1
1138	1347	1348	1
1139	1348	1349	1
1140	1349	1350	1
1141	1350	1351	1
1142	1351	1352	1
1143	1352	1353	1
1144	1353	1354	1
1145	1354	1355	1
1146	1355	1356	1
1147	1356	1357	1
1148	1357	1358	1
1149	1358	1359	1
1150	1359	1360	1
1151	1360	1361	1
1152	1361	1362	1
1153	1362	1363	1
1154	1363	1364	1
1155	1364	1365	1
1156	1365	1366	1
1157	1366	1367	1
1158	1367	1368	1
1159	1368	1369	1
1160	1369	1370	1
1161	1370	1371	1
1162	1371	1372	1
1163	1372	1373	1
1164	1373	1374	1
1165	1374	1375	1
1166	1375	1376	1
1167	1376	1377	1
1168	1377	1378	1
1169	1378	1379	1
1170	1379	1380	1
1171	1380	1381	1
1172	1381	1382	1
1173	1382	1383	1
1174	1383	1384	1
1175	1384	1385	1
1176	1385	1386	1
1177	1386	1387	1
1178	1387	1388	1
1179	1388	1389	1
1180	1389	1390	1
1181	1390	1391	1
1182	1391	1392	1
1183	1392	1393	1
1184	1393	1394	1
1185	1394	1395	1
1186	1395	1396	1
1187	1396	1397	1
1188	1397	1398	1
1189	1398	1399	1
1190	1399	1400	1
1191	1400	1401	1
1192	1401	1402	1
1193	1402	1403	1
1194	1403	1404	1
1195	1404	1405	1
1196	1405	1406	1
1197	1406	1407	1
1198	1407	1408	1
1199	1408	1409	1
1200	1409	1410	1
1201	1410	1411	1
1202	1411	1412	1
1203	1412	1413	1
1204	1413	1414	1
1205	1414	1415	1
1206	1415	1416	1
1207	1416	1417	1
1208	1417	1418	1
1209	1418	1419	1
1210	1419	1420	1
1211	1420	1421	1
1212	1421	1422	1
1213	1422	1423	1
1214	1423	1424	1
1215	1424	1425	1
1216	1425	1426	1
1217	1426	1427	1
1218	1427	1428	1
1219	1428	1429	1
1220	1429	1430	1
1221	1430	1431	1
1222	1431	1432	1
1223	1432	1433	1
1224	1433	1434	1
1225	1434	1435	1
1226	1435	1436	1
1227	1436	1437	1
1228	1437	1438	1
1229	1438	1439	1
1230	1439	1440	1
1231	1440	1441	1
1232	1441	1442	1
1233	1442	1443	1
1234	1443	1444	1
1235	1444	1445	1
1236	1445	1446	1
1237	1446	1447	1
1238	1447	1448	1
1239	1448	1449	1
1240	1449	1450	1
1241	1450	1451	1
1242	1451	1452	1
1243	1452	1453	1
1244	1453	1454	1
1245	1454	1455	1
1246	1455	1456	1
1247	1456	1457	1
1248	1457	1458	1
1249	1458	1459	1
1250	1459	1460	1
1251	1460	1461	1
1252	1461	1462	1
1253	1462	1463	1
1254	1463	1464	1
1255	1464	1465	1
1256	1465	1466	1
1257	1466	1467	1
1258	1467	1468	1
1259	1468	1469	1
1260	1469	1470	1
1261	1470	1471	1
1262	1471	1472	1
1263	1472	1473	1
1264	1473	1474	1
1265	1474	1475	1
1266	1475	1476	1
1267	1476	1477	1
1268	1477	1478	1
1269	1478	1479	1
1270	1479	1480	1
1271	1480	1481	1
1272	1481	1482	1
1273	1482	1483	1
1274	1483	1484	1
1275	1484	1485	1
1276	1485	1486	1
1277	1486	1487	1
1278	1487	1488	1
1279	1488	1489	1
1280	1489	1490	1
1281	1490	1491	1
1282	1491	1492	1
1283	1492	1493	1
1284	1493	1494	1
1285	1494	1495	1
1286	1495	1496	1
1287	1496	1497	1
1288	1497	1498	1
1289	1498	1499	1
1290	1499	1500	1
1291	1500	1501	1
1292	1501	1502	1
1293	1502	1503	1
1294	1503	1504	1
1295	1504	1505	1
1296	1505	1506	1
1297	1506	1507	1
1298	1507	1508	1
1299	1508	1509	1
1300	1509	1510	1
1301	1510	1511	1
1302	1511	1512	1
1303	1512	1513	1
1304	1513	1514	1
1305	1514	1515	1
1306	1515	1516	1
1307	1516	1517	1
1308	1517	1518	1
1309	1518	1519	1
1310	1519	1520	1
1311	1520	1521	1
1312	1521	1522	1
1313	1522	1523	1
1314	1523	1524	1
1315	1524	1525	1
1316	1525	1526	1
1317	1526	1527	1
1318	1527	1528	1
1319	1528	1529	1
1320	1529	1530	1
1321	1530	1531	1
1322	1531	1532	1
1323	1532	1533	1
1324	1533	1534	1
1325	1534	1535	1
1326	1535	1536	1
1327	1536	1537	1
1328	1537	1538	1
1329	1538	1539	1
1330	1539	1540	1
1331	1540	1541	1
1332	1541	1542	1
1333	1542	1543	1
1334	1543	1544	1
1335	1544	1545	1
1336	1545	1546	1
1337	1546	1547	1
1338	1547	1548	1
1339	1548	1549	1
1340	1549	1550	1
1341	1550	1551	1
1342	1551	1552	1
1343	1552	1553	1
1344	1553	1554	1
1345	1554	1555	1
1346	1555	1556	1
1347	1556	1557	1
1348	1557	1558	1
1349	1558	1559	1
1350	1559	1560	1
1351	1560	1561	1
1352	1561	1562	1
1353	1562	1563	1
1354	1563	1564	1
1355	1564	1565	1
1356	1565	1566	1
1357	1566	1567	1
1358	1567	1568	1
1359	1568	1569	1
1360	1569	1570	1
1361	1570	1571	1
1362	1571	1572	1
1363	1572	1573	1
1364	1573	1574	1
1365	1574	1575	1
1366	1575	1576	1
1367	1576	1577	1
1368	1577	1578	1
1369	1578	1579	1
1370	1579	1580	1
1371	1580	1581	1
1372	1581	1582	1
1373	1582	1583	1
1374	1583	1584	1
1375	1584	1585	1
1376	1585	1586	1
1377	1586	1587	1
1378	1587	1588	1
1379	1588	1589	1
1380	1589	1590	1
1381	1590	1591	1
1382	1591	1592	1
1383	1592	1593	1
1384	1593	1594	1
1385	1594	1595	1
1386	1595	1596	1
1387	1596	1597	1
1388	1597	1598	1
1389	1598	1599	1
1390	1599	1600	1
1391	1600	1601	1
1392	1601	1602	1
1393	1602	1603	1
1394	1603	1604	1
1395	1604	1605	1
1396	1605	1606	1
1397	1606	1607	1
1398	1607	1608	1
1399	1608	1609	1
1400	1609	1610	1
1401	1610	1611	1
1402	1611	1612	1
1403	1612	1613	1
1404	1613	1614	1
1405	1614	1615	1
1406	1615	1616	1
1407	1616	1617	1
1408	1617	1618	1
1409	1618	1619	1
1410	1619	1620	1
1411	1620	1621	1
1412	1621	1622	1
1413	1622	1623	1
1414	1623	1624	1
1415	1624	1625	1
1416	1625	1626	1
1417	1626	1627	1
1418	1627	1628	1
1419	1628	1629	1
1420	1629	1630	1
1421	1630	1631	1
1422	1631	1632	1
1423	1632	1633	1
1424	1633	1634	1
1425	1634	1635	1
1426	1635	1636	1
1427	1636	1637	1
1428	1637	1638	1
1429	1638	1639	1
1430	1639	1640	1
1431	1640	1641	1
1432	1641	1642	1
1433	1642	1643	1
1434	1643	1644	1
1435	1644	1645	1
1436	1645	1646	1
1437	1646	1647	1
1438	1647	1648	1
1439	1648	1649	1
1440	1649	1650	1
1441	1650	1651	1
1442	1651	1652	1
1443	1652	1653	1
1444	1653	1654	1
1445	1654	1655	1
1446	1655	1656	1
1447	1656	1657	1
1448	1657	1658	1
1449	1658	1659	1
1450	1659	1660	1
1451	1660	1661	1
1452	1661	1662	1
1453	1662	1663	1
1454	1663	1664	1
1455	1664	1665	1
1456	1665	1666	1
1457	1666	1667	1
1458	1667	1668	1
1459	1668	1669	1
1460	1669	1670	1
1461	1670	1671	1
1462	1671	1672	1
1463	1672	1673	1
1464	1673	1674	1
1465	1674	1675	1
1466	1675	1676	1
1467	1676	1677	1
1468	1677	1678	1
1469	1678	1679	1
1470	1679	1680	1
1471	1680	1681	1
1472	1681	1682	1
1473	1682	1683	1
1474	1683	1684	1
1475	1684	1685	1
1476	1685	1686	1
1477	1686	1687	1
1478	1687	1688	1
1479	1688	1689	1
1480	1689	1690	1
1481	1690	1691	1
1482	1691	1692	1
1483	1692	1693	1
1484	1693	1694	1
1485	1694	1695	1
1486	1695	1696	1
1487	1696	1697	1
1488	1697	1698	1
1489	1698	1699	1
1490	1699	1700	1
1491	1700	1701	1
1492	1701	1702	1
1493	1702	1703	1
1494	1703	1704	1
1495	1704	1705	1
1496	1705	1706	1
1497	1706	1707	1
1498	1707	1708	1
1499	1708	1709	1
1500	1709	1710	1
1501	1710	1711	1
1502	1711	1712	1
1503	1712	1713	1
1504	1713	1714	1
1505	1714	1715	1
1506	1715	1716	1
1507	1716	1717	1
1508	1717	1718	1
1509	1718	1719	1
1510	1719	1720	1
1511	1720	1721	1
1512	1721	1722	1
1513	1722	1723	1
1514	1723	1724	1
1515	1724	1725	1
1516	1725	1726	1
1517	1726	1727	1
1518	1727	1728	1
1519	1728	1729	1
1520	1729	1730	1
1521	1730	1731	1
1522	1731	1732	1
1523	1732	1733	1
1524	1733	1734	1
1525	1734	1735	1
1526	1735	1736	1
1527	1736	1737	1
1528	1737	1738	1
1529	1738	1739	1
1530	1739	1740	1
1531	1740	1741	1
1532	1741	1742	1
1533	1742	1743	1
1534	1743	1744	1
1535	1744	1745	1
1536	1745	1746	1
1537	1746	1747	1
1538	1747	1748	1
1539	1748	1749	1
1540	1749	1750	1
1541	1750	1751	1
1542	1751	1752	1
1543	1752	1753	1
1544	1753	1754	1
1545	1754	1755	1
1546	1755	1756	1
1547	1756	1757	1
1548	1757	1758	1
1549	1758	1759	1
1550	1759	1760	1
1551	1760	1761	1
1552	1761	1762	1
1553	1762	1763	1
1554	1763	1764	1
1555	1764	1765	1
1556	1765	1766	1
1557	1766	1767	1
1558	1767	1768	1
1559	1768	1769	1
1560	1769	1770	1
1561	1770	1771	1
1562	1771	1772	1
1563	1772	1773	1
1564	1773	1774	1
1565	1774	1775	1
1566	1775	1776	1
1567	1776	1777	1
1568	1777	1778	1
1569	1778	1779	1
1570	1779	1780	1
1571	1780	1781	1
1572	1781	1782	1
1573	1782	1783	1
1574	1783	1784	1
1575	1784	1785	1
1576	1785	1786	1
1577	1786	1787	1
1578	1787	1788	1
1579	1788	1789	1
1580	1789	1790	1
1581	1790	1791	1
1582	1791	1792	1
1583	1792	1793	1
1584	1793	1794	1
1585	1794	1795	1
1586	1795	1796	1
1587	1796	1797	1
1588	1797	1798	1
1589	1798	1799	1
1590	1799	1800	1
1591	1800	1801	1
1592	1801	1802	1
1593	1802	1803	1
1594	1803	1804	1
1595	1804	1805	1
1596	1805	1806	1
1597	1806	1807	1
1598	1807	1808	1
1599	1808	1809	1
1600	1809	1810	1
1601	1810	1811	1
1602	1811	1812	1
1603	1812	1813	1
1604	1813	1814	1
1605	1814	1815	1
1606	1815	1816	1
1607	1816	1817	1
1608	1817	1818	1
1609	1818	1819	1
1610	1819	1820	1
1611	1820	1821	1
1612	1821	1822	1
1613	1822	1823	1
1614	1823	1824	1
1615	1824	1825	1
1616	1825	1826	1
1617	1826	1827	1
1618	1827	1828	1
1619	1828	1829	1
1620	1829	1830	1
1621	1830	1831	1
1622	1831	1832	1
1623	1832	1833	1
1624	1833	1834	1
1625	1834	1835	1
1626	1835	1836	1
1627	1836	1837	1
1628	1837	1838	1
1629	1838	1839	1
1630	1839	1840	1
1631	1840	1841	1
1632	1841	1842	1
1633	1842	1843	1
1634	1843	1844	1
1635	1844	1845	1
1636	1845	1846	1
1637	1846	1847	1
1638	1847	1848	1
1639	1848	1849	1
1640	1849	1850	1
1641	1850	1851	1
1642	1851	1852	1
1643	1852	1854	2
1644	1854	1856	2
1645	1856	1858	2
1646	1858	1860	2
1647	1860	1862	2
1648	1862	1864	2
1649	1864	1866	2
1650	1866	1868	2
1651	1868	1870	2
1652	1870	1872	2
1653	1872	1874	2
1654	1874	1876	2
1655	1876	1878	2
1656	1878	1880	2
1657	1880	1882	2
1658	1882	1884	2
1659	1884	1886	2
1660	1886	1888	2
1661	1888	1890	2
1662	1890	1892	2
1663	1892	1894	2
1664	1894	1896	2
1665	1896	1898	2
1666	1898	1900	2
1667	1900	1902	2
1668	1902	1904	2
1669	1904	1906	2
1670	1906	1908	2
1671	1908	1910	2
1672	1910	1912	2
1673	1912	1914	2
1674	1914	1916	2
1675	1916	1918	2
1676	1918	1920	2
1677	1920	1922	2
1678	1922	1924	2
1679	1924	1926	2
1680	1926	1928	2
1681	1928	1930	2
1682	1930	1932	2
1683	1932	1934	2
1684	1934	1936	2
1685	1936	1938	2
1686	1938	1940	2
1687	1940	1942	2
1688	1942	1944	2
1689	1944	1946	2
1690	1946	1948	2
1691	1948	1950	2
1692	1950	1952	2
1693	1952	1954	2
1694	1954	1956	2
1695	1956	1958	2
1696	1958	1960	2
1697	1960	1962	2
1698	1962	1964	2
1699	1964	1966	2
1700	1966	1968	2
1701	1968	1970	2
1702	1970	1972	2
1703	1972	1974	2
1704	1974	1976	2
1705	1976	1978	2
1706	1978	1980	2
1707	1980	1982	2
1708	1982	1984	2
1709	1984	1986	2
1710	1986	1988	2
1711	1988	1990	2
1712	1990	1992	2
1713	1992	1994	2
1714	1994	1996	2
1715	1996	1998	2
1716	1998	2000	2
1717	2000	2002	2
1718	2002	2004	2
1719	2004	2006	2
1720	2006	2008	2
1721	2008	2010	2
1722	2010	2012	2
1723	2012	2014	2
1724	2014	2016	2
1725	2016	2018	2
1726	2018	2020	2
1727	2020	2022	2
1728	2022	2024	2
1729	2024	2026	2
1730	2026	2028	2
1731	2028	2030	2
1732	2030	2032	2
1733	2032	2034	2
1734	2034	2036	2
1735	2036	2038	2
1736	2038	2040	2
1737	2040	2042	2
1738	2042	2044	2
1739	2044	2046	2
1740	2046	2048	2
1741	2048	2050	2
1742	2050	2052	2
1743	2052	2054	2
1744	2054	2056	2
1745	2056	2058	2
1746	2058	2060	2
1747	2060	2062	2
1748	2062	2064	2
1749	2064	2066	2
1750	2066	2068	2
1751	2068	2070	2
1752	2070	2072	2
1753	2072	2074	2
1754	2074	2076	2
1755	2076	2078	2
1756	2078	2080	2
1757	2080	2082	2
1758	2082	2084	2
1759	2084	2086	2
1760	2086	2088	2
1761	2088	2090	2
1762	2090	2092	2
1763	2092	2094	2
1764	2094	2096	2
1765	2096	2098	2
1766	2098	2100	2
1767	2100	2102	2
1768	2102	2104	2
1769	2104	2106	2
1770	2106	2108	2
1771	2108	2110	2
1772	2110	2112	2
1773	2112	2114	2
1774	2114	2116	2
1775	2116	2118	2
1776	2118	2120	2
1777	2120	2122	2
1778	2122	2124	2
1779	2124	2126	2
1780	2126	2128	2
1781	2128	2130	2
1782	2130	2132	2
1783	2132	2134	2
1784	2134	2136	2
1785	2136	2138	2
1786	2138	2140	2
1787	2140	2142	2
1788	2142	2144	2
1789	2144	2146	2
1790	2146	2148	2
1791	2148	2150	2
1792	2150	2152	2
1793	2152	2154	2
1794	2154	2156	2
1795	2156	2158	2
1796	2158	2160	2
1797	2160	2162	2
1798	2162	2164	2
1799	2164	2166	2
1800	2166	2168	2
1801	2168	2170	2
1802	2170	2172	2
1803	2172	2174	2
1804	2174	2176	2
1805	2176	2178	2
1806	2178	2180	2
1807	2180	2182	2
1808	2182	2184	2
1809	2184	2186	2
1810	2186	2188	2
1811	2188	2190	2
1812	2190	2192	2
1813	2192	2194	2
1814	2194	2196	2
1815	2196	2198	2
1816	2198	2200	2
1817	2200	2202	2
1818	2202	2204	2
1819	2204	2206	2
1820	2206	2208	2
1821	2208	2210	2
1822	2210	2212	2
1823	2212	2214	2
1824	2214	2216	2
1825	2216	2218	2
1826	2218	2220	2
1827	2220	2222	2
1828	2222	2224	2
1829	2224	2226	2
1830	2226	2228	2
1831	2228	2230	2
1832	2230	2232	2
1833	2232	2234	2
1834	2234	2236	2
1835	2236	2238	2
1836	2238	2240	2
1837	2240	2242	2
1838	2242	2244	2
1839	2244	2246	2
1840	2246	2248	2
1841	2248	2250	2
1842	2250	2252	2
1843	2252	2254	2
1844	2254	2256	2
1845	2256	2258	2
1846	2258	2260	2
1847	2260	2262	2
1848	2262	2264	2
1849	2264	2266	2
1850	2266	2268	2
1851	2268	2270	2
1852	2270	2272	2
1853	2272	2274	2
1854	2274	2276	2
1855	2276	2278	2
1856	2278	2280	2
1857	2280	2282	2
1858	2282	2284	2
1859	2284	2286	2
1860	2286	2288	2
1861	2288	2290	2
1862	2290	2292	2
1863	2292	2294	2
1864	2294	2296	2
1865	2296	2298	2
1866	2298	2300	2
1867	2300	2302	2
1868	2302	2304	2
1869	2304	2306	2
1870	2306	2308	2
1871	2308	2310	2
1872	2310	2312	2
1873	2312	2314	2
1874	2314	2316	2
1875	2316	2318	2
1876	2318	2320	2
1877	2320	2322	2
1878	2322	2324	2
1879	2324	2326	2
1880	2326	2328	2
1881	2328	2330	2
1882	2330	2332	2
1883	2332	2334	2
1884	2334	2336	2
1885	2336	2338	2
1886	2338	2340	2
1887	2340	2342	2
1888	2342	2344	2
1889	2344	2346	2
1890	2346	2348	2
1891	2348	2350	2
1892	2350	2352	2
1893	2352	2354	2
1894	2354	2356	2
1895	2356	2358	2
1896	2358	2360	2
1897	2360	2362	2
1898	2362	2364	2
1899	2364	2366	2
1900	2366	2368	2
1901	2368	2370	2
1902	2370	2372	2
1903	2372	2374	2
1904	2374	2376	2
1905	2376	2378	2
1906	2378	2380	2
1907	2380	2382	2
1908	2382	2384	2
1909	2384	2386	2
1910	2386	2388	2
1911	2388	2390	2
1912	2390	2392	2
1913	2392	2394	2
1914	2394	2396	2
1915	2396	2398	2
1916	2398	2400	2
1917	2400	2402	2
1918	2402	2404	2
1919	2404	2406	2
1920	2406	2408	2
1921	2408	2410	2
1922	2410	2412	2
1923	2412	2414	2
1924	2414	2416	2
1925	2416	2418	2
1926	2418	2420	2
1927	2420	2422	2
1928	2422	2424	2
1929	2424	2426	2
1930	2426	2428	2
1931	2428	2430	2
1932	2430	2432	2
1933	2432	2434	2
1934	2434	2436	2
1935	2436	2438	2
1936	2438	2440	2
1937	2440	2442	2
1938	2442	2444	2
1939	2444	2446	2
1940	2446	2448	2
1941	2448	2450	2
1942	2450	2452	2
1943	2452	2454	2
1944	2454	2456	2
1945	2456	2458	2
1946	2458	2460	2
1947	2460	2462	2
1948	2462	2464	2
1949	2464	2466	2
1950	2466	2468	2
1951	2468	2470	2
1952	2470	2472	2
1953	2472	2474	2
1954	2474	2476	2
1955	2476	2478	2
1956	2478	2480	2
1957	2480	2482	2
1958	2482	2484	2
1959	2484	2486	2
1960	2486	2488	2
1961	2488	2490	2
1962	2490	2492	2
1963	2492	2494	2
1964	2494	2496	2
1965	2496	2498	2
1966	2498	2500	2
1967	2500	2502	2
1968	2502	2504	2
1969	2504	2506	2
1970	2506	2508	2
1971	2508	2510	2
1972	2510	2512	2
1973	2512	2514	2
1974	2514	2516	2
1975	2516	2518	2
1976	2518	2520	2
1977	2520	2522	2
1978	2522	2524	2
1979	2524	2526	2
1980	2526	2528	2
1981	2528	2530	2
1982	2530	2532	2
1983	2532	2534	2
1984	2534	2536	2
1985	2536	2538	2
1986	2538	2540	2
1987	2540	2542	2
1988	2542	2544	2
1989	2544	2546	2
1990	2546	2548	2
1991	2548	2550	2
1992	2550	2552	2
1993	2552	2554	2
1994	2554	2556	2
1995	2556	2558	2
1996	2558	2560	2
1997	2560	2562	2
1998	2562	2564	2
1999	2564	2566	2
2000	2566	2568	2
2001	2568	2570	2
2002	2570	2572	2
2003	2572	2574	2
2004	2574	2576	2
2005	2576	2578	2
2006	2578	2580	2
2007	2580	2582	2
2008	2582	2584	2
2009	2584	2586	2
2010	2586	2588	2
2011	2588	2590	2
2012	2590	2592	2
2013	2592	2594	2
2014	2594	2596	2
2015	2596	2598	2
2016	2598	2600	2
2017	2600	2602	2
2018	2602	2604	2
2019	2604	2606	2
2020	2606	2608	2
2021	2608	2610	2
2022	2610	2612	2
2023	2612	2614	2
2024	2614	2616	2
2025	2616	2618	2
2026	2618	2620	2
2027	2620	2622	2
2028	2622	2624	2
2029	2624	2626	2
2030	2626	2628	2
2031	2628	2630	2
2032	2630	2632	2
2033	2632	2634	2
2034	2634	2636	2
2035	2636	2638	2
2036	2638	2640	2
2037	2640	2642	2
2038	2642	2644	2
2039	2644	2646	2
2040	2646	2648	2
2041	2648	2650	2
2042	2650	2652	2
2043	2652	2654	2
2044	2654	2656	2
2045	2656	2658	2
2046	2658	2660	2
2047	2660	2662	2
2048	2662	2664	2
2049	2664	2666	2
2050	2666	2668	2
2051	2668	2670	2
2052	2670	2672	2
2053	2672	2674	2
2054	2674	2676	2
2055	2676	2678	2
2056	2678	2680	2
2057	2680	2682	2
2058	2682	2684	2
2059	2684	2686	2
2060	2686	2688	2
2061	2688	2690	2
2062	2690	2692	2
2063	2692	2694	2
2064	2694	2696	2
2065	2696	2698	2
2066	2698	2700	2
2067	2700	2702	2
2068	2702	2704	2
2069	2704	2706	2
2070	2706	2708	2
2071	2708	2710	2
2072	2710	2712	2
2073	2712	2714	2
2074	2714	2716	2
2075	2716	2718	2
2076	2718	2720	2
2077	2720	2722	2
2078	2722	2724	2
2079	2724	2726	2
2080	2726	2728	2
2081	2728	2730	2
2082	2730	2732	2
2083	2732	2734	2
2084	2734	2736	2
2085	2736	2738	2
2086	2738	2740	2
2087	2740	2742	2
2088	2742	2744	2
2089	2744	2746	2
2090	2746	2748	2
2091	2748	2750	2
2092	2750	2752	2
2093	2752	2754	2
2094	2754	2756	2
2095	2756	2758	2
2096	2758	2760	2
2097	2760	2762	2
2098	2762	2764	2
2099	2764	2766	2
2100	2766	2768	2
2101	2768	2770	2
2102	2770	2772	2
2103	2772	2774	2
2104	2774	2776	2
2105	2776	2778	2
2106	2778	2780	2
2107	2780	2782	2
2108	2782	2784	2
2109	2784	2786	2
2110	2786	2788	2
2111	2788	2790	2
2112	2790	2792	2
2113	2792	2794	2
2114	2794	2796	2
2115	2796	2798	2
2116	2798	2800	2
2117	2800	2802	2
2118	2802	2804	2
2119	2804	2806	2
2120	2806	2808	2
2121	2808	2810	2
2122	2810	2812	2
2123	2812	2814	2
2124	2814	2816	2
2125	2816	2818	2
2126	2818	2820	2
2127	2820	2822	2
2128	2822	2824	2
2129	2824	2826	2
2130	2826	2828	2
2131	2828	2830	2
2132	2830	2832	2
2133	2832	2834	2
2134	2834	2836	2
2135	2836	2838	2
2136	2838	2840	2
2137	2840	2842	2
2138	2842	2844	2
2139	2844	2846	2
2140	2846	2848	2
2141	2848	2850	2
2142	2850	2852	2
2143	2852	2854	2
2144	2854	2856	2
2145	2856	2858	2
2146	2858	2860	2
2147	2860	2862	2
2148	2862	2864	2
2149	2864	2866	2
2150	2866	2868	2
2151	2868	2870	2
2152	2870	2872	2
2153	2872	2874	2
2154	2874	2876	2
2155	2876	2878	2
2156	2878	2880	2
2157	2880	2882	2
2158	2882	2884	2
2159	2884	2886	2
2160	2886	2888	2
2161	2888	2890	2
2162	2890	2892	2
2163	2892	2894	2
2164	2894	2896	2
2165	2896	2898	2
2166	2898	2900	2
2167	2900	2902	2
2168	2902	2904	2
2169	2904	2906	2
2170	2906	2908	2
2171	2908	2910	2
2172	2910	2912	2
2173	2912	2914	2
2174	2914	2916	2
2175	2916	2918	2
2176	2918	2920	2
2177	2920	2922	2
2178	2922	2924	2
2179	2924	2926	2
2180	2926	2928	2
2181	2928	2930	2
2182	2930	2932	2
2183	2932	2934	2
2184	2934	2936	2
2185	2936	2938	2
2186	2938	2940	2
2187	2940	2942	2
2188	2942	2944	2
2189	2944	2946	2
2190	2946	2948	2
2191	2948	2950	2
2192	2950	2952	2
2193	2952	2954	2
2194	2954	2956	2
2195	2956	2958	2
2196	2958	2960	2
2197	2960	2962	2
2198	2962	2964	2
2199	2964	2966	2
2200	2966	2968	2
2201	2968	2970	2
2202	2970	2972	2
2203	2972	2974	2
2204	2974	2976	2
2205	2976	2978	2
2206	2978	2980	2
2207	2980	2982	2
2208	2982	2984	2
2209	2984	2986	2
2210	2986	2988	2
2211	2988	2990	2
2212	2990	2992	2
2213	2992	2994	2
2214	2994	2996	2
2215	2996	2998	2
2216	2998	3000	2
2217	3000	3002	2
2218	3002	3004	2
2219	3004	3006	2
2220	3006	3008	2
2221	3008	3010	2
2222	3010	3012	2
2223	3012	3014	2
2224	3014	3016	2
2225	3016	3018	2
2226	3018	3020	2
2227	3020	3022	2
2228	3022	3024	2
2229	3024	3026	2
2230	3026	3028	2
2231	3028	3030	2
2232	3030	3032	2
2233	3032	3034	2
2234	3034	3036	2
2235	3036	3038	2
2236	3038	3040	2
2237	3040	3042	2
2238	3042	3044	2
2239	3044	3046	2
2240	3046	3048	2
2241	3048	3050	2
2242	3050	3052	2
2243	3052	3054	2
2244	3054	3056	2
2245	3056	3058	2
2246	3058	3060	2
2247	3060	3062	2
2248	3062	3064	2
2249	3064	3066	2
2250	3066	3068	2
2251	3068	3070	2
2252	3070	3072	2
2253	3072	3074	2
2254	3074	3076	2
2255	3076	3078	2
2256	3078	3080	2
2257	3080	3082	2
2258	3082	3084	2
2259	3084	3086	2
2260	3086	3088	2
2261	3088	3090	2
2262	3090	3092	2
2263	3092	3094	2
2264	3094	3096	2
2265	3096	3098	2
2266	3098	3100	2
2267	3100	3102	2
2268	3102	3104	2
2269	3104	3106	2
2270	3106	3108	2
2271	3108	3110	2
2272	3110	3112	2
2273	3112	3114	2
2274	3114	3116	2
2275	3116	3118	2
2276	3118	3120	2
2277	3120	3122	2
2278	3122	3124	2
2279	3124	3126	2
2280	3126	3128	2
2281	3128	3130	2
2282	3130	3132	2
2283	3132	3134	2
2284	3134	3136	2
2285	3136	3138	2
2286	3138	3140	2
2287	3140	3142	2
2288	3142	3144	2
2289	3144	3146	2
2290	3146	3148	2
2291	3148	3150	2
2292	3150	3152	2
2293	3152	3154	2
2294	3154	3156	2
2295	3156	3158	2
2296	3158	3160	2
2297	3160	3162	2
2298	3162	3164	2
2299	3164	3166	2
2300	3166	3168	2
2301	3168	3170	2
2302	3170	3172	2
2303	3172	3174	2
2304	3174	3176	2
2305	3176	3178	2
2306	3178	3180	2
2307	3180	3182	2
2308	3182	3184	2
2309	3184	3186	2
2310	3186	3188	2
2311	3188	3190	2
2312	3190	3192	2
2313	3192	3194	2
2314	3194	3196	2
2315	3196	3198	2
2316	3198	3200	2
2317	3200	3202	2
2318	3202	3204	2
2319	3204	3206	2
2320	3206	3208	2
2321	3208	3210	2
2322	3210	3212	2
2323	3212	3214	2
2324	3214	3216	2
2325	3216	3218	2
2326	3218	3220	2
2327	3220	3222	2
2328	3222	3224	2
2329	3224	3226	2
2330	3226	3228	2
2331	3228	3230	2
2332	3230	3232	2
2333	3232	3234	2
2334	3234	3236	2
2335	3236	3238	2
2336	3238	3240	2
2337	3240	3242	2
2338	3242	3244	2
2339	3244	3246	2
2340	3246	3248	2
2341	3248	3250	2
2342	3250	3252	2
2343	3252	3254	2
2344	3254	3256	2
2345	3256	3258	2
2346	3258	3260	2
2347	3260	3262	2
2348	3262	3264	2
2349	3264	3266	2
2350	3266	3268	2
2351	3268	3270	2
2352	3270	3272	2
2353	3272	3274	2
2354	3274	3276	2
2355	3276	3278	2
2356	3278	3280	2
2357	3280	3282	2
2358	3282	3284	2
2359	3284	3286	2
2360	3286	3288	2
2361	3288	3290	2
2362	3290	3292	2
2363	3292	3294	2
2364	3294	3296	2
2365	3296	3298	2
2366	3298	3300	2
2367	3300	3302	2
2368	3302	3304	2
2369	3304	3306	2
2370	3306	3308	2
2371	3308	3310	2
2372	3310	3312	2
2373	3312	3314	2
2374	3314	3316	2
2375	3316	3318	2
2376	3318	3320	2
2377	3320	3322	2
2378	3322	3324	2
2379	3324	3326	2
2380	3326	3328	2
2381	3328	3330	2
2382	3330	3332	2
2383	3332	3334	2
2384	3334	3336	2
2385	3336	3338	2
2386	3338	3340	2
2387	3340	3342	2
2388	3342	3344	2
2389	3344	3346	2
2390	3346	3348	2
2391	3348	3350	2
2392	3350	3352	2
2393	3352	3354	2
2394	3354	3356	2
2395	3356	3358	2
2396	3358	3360	2
2397	3360	3362	2
2398	3362	3364	2
2399	3364	3366	2
2400	3366	3368	2
2401	3368	3370	2
2402	3370	3372	2
2403	3372	3374	2
2404	3374	3376	2
2405	3376	3378	2
2406	3378	3380	2
2407	3380	3382	2
2408	3382	3384	2
2409	3384	3386	2
2410	3386	3388	2
2411	3388	3390	2
2412	3390	3392	2
2413	3392	3394	2
2414	3394	3396	2
2415	3396	3398	2
2416	3398	3400	2
2417	3400	3402	2
2418	3402	3404	2
2419	3404	3406	2
2420	3406	3408	2
2421	3408	3410	2
2422	3410	3412	2
2423	3412	3414	2
2424	3414	3416	2
2425	3416	3418	2
2426	3418	3420	2
2427	3420	3422	2
2428	3422	3424	2
2429	3424	3426	2
2430	3426	3428	2
2431	3428	3430	2
2432	3430	3432	2
2433	3432	3434	2
2434	3434	3436	2
2435	3436	3438	2
2436	3438	3440	2
2437	3440	3442	2
2438	3442	3444	2
2439	3444	3446	2
2440	3446	3448	2
2441	3448	3450	2
2442	3450	3452	2
2443	3452	3454	2
2444	3454	3456	2
2445	3456	3458	2
2446	3458	3460	2
2447	3460	3462	2
2448	3462	3464	2
2449	3464	3466	2
2450	3466	3468	2
2451	3468	3470	2
2452	3470	3472	2
2453	3472	3474	2
2454	3474	3476	2
2455	3476	3478	2
2456	3478	3480	2
2457	3480	3482	2
2458	3482	3484	2
2459	3484	3486	2
2460	3486	3488	2
2461	3488	3490	2
2462	3490	3492	2
2463	3492	3494	2
2464	3494	3496	2
2465	3496	3498	2
2466	3498	3500	2
2467	3500	3502	2
2468	3502	3504	2
2469	3504	3506	2
2470	3506	3508	2
2471	3508	3510	2
2472	3510	3512	2
2473	3512	3514	2
2474	3514	3516	2
2475	3516	3518	2
2476	3518	3520	2
2477	3520	3522	2
2478	3522	3524	2
2479	3524	3526	2
2480	3526	3528	2
2481	3528	3530	2
2482	3530	3532	2
2483	3532	3534	2
2484	3534	3536	2
2485	3536	3538	2
2486	3538	3540	2
2487	3540	3542	2
2488	3542	3544	2
2489	3544	3546	2
2490	3546	3548	2
2491	3548	3550	2
2492	3550	3552	2
2493	3552	3554	2
2494	3554	3556	2
2495	3556	3558	2
2496	3558	3560	2
2497	3560	3562	2
2498	3562	3564	2
2499	3564	3566	2
2500	3566	3568	2
2501	3568	3570	2
2502	3570	3572	2
2503	3572	3574	2
2504	3574	3576	2
2505	3576	3578	2
2506	3578	3580	2
2507	3580	3582	2
2508	3582	3584	2
2509	3584	3586	2
2510	3586	3588	2
2511	3588	3590	2
2512	3590	3592	2
2513	3592	3594	2
2514	3594	3596	2
2515	3596	3598	2
2516	3598	3600	2
2517	3600	3602	2
2518	3602	3604	2
2519	3604	3606	2
2520	3606	3608	2
2521	3608	3610	2
2522	3610	3612	2
2523	3612	3614	2
2524	3614	3616	2
2525	3616	3618	2
2526	3618	3620	2
2527	3620	3622	2
2528	3622	3624	2
2529	3624	3626	2
2530	3626	3628	2
2531	3628	3630	2
2532	3630	3632	2
2533	3632	3634	2
2534	3634	3636	2
2535	3636	3638	2
2536	3638	3640	2
2537	3640	3642	2
2538	3642	3644	2
2539	3644	3646	2
2540	3646	3648	2
2541	3648	3650	2
2542	3650	3652	2
2543	3652	3654	2
2544	3654	3656	2
2545	3656	3658	2
2546	3658	3660	2
2547	3660	3662	2
2548	3662	3664	2
2549	3664	3666	2
2550	3666	3668	2
2551	3668	3670	2
2552	3670	3672	2
2553	3672	3674	2
2554	3674	3676	2
2555	3676	3678	2
2556	3678	3680	2
2557	3680	3682	2
2558	3682	3684	2
2559	3684	3686	2
2560	3686	3688	2
2561	3688	3690	2
2562	3690	3692	2
2563	3692	3694	2
2564	3694	3696	2
2565	3696	3698	2
2566	3698	3700	2
2567	3700	3702	2
2568	3702	3704	2
2569	3704	3706	2
2570	3706	3708	2
2571	3708	3710	2
2572	3710	3712	2
2573	3712	3714	2
2574	3714	3716	2
2575	3716	3718	2
2576	3718	3720	2
2577	3720	3722	2
2578	3722	3724	2
2579	3724	3726	2
2580	3726	3728	2
2581	3728	3730	2
2582	3730	3732	2
2583	3732	3734	2
2584	3734	3736	2
2585	3736	3738	2
2586	3738	3740	2
2587	3740	3742	2
2588	3742	3744	2
2589	3744	3746	2
2590	3746	3748	2
2591	3748	3750	2
2592	3750	3752	2
2593	3752	3754	2
2594	3754	3756	2
2595	3756	3758	2
2596	3758	3760	2
2597	3760	3762	2
2598	3762	3764	2
2599	3764	3766	2
2600	3766	3768	2
2601	3768	3770	2
2602	3770	3772	2
2603	3772	3774	2
2604	3774	3776	2
2605	3776	3778	2
2606	3778	3780	2
2607	3780	3782	2
2608	3782	3784	2
2609	3784	3786	2
2610	3786	3788	2
2611	3788	3790	2
2612	3790	3792	2
2613	3792	3794	2
2614	3794	3796	2
2615	3796	3798	2
2616	3798	3800	2
2617	3800	3802	2
2618	3802	3804	2
2619	3804	3806	2
2620	3806	3808	2
2621	3808	3811	3
2622	3811	3814	3
2623	3814	3817	3
2624	3817	3820	3
2625	3820	3823	3
2626	3823	3826	3
2627	3826	3829	3
2628	3829	3832	3
2629	3832	3835	3
2630	3835	3838	3
2631	3838	3841	3
2632	3841	3844	3
2633	3844	3847	3
2634	3847	3850	3
2635	3850	3853	3
2636	3853	3856	3
2637	3856	3859	3
2638	3859	3862	3
2639	3862	3865	3
2640	3865	3868	3
2641	3868	3871	3
2642	3871	3874	3
2643	3874	3877	3
2644	3877	3880	3
2645	3880	3883	3
2646	3883	3886	3
2647	3886	3889	3
2648	3889	3892	3
2649	3892	3895	3
2650	3895	3898	3
2651	3898	3901	3
2652	3901	3904	3
2653	3904	3907	3
2654	3907	3910	3
2655	3910	3913	3
2656	3913	3916	3
2657	3916	3919	3
2658	3919	3922	3
2659	3922	3925	3
2660	3925	3928	3
2661	3928	3931	3
2662	3931	3934	3
2663	3934	3937	3
2664	3937	3940	3
2665	3940	3943	3
2666	3943	3946	3
2667	3946	3949	3
2668	3949	3952	3
2669	3952	3955	3
2670	3955	3958	3
2671	3958	3961	3
2672	3961	3964	3
2673	3964	3967	3
2674	3967	3970	3
2675	3970	3973	3
2676	3973	3976	3
2677	3976	3979	3
2678	3979	3982	3
2679	3982	3985	3
2680	3985	3988	3
2681	3988	3991	3
2682	3991	3994	3
2683	3994	3997	3
2684	3997	4000	3
2685	4000	4003	3
2686	4003	4006	3
2687	4006	4009	3
2688	4009	4012	3
2689	4012	4015	3
2690	4015	4018	3
2691	4018	4021	3
2692	4021	4024	3
2693	4024	4027	3
2694	4027	4030	3
2695	4030	4033	3
2696	4033	4036	3
2697	4036	4039	3
2698	4039	4042	3
2699	4042	4045	3
2700	4045	4048	3
2701	4048	4051	3
2702	4051	4054	3
2703	4054	4057	3
2704	4057	4060	3
2705	4060	4063	3
2706	4063	4066	3
2707	4066	4069	3
2708	4069	4072	3
2709	4072	4075	3
2710	4075	4078	3
2711	4078	4081	3
2712	4081	4084	3
2713	4084	4087	3
2714	4087	4090	3
2715	4090	4093	3
2716	4093	4096	3
2717	4096	4099	3
2718	4099	4102	3
2719	4102	4105	3
2720	4105	4108	3
2721	4108	4111	3
2722	4111	4114	3
2723	4114	4117	3
2724	4117	4120	3
2725	4120	4123	3
2726	4123	4126	3
2727	4126	4129	3
2728	4129	4132	3
2729	4132	4135	3
2730	4135	4138	3
2731	4138	4141	3
2732	4141	4144	3
2733	4144	4147	3
2734	4147	4150	3
2735	4150	4153	3
2736	4153	4156	3
2737	4156	4159	3
2738	4159	4162	3
2739	4162	4165	3
2740	4165	4168	3
2741	4168	4171	3
2742	4171	4174	3
2743	4174	4177	3
2744	4177	4180	3
2745	4180	4183	3
2746	4183	4186	3
2747	4186	4189	3
2748	4189	4192	3
2749	4192	4195	3
2750	4195	4198	3
2751	4198	4201	3
2752	4201	4204	3
2753	4204	4207	3
2754	4207	4210	3
2755	4210	4213	3
2756	4213	4216	3
2757	4216	4219	3
2758	4219	4222	3
2759	4222	4225	3
2760	4225	4228	3
2761	4228	4231	3
2762	4231	4234	3
2763	4234	4237	3
2764	4237	4240	3
2765	4240	4243	3
2766	4243	4246	3
2767	4246	4249	3
2768	4249	4252	3
2769	4252	4255	3
2770	4255	4258	3
2771	4258	4261	3
2772	4261	4264	3
2773	4264	4267	3
2774	4267	4270	3
2775	4270	4273	3
2776	4273	4276	3
2777	4276	4279	3
2778	4279	4282	3
2779	4282	4285	3
2780	4285	4288	3
2781	4288	4291	3
2782	4291	4294	3
2783	4294	4297	3
2784	4297	4300	3
2785	4300	4303	3
2786	4303	4306	3
2787	4306	4309	3
2788	4309	4312	3
2789	4312	4315	3
2790	4315	4318	3
2791	4318	4321	3
2792	4321	4324	3
2793	4324	4327	3
2794	4327	4330	3
2795	4330	4333	3
2796	4333	4336	3
2797	4336	4339	3
2798	4339	4342	3
2799	4342	4345	3
2800	4345	4348	3
2801	4348	4351	3
2802	4351	4354	3
2803	4354	4357	3
2804	4357	4360	3
2805	4360	4363	3
2806	4363	4366	3
2807	4366	4369	3
2808	4369	4372	3
2809	4372	4375	3
2810	4375	4378	3
2811	4378	4381	3
2812	4381	4384	3
2813	4384	4387	3
2814	4387	4390	3
2815	4390	4393	3
2816	4393	4396	3
2817	4396	4399	3
2818	4399	4402	3
2819	4402	4405	3
2820	4405	4408	3
2821	4408	4411	3
2822	4411	4414	3
2823	4414	4417	3
2824	4417	4420	3
2825	4420	4423	3
2826	4423	4426	3
2827	4426	4429	3
2828	4429	4432	3
2829	4432	4435	3
2830	4435	4438	3
2831	4438	4441	3
2832	4441	4444	3
2833	4444	4447	3
2834	4447	4450	3
2835	4450	4453	3
2836	4453	4456	3
2837	4456	4459	3
2838	4459	4462	3
2839	4462	4465	3
2840	4465	4468	3
2841	4468	4471	3
2842	4471	4474	3
2843	4474	4477	3
2844	4477	4480	3
2845	4480	4483	3
2846	4483	4486	3
2847	4486	4489	3
2848	4489	4492	3
2849	4492	4495	3
2850	4495	4498	3
2851	4498	4501	3
2852	4501	4504	3
2853	4504	4507	3
2854	4507	4510	3
2855	4510	4513	3
2856	4513	4516	3
2857	4516	4519	3
2858	4519	4522	3
2859	4522	4525	3
2860	4525	4528	3
2861	4528	4531	3
2862	4531	4534	3
2863	4534	4537	3
2864	4537	4540	3
2865	4540	4543	3
2866	4543	4546	3
2867	4546	4549	3
2868	4549	4552	3
2869	4552	4555	3
2870	4555	4558	3
2871	4558	4561	3
2872	4561	4564	3
2873	4564	4567	3
2874	4567	4570	3
2875	4570	4573	3
2876	4573	4576	3
2877	4576	4579	3
2878	4579	4582	3
2879	4582	4585	3
2880	4585	4588	3
2881	4588	4591	3
2882	4591	4594	3
2883	4594	4597	3
2884	4597	4600	3
2885	4600	4603	3
2886	4603	4606	3
2887	4606	4609	3
2888	4609	4612	3
2889	4612	4615	3
2890	4615	4618	3
2891	4618	4621	3
2892	4621	4624	3
2893	4624	4627	3
2894	4627	4630	3
2895	4630	4633	3
2896	4633	4636	3
2897	4636	4639	3
2898	4639	4642	3
2899	4642	4645	3
2900	4645	4648	3
2901	4648	4651	3
2902	4651	4654	3
2903	4654	4657	3
2904	4657	4660	3
2905	4660	4663	3
2906	4663	4666	3
2907	4666	4669	3
2908	4669	4672	3
2909	4672	4675	3
2910	4675	4678	3
2911	4678	4681	3
2912	4681	4684	3
2913	4684	4687	3
2914	4687	4690	3
2915	4690	4693	3
2916	4693	4696	3
2917	4696	4699	3
2918	4699	4702	3
2919	4702	4705	3
2920	4705	4708	3
2921	4708	4711	3
2922	4711	4714	3
2923	4714	4717	3
2924	4717	4720	3
2925	4720	4723	3
2926	4723	4726	3
2927	4726	4729	3
2928	4729	4732	3
2929	4732	4735	3
2930	4735	4738	3
2931	4738	4741	3
2932	4741	4744	3
2933	4744	4747	3
2934	4747	4750	3
2935	4750	4754	4
2936	4754	4758	4
2937	4758	4762	4
2938	4762	4766	4
2939	4766	4770	4
2940	4770	4774	4
2941	4774	4778	4
2942	4778	4782	4
2943	4782	4786	4
2944	4786	4790	4
2945	4790	4794	4
2946	4794	4798	4
2947	4798	4802	4
2948	4802	4806	4
2949	4806	4810	4
2950	4810	4814	4
2951	4814	4818	4
2952	4818	4822	4
2953	4822	4826	4
2954	4826	4830	4
2955	4830	4834	4
2956	4834	4838	4
2957	4838	4842	4
2958	4842	4846	4
2959	4846	4850	4
2960	4850	4854	4
2961	4854	4858	4
2962	4858	4862	4
2963	4862	4866	4
2964	4866	4870	4
2965	4870	4874	4
2966	4874	4878	4
2967	4878	4882	4
2968	4882	4886	4
2969	4886	4890	4
2970	4890	4894	4
2971	4894	4898	4
2972	4898	4902	4
2973	4902	4906	4
2974	4906	4910	4
2975	4910	4914	4
2976	4914	4918	4
2977	4918	4922	4
2978	4922	4926	4
2979	4926	4930	4
2980	4930	4934	4
2981	4934	4938	4
2982	4938	4942	4
2983	4942	4946	4
2984	4946	4950	4
2985	4950	4954	4
2986	4954	4958	4
2987	4958	4962	4
2988	4962	4966	4
2989	4966	4970	4
2990	4970	4974	4
2991	4974	4978	4
2992	4978	4982	4
2993	4982	4986	4
2994	4986	4990	4
2995	4990	4994	4
2996	4994	4998	4
2997	4998	5002	4
2998	5002	5006	4
2999	5006	5010	4
3000	5010	5014	4
3001	5014	5018	4
3002	5018	5022	4
3003	5022	5026	4
3004	5026	5030	4
3005	5030	5034	4
3006	5034	5038	4
3007	5038	5042	4
3008	5042	5046	4
3009	5046	5050	4
3010	5050	5054	4
3011	5054	5058	4
3012	5058	5062	4
3013	5062	5066	4
3014	5066	5070	4
3015	5070	5074	4
3016	5074	5078	4
3017	5078	5082	4
3018	5082	5086	4
3019	5086	5090	4
3020	5090	5094	4
3021	5094	5098	4
3022	5098	5102	4
3023	5102	5106	4
3024	5106	5110	4
3025	5110	5114	4
3026	5114	5118	4
3027	5118	5122	4
3028	5122	5126	4
3029	5126	5130	4
3030	5130	5134	4
3031	5134	5138	4
3032	5138	5142	4
3033	5142	5146	4
3034	5146	5150	4
3035	5150	5154	4
3036	5154	5158	4
3037	5158	5162	4
3038	5162	5166	4
3039	5166	5170	4
3040	5170	5174	4
3041	5174	5178	4
3042	5178	5182	4
3043	5182	5186	4
3044	5186	5190	4
3045	5190	5194	4
3046	5194	5198	4
3047	5198	5202	4
3048	5202	5206	4
3049	5206	5210	4
3050	5210	5214	4
3051	5214	5218	4
3052	5218	5222	4
3053	5222	5226	4
3054	5226	5230	4
3055	5230	5234	4
3056	5234	5238	4
3057	5238	5242	4
3058	5242	5246	4
3059	5246	5250	4
3060	5250	5254	4
3061	5254	5258	4
3062	5258	5262	4
3063	5262	5266	4
3064	5266	5270	4
3065	5270	5274	4
3066	5274	5278	4
3067	5278	5282	4
3068	5282	5286	4
3069	5286	5290	4
3070	5290	5294	4
3071	5294	5298	4
3072	5298	5302	4
3073	5302	5306	4
3074	5306	5310	4
3075	5310	5314	4
3076	5314	5318	4
3077	5318	5322	4
3078	5322	5326	4
3079	5326	5330	4
3080	5330	5334	4
3081	5334	5338	4
3082	5338	5342	4
3083	5342	5346	4
3084	5346	5350	4
3085	5350	5354	4
3086	5354	5358	4
3087	5358	5362	4
3088	5362	5366	4
3089	5366	5370	4
3090	5370	5374	4
3091	5374	5378	4
3092	5378	5382	4
3093	5382	5386	4
3094	5386	5390	4
3095	5390	5394	4
3096	5394	5398	4
3097	5398	5402	4
3098	5402	5406	4
3099	5406	5410	4
3100	5410	5414	4
3101	5414	5418	4
3102	5418	5422	4
3103	5422	5426	4
3104	5426	5430	4
3105	5430	5434	4
3106	5434	5438	4
3107	5438	5442	4
3108	5442	5446	4
3109	5446	5450	4
3110	5450	5454	4
3111	5454	5458	4
3112	5458	5462	4
3113	5462	5466	4
3114	5466	5470	4
3115	5470	5474	4
3116	5474	5478	4
3117	5478	5482	4
3118	5482	5486	4
3119	5486	5490	4
3120	5490	5494	4
3121	5494	5498	4
3122	5498	5502	4
3123	5502	5506	4
3124	5506	5510	4
3125	5510	5514	4
3126	5514	5518	4
3127	5518	5522	4
3128	5522	5526	4
3129	5526	5530	4
3130	5530	5534	4
3131	5534	5538	4
3132	5538	5542	4
3133	5542	5546	4
3134	5546	5550	4
3135	5550	5555	5
3136	5555	5560	5
3137	5560	5565	5
3138	5565	5570	5
3139	5570	5575	5
3140	5575	5580	5
3141	5580	5585	5
3142	5585	5590	5
3143	5590	5595	5
3144	5595	5600	5
3145	5600	5605	5
3146	5605	5610	5
3147	5610	5615	5
3148	5615	5620	5
3149	5620	5625	5
3150	5625	5630	5
3151	5630	5635	5
3152	5635	5640	5
3153	5640	5645	5
3154	5645	5650	5
3155	5650	5655	5
3156	5655	5660	5
3157	5660	5665	5
3158	5665	5670	5
3159	5670	5675	5
3160	5675	5680	5
3161	5680	5685	5
3162	5685	5690	5
3163	5690	5695	5
3164	5695	5700	5
3165	5700	5705	5
3166	5705	5710	5
3167	5710	5715	5
3168	5715	5720	5
3169	5720	5725	5
3170	5725	5730	5
3171	5730	5735	5
3172	5735	5740	5
3173	5740	5745	5
3174	5745	5750	5
3175	5750	5755	5
3176	5755	5760	5
3177	5760	5765	5
3178	5765	5770	5
3179	5770	5775	5
3180	5775	5780	5
3181	5780	5785	5
3182	5785	5790	5
3183	5790	5795	5
3184	5795	5800	5
3185	5800	5805	5
3186	5805	5810	5
3187	5810	5815	5
3188	5815	5820	5
3189	5820	5825	5
3190	5825	5830	5
3191	5830	5835	5
3192	5835	5840	5
3193	5840	5845	5
3194	5845	5850	5
3195	5850	5855	5
3196	5855	5860	5
3197	5860	5865	5
3198	5865	5870	5
3199	5870	5875	5
3200	5875	5880	5
3201	5880	5885	5
3202	5885	5890	5
3203	5890	5895	5
3204	5895	5900	5
3205	5900	5905	5
3206	5905	5910	5
3207	5910	5915	5
3208	5915	5920	5
3209	5920	5925	5
3210	5925	5930	5
3211	5930	5935	5
3212	5935	5940	5
3213	5940	5945	5
3214	5945	5950	5
3215	5950	5955	5
3216	5955	5960	5
3217	5960	5965	5
3218	5965	5970	5
3219	5970	5975	5
3220	5975	5980	5
3221	5980	5985	5
3222	5985	5990	5
3223	5990	5995	5
3224	5995	6000	5
3225	6000	6005	5
3226	6005	6010	5
3227	6010	6015	5
3228	6015	6020	5
3229	6020	6025	5
3230	6025	6030	5
3231	6030	6035	5
3232	6035	6040	5
3233	6040	6045	5
3234	6045	6050	5
3235	6050	6055	5
3236	6055	6060	5
3237	6060	6065	5
3238	6065	6070	5
3239	6070	6075	5
3240	6075	6080	5
3241	6080	6085	5
3242	6085	6090	5
3243	6090	6095	5
3244	6095	6100	5
3245	6100	6105	5
3246	6105	6110	5
3247	6110	6115	5
3248	6115	6120	5
3249	6120	6125	5
3250	6125	6130	5
3251	6130	6135	5
3252	6135	6140	5
3253	6140	6145	5
3254	6145	6150	5
3255	6150	6155	5
3256	6155	6160	5
3257	6160	6165	5
3258	6165	6170	5
3259	6170	6175	5
3260	6175	6180	5
3261	6180	6186	6
3262	6186	6192	6
3263	6192	6198	6
3264	6198	6204	6
3265	6204	6210	6
3266	6210	6216	6
3267	6216	6222	6
3268	6222	6228	6
3269	6228	6234	6
3270	6234	6240	6
3271	6240	6246	6
3272	6246	6252	6
3273	6252	6258	6
3274	6258	6264	6
3275	6264	6270	6
3276	6270	6276	6
3277	6276	6282	6
3278	6282	6288	6
3279	6288	6294	6
3280	6294	6300	6
3281	6300	6306	6
3282	6306	6312	6
3283	6312	6318	6
3284	6318	6324	6
3285	6324	6330	6
3286	6330	6336	6
3287	6336	6342	6
3288	6342	6348	6
3289	6348	6354	6
3290	6354	6360	6
3291	6360	6366	6
3292	6366	6372	6
3293	6372	6378	6
3294	6378	6384	6
3295	6384	6390	6
3296	6390	6396	6
3297	6396	6402	6
3298	6402	6408	6
3299	6408	6414	6
3300	6414	6420	6
3301	6420	6426	6
3302	6426	6432	6
3303	6432	6438	6
3304	6438	6444	6
3305	6444	6450	6
3306	6450	6456	6
3307	6456	6462	6
3308	6462	6468	6
3309	6468	6474	6
3310	6474	6480	6
3311	6480	6486	6
3312	6486	6492	6
3313	6492	6498	6
3314	6498	6504	6
3315	6504	6510	6
3316	6510	6516	6
3317	6516	6522	6
3318	6522	6528	6
3319	6528	6534	6
3320	6534	6540	6
3321	6540	6546	6
3322	6546	6552	6
3323	6552	6558	6
3324	6558	6564	6
3325	6564	6570	6
3326	6570	6576	6
3327	6576	6582	6
3328	6582	6588	6
3329	6588	6594	6
3330	6594	6600	6
3331	6600	6606	6
3332	6606	6612	6
3333	6612	6618	6
3334	6618	6624	6
3335	6624	6630	6
3336	6630	6636	6
3337	6636	6642	6
3338	6642	6648	6
3339	6648	6654	6
3340	6654	6660	6
3341	6660	6666	6
3342	6666	6672	6
3343	6672	6678	6
3344	6678	6684	6
3345	6684	6690	6
3346	6690	6696	6
3347	6696	6702	6
3348	6702	6708	6
3349	6708	6714	6
3350	6714	6720	6
3351	6720	6726	6
3352	6726	6732	6
3353	6732	6738	6
3354	6738	6744	6
3355	6744	6750	6
3356	6750	6756	6
3357	6756	6762	6
3358	6762	6768	6
3359	6768	6774	6
3360	6774	6780	6
3361	6780	6786	6
3362	6786	6792	6
3363	6792	6798	6
3364	6798	6804	6
3365	6804	6810	6
3366	6810	6816	6
3367	6816	6822	6
3368	6822	6828	6
3369	6828	6834	6
3370	6834	6841	7
3371	6841	6848	7
3372	6848	6855	7
3373	6855	6862	7
3374	6862	6869	7
3375	6869	6876	7
3376	6876	6883	7
3377	6883	6890	7
3378	6890	6897	7
3379	6897	6904	7
3380	6904	6911	7
3381	6911	6918	7
3382	6918	6925	7
3383	6925	6932	7
3384	6932	6939	7
3385	6939	6946	7
3386	6946	6953	7
3387	6953	6960	7
3388	6960	6967	7
3389	6967	6974	7
3390	6974	6981	7
3391	6981	6988	7
3392	6988	6995	7
3393	6995	7002	7
3394	7002	7009	7
3395	7009	7016	7
3396	7016	7023	7
3397	7023	7030	7
3398	7030	7037	7
3399	7037	7044	7
3400	7044	7051	7
3401	7051	7058	7
3402	7058	7065	7
3403	7065	7072	7
3404	7072	7079	7
3405	7079	7086	7
3406	7086	7093	7
3407	7093	7100	7
3408	7100	7107	7
3409	7107	7114	7
3410	7114	7121	7
3411	7121	7128	7
3412	7128	7135	7
3413	7135	7142	7
3414	7142	7149	7
3415	7149	7156	7
3416	7156	7163	7
3417	7163	7170	7
3418	7170	7177	7
3419	7177	7184	7
3420	7184	7191	7
3421	7191	7198	7
3422	7198	7205	7
3423	7205	7212	7
3424	7212	7219	7
3425	7219	7226	7
3426	7226	7233	7
3427	7233	7240	7
3428	7240	7247	7
3429	7247	7254	7
3430	7254	7261	7
3431	7261	7268	7
3432	7268	7275	7
3433	7275	7282	7
3434	7282	7289	7
3435	7289	7296	7
3436	7296	7303	7
3437	7303	7310	7
3438	7310	7317	7
3439	7317	7324	7
3440	7324	7331	7
3441	7331	7338	7
3442	7338	7345	7
3443	7345	7352	7
3444	7352	7359	7
3445	7359	7366	7
3446	7366	7373	7
3447	7373	7380	7
3448	7380	7387	7
3449	7387	7394	7
3450	7394	7401	7
3451	7401	7409	8
3452	7409	7417	8
3453	7417	7425	8
3454	7425	7433	8
3455	7433	7441	8
3456	7441	7449	8
3457	7449	7457	8
3458	7457	7465	8
3459	7465	7473	8
3460	7473	7481	8
3461	7481	7489	8
3462	7489	7497	8
3463	7497	7505	8
3464	7505	7513	8
3465	7513	7521	8
3466	7521	7529	8
3467	7529	7537	8
3468	7537	7545	8
3469	7545	7553	8
3470	7553	7561	8
3471	7561	7569	8
3472	7569	7577	8
3473	7577	7585	8
3474	7585	7593	8
3475	7593	7601	8
3476	7601	7609	8
3477	7609	7617	8
3478	7617	7625	8
3479	7625	7633	8
3480	7633	7641	8
3481	7641	7649	8
3482	7649	7657	8
3483	7657	7665	8
3484	7665	7673	8
3485	7673	7681	8
3486	7681	7689	8
3487	7689	7697	8
3488	7697	7705	8
3489	7705	7713	8
3490	7713	7721	8
3491	7721	7729	8
3492	7729	7737	8
3493	7737	7745	8
3494	7745	7753	8
3495	7753	7761	8
3496	7761	7769	8
3497	7769	7777	8
3498	7777	7785	8
3499	7785	7793	8
3500	7793	7801	8
3501	7801	7809	8
3502	7809	7817	8
3503	7817	7825	8
3504	7825	7833	8
3505	7833	7841	8
3506	7841	7850	9
3507	7850	7859	9
3508	7859	7868	9
3509	7868	7877	9
3510	7877	7886	9
3511	7886	7895	9
3512	7895	7904	9
3513	7904	7913	9
3514	7913	7922	9
3515	7922	7931	9
3516	7931	7940	9
3517	7940	7949	9
3518	7949	7958	9
3519	7958	7967	9
3520	7967	7976	9
3521	7976	7985	9
3522	7985	7994	9
3523	7994	8003	9
3524	8003	8012	9
3525	8012	8021	9
3526	8021	8030	9
3527	8030	8039	9
3528	8039	8048	9
3529	8048	8057	9
3530	8057	8066	9
3531	8066	8075	9
3532	8075	8084	9
3533	8084	8093	9
3534	8093	8102	9
3535	8102	8111	9
3536	8111	8120	9
3537	8120	8129	9
3538	8129	8138	9
3539	8138	8147	9
3540	8147	8156	9
3541	8156	8165	9
3542	8165	8174	9
3543	8174	8183	9
3544	8183	8192	9
3545	8192	8201	9
3546	8201	8210	9
3547	8210	8219	9
3548	8219	8228	9
3549	8228	8237	9
3550	8237	8246	9
3551	8246	8255	9
3552	8255	8264	9
3553	8264	8273	9
3554	8273	8282	9
3555	8282	8291	9
3556	8291	8300	9
3557	8300	8309	9
3558	8309	8318	9
3559	8318	8327	9
3560	8327	8336	9
3561	8336	8345	9
3562	8345	8354	9
3563	8354	8363	9
3564	8363	8372	9
3565	8372	8382	10
3566	8382	8392	10
3567	8392	8402	10
3568	8402	8412	10
3569	8412	8422	10
3570	8422	8432	10
3571	8432	8442	10
3572	8442	8452	10
3573	8452	8462	10
3574	8462	8472	10
3575	8472	8482	10
3576	8482	8492	10
3577	8492	8502	10
3578	8502	8512	10
3579	8512	8522	10
3580	8522	8532	10
3581	8532	8542	10
3582	8542	8552	10
3583	8552	8562	10
3584	8562	8572	10
3585	8572	8582	10
3586	8582	8592	10
3587	8592	8602	10
3588	8602	8612	10
3589	8612	8622	10
3590	8622	8632	10
3591	8632	8642	10
3592	8642	8652	10
3593	8652	8662	10
3594	8662	8672	10
3595	8672	8682	10
3596	8682	8692	10
3597	8692	8702	10
3598	8702	8712	10
3599	8712	8722	10
3600	8722	8732	10
3601	8732	8742	10
3602	8742	8752	10
3603	8752	8762	10
3604	8762	8772	10
3605	8772	8782	10
3606	8782	8792	10
3607	8792	8802	10
3608	8802	8812	10
3609	8812	8822	10
3610	8822	8832	10
3611	8832	8842	10
3612	8842	8852	10
3613	8852	8862	10
3614	8862	8873	11
3615	8873	8884	11
3616	8884	8895	11
3617	8895	8906	11
3618	8906	8917	11
3619	8917	8928	11
3620	8928	8939	11
3621	8939	8950	11
3622	8950	8961	11
3623	8961	8972	11
3624	8972	8983	11
3625	8983	8994	11
3626	8994	9005	11
3627	9005	9016	11
3628	9016	9027	11
3629	9027	9038	11
3630	9038	9049	11
3631	9049	9060	11
3632	9060	9071	11
3633	9071	9082	11
3634	9082	9093	11
3635	9093	9104	11
3636	9104	9115	11
3637	9115	9126	11
3638	9126	9137	11
3639	9137	9148	11
3640	9148	9159	11
3641	9159	9170	11
3642	9170	9181	11
3643	9181	9192	11
3644	9192	9203	11
3645	9203	9214	11
3646	9214	9225	11
3647	9225	9236	11
3648	9236	9247	11
3649	9247	9258	11
3650	9258	9269	11
3651	9269	9280	11
3652	9280	9292	12
3653	9292	9304	12
3654	9304	9316	12
3655	9316	9328	12
3656	9328	9340	12
3657	9340	9352	12
3658	9352	9364	12
3659	9364	9376	12
3660	9376	9388	12
3661	9388	9400	12
3662	9400	9412	12
3663	9412	9424	12
3664	9424	9436	12
3665	9436	9448	12
3666	9448	9460	12
3667	9460	9472	12
3668	9472	9484	12
3669	9484	9496	12
3670	9496	9508	12
3671	9508	9520	12
3672	9520	9532	12
3673	9532	9544	12
3674	9544	9556	12
3675	9556	9568	12
3676	9568	9580	12
3677	9580	9592	12
3678	9592	9604	12
3679	9604	9616	12
3680	9616	9628	12
3681	9628	9640	12
3682	9640	9653	13
3683	9653	9666	13
3684	9666	9679	13
3685	9679	9692	13
3686	9692	9705	13
3687	9705	9718	13
3688	9718	9731	13
3689	9731	9744	13
3690	9744	9757	13
3691	9757	9770	13
3692	9770	9783	13
3693	9783	9796	13
3694	9796	9809	13
3695	9809	9822	13
3696	9822	9835	13
3697	9835	9848	13
3698	9848	9861	13
3699	9861	9874	13
3700	9874	9887	13
3701	9887	9900	13
3702	9900	9913	13
3703	9913	9926	13
3704	9926	9939	13
3705	9939	9952	13
3706	9952	9966	14
3707	9966	9980	14
3708	9980	9994	14
3709	9994	10008	14
3710	10008	10022	14
3711	10022	10036	14
3712	10036	10050	14
3713	10050	10064	14
3714	10064	10078	14
3715	10078	10092	14
3716	10092	10106	14
3717	10106	10120	14
3718	10120	10134	14
3719	10134	10148	14
3720	10148	10162	14
3721	10162	10176	14
3722	10176	10190	14
3723	10190	10204	14
