#
#N Pointing	tstart	tend	Obs time
#		s
1	210	211	1
2	211	212	1
3	212	213	1
4	213	214	1
5	214	215	1
6	215	216	1
7	216	217	1
8	217	218	1
9	218	219	1
10	219	220	1
11	220	221	1
12	221	222	1
13	222	223	1
14	223	224	1
15	224	225	1
16	225	226	1
17	226	227	1
18	227	228	1
19	228	229	1
20	229	230	1
21	230	231	1
22	231	232	1
23	232	233	1
24	233	234	1
25	234	235	1
26	235	236	1
27	236	237	1
28	237	238	1
29	238	239	1
30	239	240	1
31	240	241	1
32	241	242	1
33	242	243	1
34	243	244	1
35	244	245	1
36	245	246	1
37	246	247	1
38	247	248	1
39	248	249	1
40	249	250	1
41	250	251	1
42	251	252	1
43	252	253	1
44	253	254	1
45	254	255	1
46	255	256	1
47	256	257	1
48	257	258	1
49	258	259	1
50	259	260	1
51	260	261	1
52	261	262	1
53	262	263	1
54	263	264	1
55	264	265	1
56	265	266	1
57	266	267	1
58	267	268	1
59	268	269	1
60	269	270	1
61	270	271	1
62	271	272	1
63	272	273	1
64	273	274	1
65	274	275	1
66	275	276	1
67	276	277	1
68	277	278	1
69	278	279	1
70	279	280	1
71	280	281	1
72	281	282	1
73	282	283	1
74	283	284	1
75	284	285	1
76	285	286	1
77	286	287	1
78	287	288	1
79	288	289	1
80	289	290	1
81	290	291	1
82	291	292	1
83	292	293	1
84	293	294	1
85	294	295	1
86	295	296	1
87	296	297	1
88	297	298	1
89	298	299	1
90	299	300	1
91	300	301	1
92	301	302	1
93	302	303	1
94	303	304	1
95	304	305	1
96	305	306	1
97	306	307	1
98	307	308	1
99	308	309	1
100	309	310	1
101	310	311	1
102	311	312	1
103	312	313	1
104	313	314	1
105	314	315	1
106	315	316	1
107	316	317	1
108	317	318	1
109	318	319	1
110	319	320	1
111	320	321	1
112	321	322	1
113	322	323	1
114	323	324	1
115	324	325	1
116	325	326	1
117	326	327	1
118	327	328	1
119	328	329	1
120	329	330	1
121	330	331	1
122	331	332	1
123	332	333	1
124	333	334	1
125	334	335	1
126	335	336	1
127	336	337	1
128	337	338	1
129	338	339	1
130	339	340	1
131	340	341	1
132	341	342	1
133	342	343	1
134	343	344	1
135	344	345	1
136	345	346	1
137	346	347	1
138	347	348	1
139	348	349	1
140	349	350	1
141	350	351	1
142	351	352	1
143	352	353	1
144	353	354	1
145	354	355	1
146	355	356	1
147	356	357	1
148	357	358	1
149	358	359	1
150	359	360	1
151	360	361	1
152	361	362	1
153	362	363	1
154	363	364	1
155	364	365	1
156	365	366	1
157	366	367	1
158	367	368	1
159	368	369	1
160	369	370	1
161	370	371	1
162	371	372	1
163	372	373	1
164	373	374	1
165	374	375	1
166	375	376	1
167	376	377	1
168	377	378	1
169	378	379	1
170	379	380	1
171	380	381	1
172	381	382	1
173	382	383	1
174	383	384	1
175	384	385	1
176	385	386	1
177	386	387	1
178	387	388	1
179	388	389	1
180	389	390	1
181	390	391	1
182	391	392	1
183	392	393	1
184	393	394	1
185	394	395	1
186	395	396	1
187	396	397	1
188	397	398	1
189	398	399	1
190	399	400	1
191	400	401	1
192	401	402	1
193	402	403	1
194	403	404	1
195	404	405	1
196	405	406	1
197	406	407	1
198	407	408	1
199	408	409	1
200	409	410	1
201	410	411	1
202	411	412	1
203	412	413	1
204	413	414	1
205	414	415	1
206	415	416	1
207	416	417	1
208	417	418	1
209	418	419	1
210	419	420	1
211	420	421	1
212	421	422	1
213	422	423	1
214	423	424	1
215	424	425	1
216	425	426	1
217	426	427	1
218	427	428	1
219	428	429	1
220	429	430	1
221	430	431	1
222	431	432	1
223	432	433	1
224	433	434	1
225	434	435	1
226	435	436	1
227	436	437	1
228	437	438	1
229	438	439	1
230	439	440	1
231	440	441	1
232	441	442	1
233	442	443	1
234	443	444	1
235	444	445	1
236	445	446	1
237	446	447	1
238	447	448	1
239	448	449	1
240	449	450	1
241	450	451	1
242	451	452	1
243	452	453	1
244	453	454	1
245	454	455	1
246	455	456	1
247	456	457	1
248	457	458	1
249	458	459	1
250	459	460	1
251	460	461	1
252	461	462	1
253	462	463	1
254	463	464	1
255	464	465	1
256	465	466	1
257	466	467	1
258	467	468	1
259	468	469	1
260	469	470	1
261	470	471	1
262	471	472	1
263	472	473	1
264	473	474	1
265	474	475	1
266	475	476	1
267	476	477	1
268	477	478	1
269	478	479	1
270	479	480	1
271	480	481	1
272	481	482	1
273	482	483	1
274	483	484	1
275	484	485	1
276	485	486	1
277	486	487	1
278	487	488	1
279	488	489	1
280	489	490	1
281	490	491	1
282	491	492	1
283	492	493	1
284	493	494	1
285	494	495	1
286	495	496	1
287	496	497	1
288	497	498	1
289	498	499	1
290	499	500	1
291	500	501	1
292	501	502	1
293	502	503	1
294	503	504	1
295	504	505	1
296	505	506	1
297	506	507	1
298	507	508	1
299	508	509	1
300	509	510	1
301	510	511	1
302	511	512	1
303	512	513	1
304	513	514	1
305	514	515	1
306	515	516	1
307	516	517	1
308	517	518	1
309	518	519	1
310	519	520	1
311	520	521	1
312	521	522	1
313	522	523	1
314	523	524	1
315	524	525	1
316	525	526	1
317	526	527	1
318	527	528	1
319	528	529	1
320	529	530	1
321	530	531	1
322	531	532	1
323	532	533	1
324	533	534	1
325	534	535	1
326	535	536	1
327	536	537	1
328	537	538	1
329	538	539	1
330	539	540	1
331	540	541	1
332	541	542	1
333	542	543	1
334	543	544	1
335	544	545	1
336	545	546	1
337	546	547	1
338	547	548	1
339	548	549	1
340	549	550	1
341	550	551	1
342	551	552	1
343	552	553	1
344	553	554	1
345	554	555	1
346	555	556	1
347	556	557	1
348	557	558	1
349	558	559	1
350	559	560	1
351	560	561	1
352	561	562	1
353	562	563	1
354	563	564	1
355	564	565	1
356	565	566	1
357	566	567	1
358	567	568	1
359	568	569	1
360	569	570	1
361	570	571	1
362	571	572	1
363	572	573	1
364	573	574	1
365	574	575	1
366	575	576	1
367	576	577	1
368	577	578	1
369	578	579	1
370	579	580	1
371	580	581	1
372	581	582	1
373	582	583	1
374	583	584	1
375	584	585	1
376	585	586	1
377	586	587	1
378	587	588	1
379	588	589	1
380	589	590	1
381	590	591	1
382	591	592	1
383	592	593	1
384	593	594	1
385	594	595	1
386	595	596	1
387	596	597	1
388	597	598	1
389	598	599	1
390	599	600	1
391	600	601	1
392	601	602	1
393	602	603	1
394	603	604	1
395	604	605	1
396	605	606	1
397	606	607	1
398	607	608	1
399	608	609	1
400	609	610	1
401	610	611	1
402	611	612	1
403	612	613	1
404	613	614	1
405	614	615	1
406	615	616	1
407	616	617	1
408	617	618	1
409	618	619	1
410	619	620	1
411	620	621	1
412	621	622	1
413	622	623	1
414	623	624	1
415	624	625	1
416	625	626	1
417	626	627	1
418	627	628	1
419	628	629	1
420	629	630	1
421	630	631	1
422	631	632	1
423	632	633	1
424	633	634	1
425	634	635	1
426	635	636	1
427	636	637	1
428	637	638	1
429	638	639	1
430	639	640	1
431	640	641	1
432	641	642	1
433	642	643	1
434	643	644	1
435	644	645	1
436	645	646	1
437	646	647	1
438	647	648	1
439	648	649	1
440	649	650	1
441	650	651	1
442	651	652	1
443	652	653	1
444	653	654	1
445	654	655	1
446	655	656	1
447	656	657	1
448	657	658	1
449	658	659	1
450	659	660	1
451	660	661	1
452	661	662	1
453	662	663	1
454	663	664	1
455	664	665	1
456	665	666	1
457	666	667	1
458	667	668	1
459	668	669	1
460	669	670	1
461	670	671	1
462	671	672	1
463	672	673	1
464	673	674	1
465	674	675	1
466	675	676	1
467	676	677	1
468	677	678	1
469	678	679	1
470	679	680	1
471	680	681	1
472	681	682	1
473	682	683	1
474	683	684	1
475	684	685	1
476	685	686	1
477	686	687	1
478	687	688	1
479	688	689	1
480	689	690	1
481	690	691	1
482	691	692	1
483	692	693	1
484	693	694	1
485	694	695	1
486	695	696	1
487	696	697	1
488	697	698	1
489	698	699	1
490	699	700	1
491	700	701	1
492	701	702	1
493	702	703	1
494	703	704	1
495	704	705	1
496	705	706	1
497	706	707	1
498	707	708	1
499	708	709	1
500	709	710	1
501	710	711	1
502	711	712	1
503	712	713	1
504	713	714	1
505	714	715	1
506	715	716	1
507	716	717	1
508	717	718	1
509	718	719	1
510	719	720	1
511	720	721	1
512	721	722	1
513	722	723	1
514	723	724	1
515	724	725	1
516	725	726	1
517	726	727	1
518	727	728	1
519	728	729	1
520	729	730	1
521	730	731	1
522	731	732	1
523	732	733	1
524	733	734	1
525	734	735	1
526	735	736	1
527	736	737	1
528	737	738	1
529	738	739	1
530	739	740	1
531	740	741	1
532	741	742	1
533	742	743	1
534	743	744	1
535	744	745	1
536	745	746	1
537	746	747	1
538	747	748	1
539	748	749	1
540	749	750	1
541	750	751	1
542	751	752	1
543	752	753	1
544	753	754	1
545	754	755	1
546	755	756	1
547	756	757	1
548	757	758	1
549	758	759	1
550	759	760	1
551	760	761	1
552	761	762	1
553	762	763	1
554	763	764	1
555	764	765	1
556	765	766	1
557	766	767	1
558	767	768	1
559	768	769	1
560	769	770	1
561	770	771	1
562	771	772	1
563	772	773	1
564	773	774	1
565	774	775	1
566	775	776	1
567	776	777	1
568	777	778	1
569	778	779	1
570	779	780	1
571	780	781	1
572	781	782	1
573	782	783	1
574	783	784	1
575	784	785	1
576	785	786	1
577	786	787	1
578	787	788	1
579	788	789	1
580	789	790	1
581	790	791	1
582	791	792	1
583	792	793	1
584	793	794	1
585	794	795	1
586	795	796	1
587	796	797	1
588	797	798	1
589	798	799	1
590	799	800	1
591	800	801	1
592	801	802	1
593	802	803	1
594	803	804	1
595	804	805	1
596	805	806	1
597	806	807	1
598	807	808	1
599	808	809	1
600	809	810	1
601	810	811	1
602	811	812	1
603	812	813	1
604	813	814	1
605	814	815	1
606	815	816	1
607	816	817	1
608	817	818	1
609	818	819	1
610	819	820	1
611	820	821	1
612	821	822	1
613	822	823	1
614	823	824	1
615	824	825	1
616	825	826	1
617	826	827	1
618	827	828	1
619	828	829	1
620	829	830	1
621	830	831	1
622	831	832	1
623	832	833	1
624	833	834	1
625	834	835	1
626	835	836	1
627	836	837	1
628	837	838	1
629	838	839	1
630	839	840	1
631	840	841	1
632	841	842	1
633	842	843	1
634	843	844	1
635	844	845	1
636	845	846	1
637	846	847	1
638	847	848	1
639	848	849	1
640	849	850	1
641	850	851	1
642	851	852	1
643	852	853	1
644	853	854	1
645	854	855	1
646	855	856	1
647	856	857	1
648	857	858	1
649	858	859	1
650	859	860	1
651	860	861	1
652	861	862	1
653	862	863	1
654	863	864	1
655	864	865	1
656	865	866	1
657	866	867	1
658	867	868	1
659	868	869	1
660	869	870	1
661	870	871	1
662	871	872	1
663	872	873	1
664	873	874	1
665	874	875	1
666	875	876	1
667	876	877	1
668	877	878	1
669	878	879	1
670	879	880	1
671	880	881	1
672	881	882	1
673	882	883	1
674	883	884	1
675	884	885	1
676	885	886	1
677	886	887	1
678	887	888	1
679	888	889	1
680	889	890	1
681	890	891	1
682	891	892	1
683	892	893	1
684	893	894	1
685	894	895	1
686	895	896	1
687	896	897	1
688	897	898	1
689	898	899	1
690	899	900	1
691	900	901	1
692	901	902	1
693	902	903	1
694	903	904	1
695	904	905	1
696	905	906	1
697	906	907	1
698	907	908	1
699	908	909	1
700	909	910	1
701	910	911	1
702	911	912	1
703	912	913	1
704	913	914	1
705	914	915	1
706	915	916	1
707	916	917	1
708	917	918	1
709	918	919	1
710	919	920	1
711	920	921	1
712	921	922	1
713	922	923	1
714	923	924	1
715	924	925	1
716	925	926	1
717	926	927	1
718	927	928	1
719	928	929	1
720	929	930	1
721	930	931	1
722	931	932	1
723	932	933	1
724	933	934	1
725	934	935	1
726	935	936	1
727	936	937	1
728	937	938	1
729	938	939	1
730	939	940	1
731	940	941	1
732	941	942	1
733	942	943	1
734	943	944	1
735	944	945	1
736	945	946	1
737	946	947	1
738	947	948	1
739	948	949	1
740	949	950	1
741	950	951	1
742	951	952	1
743	952	953	1
744	953	954	1
745	954	955	1
746	955	956	1
747	956	957	1
748	957	958	1
749	958	959	1
750	959	960	1
751	960	961	1
752	961	962	1
753	962	963	1
754	963	964	1
755	964	965	1
756	965	966	1
757	966	967	1
758	967	968	1
759	968	969	1
760	969	970	1
761	970	971	1
762	971	972	1
763	972	973	1
764	973	974	1
765	974	975	1
766	975	976	1
767	976	977	1
768	977	978	1
769	978	979	1
770	979	980	1
771	980	981	1
772	981	982	1
773	982	983	1
774	983	984	1
775	984	985	1
776	985	986	1
777	986	987	1
778	987	988	1
779	988	989	1
780	989	990	1
781	990	991	1
782	991	992	1
783	992	993	1
784	993	994	1
785	994	995	1
786	995	996	1
787	996	997	1
788	997	998	1
789	998	999	1
790	999	1000	1
791	1000	1001	1
792	1001	1002	1
793	1002	1003	1
794	1003	1004	1
795	1004	1005	1
796	1005	1006	1
797	1006	1007	1
798	1007	1008	1
799	1008	1009	1
800	1009	1010	1
801	1010	1011	1
802	1011	1012	1
803	1012	1013	1
804	1013	1014	1
805	1014	1015	1
806	1015	1016	1
807	1016	1017	1
808	1017	1018	1
809	1018	1019	1
810	1019	1020	1
811	1020	1021	1
812	1021	1022	1
813	1022	1023	1
814	1023	1024	1
815	1024	1025	1
816	1025	1026	1
817	1026	1027	1
818	1027	1028	1
819	1028	1029	1
820	1029	1030	1
821	1030	1031	1
822	1031	1032	1
823	1032	1033	1
824	1033	1034	1
825	1034	1035	1
826	1035	1036	1
827	1036	1037	1
828	1037	1038	1
829	1038	1039	1
830	1039	1040	1
831	1040	1041	1
832	1041	1042	1
833	1042	1043	1
834	1043	1044	1
835	1044	1045	1
836	1045	1046	1
837	1046	1047	1
838	1047	1048	1
839	1048	1049	1
840	1049	1050	1
841	1050	1051	1
842	1051	1052	1
843	1052	1053	1
844	1053	1054	1
845	1054	1055	1
846	1055	1056	1
847	1056	1057	1
848	1057	1058	1
849	1058	1059	1
850	1059	1060	1
851	1060	1061	1
852	1061	1062	1
853	1062	1063	1
854	1063	1064	1
855	1064	1065	1
856	1065	1066	1
857	1066	1067	1
858	1067	1068	1
859	1068	1069	1
860	1069	1070	1
861	1070	1071	1
862	1071	1072	1
863	1072	1073	1
864	1073	1074	1
865	1074	1075	1
866	1075	1076	1
867	1076	1077	1
868	1077	1078	1
869	1078	1079	1
870	1079	1080	1
871	1080	1081	1
872	1081	1082	1
873	1082	1083	1
874	1083	1084	1
875	1084	1085	1
876	1085	1086	1
877	1086	1087	1
878	1087	1088	1
879	1088	1089	1
880	1089	1090	1
881	1090	1091	1
882	1091	1092	1
883	1092	1093	1
884	1093	1094	1
885	1094	1095	1
886	1095	1096	1
887	1096	1097	1
888	1097	1098	1
889	1098	1099	1
890	1099	1100	1
891	1100	1101	1
892	1101	1102	1
893	1102	1103	1
894	1103	1104	1
895	1104	1105	1
896	1105	1106	1
897	1106	1107	1
898	1107	1108	1
899	1108	1109	1
900	1109	1110	1
901	1110	1111	1
902	1111	1112	1
903	1112	1113	1
904	1113	1114	1
905	1114	1115	1
906	1115	1116	1
907	1116	1117	1
908	1117	1118	1
909	1118	1119	1
910	1119	1120	1
911	1120	1121	1
912	1121	1122	1
913	1122	1123	1
914	1123	1124	1
915	1124	1125	1
916	1125	1126	1
917	1126	1127	1
918	1127	1128	1
919	1128	1129	1
920	1129	1130	1
921	1130	1131	1
922	1131	1132	1
923	1132	1133	1
924	1133	1134	1
925	1134	1135	1
926	1135	1136	1
927	1136	1137	1
928	1137	1138	1
929	1138	1139	1
930	1139	1140	1
931	1140	1141	1
932	1141	1142	1
933	1142	1143	1
934	1143	1144	1
935	1144	1145	1
936	1145	1146	1
937	1146	1147	1
938	1147	1148	1
939	1148	1149	1
940	1149	1150	1
941	1150	1151	1
942	1151	1152	1
943	1152	1153	1
944	1153	1154	1
945	1154	1155	1
946	1155	1156	1
947	1156	1157	1
948	1157	1158	1
949	1158	1159	1
950	1159	1160	1
951	1160	1161	1
952	1161	1162	1
953	1162	1163	1
954	1163	1164	1
955	1164	1165	1
956	1165	1166	1
957	1166	1167	1
958	1167	1168	1
959	1168	1169	1
960	1169	1170	1
961	1170	1171	1
962	1171	1172	1
963	1172	1173	1
964	1173	1174	1
965	1174	1175	1
966	1175	1176	1
967	1176	1177	1
968	1177	1178	1
969	1178	1179	1
970	1179	1180	1
971	1180	1181	1
972	1181	1182	1
973	1182	1183	1
974	1183	1184	1
975	1184	1185	1
976	1185	1186	1
977	1186	1187	1
978	1187	1188	1
979	1188	1189	1
980	1189	1190	1
981	1190	1191	1
982	1191	1192	1
983	1192	1193	1
984	1193	1194	1
985	1194	1195	1
986	1195	1196	1
987	1196	1197	1
988	1197	1198	1
989	1198	1199	1
990	1199	1200	1
991	1200	1201	1
992	1201	1202	1
993	1202	1203	1
994	1203	1204	1
995	1204	1205	1
996	1205	1206	1
997	1206	1207	1
998	1207	1208	1
999	1208	1209	1
1000	1209	1210	1
1001	1210	1211	1
1002	1211	1212	1
1003	1212	1213	1
1004	1213	1214	1
1005	1214	1215	1
1006	1215	1216	1
1007	1216	1217	1
1008	1217	1218	1
1009	1218	1219	1
1010	1219	1220	1
1011	1220	1221	1
1012	1221	1222	1
1013	1222	1223	1
1014	1223	1224	1
1015	1224	1225	1
1016	1225	1226	1
1017	1226	1227	1
1018	1227	1228	1
1019	1228	1229	1
1020	1229	1230	1
1021	1230	1231	1
1022	1231	1232	1
1023	1232	1233	1
1024	1233	1234	1
1025	1234	1235	1
1026	1235	1236	1
1027	1236	1237	1
1028	1237	1238	1
1029	1238	1239	1
1030	1239	1240	1
1031	1240	1241	1
1032	1241	1242	1
1033	1242	1243	1
1034	1243	1244	1
1035	1244	1245	1
1036	1245	1246	1
1037	1246	1247	1
1038	1247	1249	2
1039	1249	1251	2
1040	1251	1253	2
1041	1253	1255	2
1042	1255	1257	2
1043	1257	1259	2
1044	1259	1261	2
1045	1261	1263	2
1046	1263	1265	2
1047	1265	1267	2
1048	1267	1269	2
1049	1269	1271	2
1050	1271	1273	2
1051	1273	1275	2
1052	1275	1277	2
1053	1277	1279	2
1054	1279	1281	2
1055	1281	1283	2
1056	1283	1285	2
1057	1285	1287	2
1058	1287	1289	2
1059	1289	1291	2
1060	1291	1293	2
1061	1293	1295	2
1062	1295	1297	2
1063	1297	1299	2
1064	1299	1301	2
1065	1301	1303	2
1066	1303	1305	2
1067	1305	1307	2
1068	1307	1309	2
1069	1309	1311	2
1070	1311	1313	2
1071	1313	1315	2
1072	1315	1317	2
1073	1317	1319	2
1074	1319	1321	2
1075	1321	1323	2
1076	1323	1325	2
1077	1325	1327	2
1078	1327	1329	2
1079	1329	1331	2
1080	1331	1333	2
1081	1333	1335	2
1082	1335	1337	2
1083	1337	1339	2
1084	1339	1341	2
1085	1341	1343	2
1086	1343	1345	2
1087	1345	1347	2
1088	1347	1349	2
1089	1349	1351	2
1090	1351	1353	2
1091	1353	1355	2
1092	1355	1357	2
1093	1357	1359	2
1094	1359	1361	2
1095	1361	1363	2
1096	1363	1365	2
1097	1365	1367	2
1098	1367	1369	2
1099	1369	1371	2
1100	1371	1373	2
1101	1373	1375	2
1102	1375	1377	2
1103	1377	1379	2
1104	1379	1381	2
1105	1381	1383	2
1106	1383	1385	2
1107	1385	1387	2
1108	1387	1389	2
1109	1389	1391	2
1110	1391	1393	2
1111	1393	1395	2
1112	1395	1397	2
1113	1397	1399	2
1114	1399	1401	2
1115	1401	1403	2
1116	1403	1405	2
1117	1405	1407	2
1118	1407	1409	2
1119	1409	1411	2
1120	1411	1413	2
1121	1413	1415	2
1122	1415	1417	2
1123	1417	1419	2
1124	1419	1421	2
1125	1421	1423	2
1126	1423	1425	2
1127	1425	1427	2
1128	1427	1429	2
1129	1429	1431	2
1130	1431	1433	2
1131	1433	1435	2
1132	1435	1437	2
1133	1437	1439	2
1134	1439	1441	2
1135	1441	1443	2
1136	1443	1445	2
1137	1445	1447	2
1138	1447	1449	2
1139	1449	1451	2
1140	1451	1453	2
1141	1453	1455	2
1142	1455	1457	2
1143	1457	1459	2
1144	1459	1461	2
1145	1461	1463	2
1146	1463	1465	2
1147	1465	1467	2
1148	1467	1469	2
1149	1469	1471	2
1150	1471	1473	2
1151	1473	1475	2
1152	1475	1477	2
1153	1477	1479	2
1154	1479	1481	2
1155	1481	1483	2
1156	1483	1485	2
1157	1485	1487	2
1158	1487	1489	2
1159	1489	1491	2
1160	1491	1493	2
1161	1493	1495	2
1162	1495	1497	2
1163	1497	1499	2
1164	1499	1501	2
1165	1501	1503	2
1166	1503	1505	2
1167	1505	1507	2
1168	1507	1509	2
1169	1509	1511	2
1170	1511	1513	2
1171	1513	1515	2
1172	1515	1517	2
1173	1517	1519	2
1174	1519	1521	2
1175	1521	1523	2
1176	1523	1525	2
1177	1525	1527	2
1178	1527	1529	2
1179	1529	1531	2
1180	1531	1533	2
1181	1533	1535	2
1182	1535	1537	2
1183	1537	1539	2
1184	1539	1541	2
1185	1541	1543	2
1186	1543	1545	2
1187	1545	1547	2
1188	1547	1549	2
1189	1549	1551	2
1190	1551	1553	2
1191	1553	1555	2
1192	1555	1557	2
1193	1557	1559	2
1194	1559	1561	2
1195	1561	1563	2
1196	1563	1565	2
1197	1565	1567	2
1198	1567	1569	2
1199	1569	1571	2
1200	1571	1573	2
1201	1573	1575	2
1202	1575	1577	2
1203	1577	1579	2
1204	1579	1581	2
1205	1581	1583	2
1206	1583	1585	2
1207	1585	1587	2
1208	1587	1589	2
1209	1589	1591	2
1210	1591	1593	2
1211	1593	1595	2
1212	1595	1597	2
1213	1597	1599	2
1214	1599	1601	2
1215	1601	1603	2
1216	1603	1605	2
1217	1605	1607	2
1218	1607	1609	2
1219	1609	1611	2
1220	1611	1613	2
1221	1613	1615	2
1222	1615	1617	2
1223	1617	1619	2
1224	1619	1621	2
1225	1621	1623	2
1226	1623	1625	2
1227	1625	1627	2
1228	1627	1629	2
1229	1629	1631	2
1230	1631	1633	2
1231	1633	1635	2
1232	1635	1637	2
1233	1637	1639	2
1234	1639	1641	2
1235	1641	1643	2
1236	1643	1645	2
1237	1645	1647	2
1238	1647	1649	2
1239	1649	1651	2
1240	1651	1653	2
1241	1653	1655	2
1242	1655	1657	2
1243	1657	1659	2
1244	1659	1661	2
1245	1661	1663	2
1246	1663	1665	2
1247	1665	1667	2
1248	1667	1669	2
1249	1669	1671	2
1250	1671	1673	2
1251	1673	1675	2
1252	1675	1677	2
1253	1677	1679	2
1254	1679	1681	2
1255	1681	1683	2
1256	1683	1685	2
1257	1685	1687	2
1258	1687	1689	2
1259	1689	1691	2
1260	1691	1693	2
1261	1693	1695	2
1262	1695	1697	2
1263	1697	1699	2
1264	1699	1701	2
1265	1701	1703	2
1266	1703	1705	2
1267	1705	1707	2
1268	1707	1709	2
1269	1709	1711	2
1270	1711	1713	2
1271	1713	1715	2
1272	1715	1717	2
1273	1717	1719	2
1274	1719	1721	2
1275	1721	1723	2
1276	1723	1725	2
1277	1725	1727	2
1278	1727	1729	2
1279	1729	1731	2
1280	1731	1733	2
1281	1733	1735	2
1282	1735	1737	2
1283	1737	1739	2
1284	1739	1741	2
1285	1741	1743	2
1286	1743	1745	2
1287	1745	1747	2
1288	1747	1749	2
1289	1749	1751	2
1290	1751	1753	2
1291	1753	1755	2
1292	1755	1757	2
1293	1757	1759	2
1294	1759	1761	2
1295	1761	1763	2
1296	1763	1765	2
1297	1765	1767	2
1298	1767	1769	2
1299	1769	1771	2
1300	1771	1773	2
1301	1773	1775	2
1302	1775	1777	2
1303	1777	1779	2
1304	1779	1781	2
1305	1781	1783	2
1306	1783	1785	2
1307	1785	1787	2
1308	1787	1789	2
1309	1789	1791	2
1310	1791	1793	2
1311	1793	1795	2
1312	1795	1797	2
1313	1797	1799	2
1314	1799	1801	2
1315	1801	1803	2
1316	1803	1805	2
1317	1805	1807	2
1318	1807	1809	2
1319	1809	1811	2
1320	1811	1813	2
1321	1813	1815	2
1322	1815	1817	2
1323	1817	1819	2
1324	1819	1821	2
1325	1821	1823	2
1326	1823	1825	2
1327	1825	1827	2
1328	1827	1829	2
1329	1829	1831	2
1330	1831	1833	2
1331	1833	1835	2
1332	1835	1837	2
1333	1837	1839	2
1334	1839	1841	2
1335	1841	1843	2
1336	1843	1845	2
1337	1845	1847	2
1338	1847	1849	2
1339	1849	1851	2
1340	1851	1853	2
1341	1853	1855	2
1342	1855	1857	2
1343	1857	1859	2
1344	1859	1861	2
1345	1861	1863	2
1346	1863	1865	2
1347	1865	1867	2
1348	1867	1869	2
1349	1869	1871	2
1350	1871	1873	2
1351	1873	1875	2
1352	1875	1877	2
1353	1877	1879	2
1354	1879	1881	2
1355	1881	1883	2
1356	1883	1885	2
1357	1885	1887	2
1358	1887	1889	2
1359	1889	1891	2
1360	1891	1893	2
1361	1893	1895	2
1362	1895	1897	2
1363	1897	1899	2
1364	1899	1901	2
1365	1901	1903	2
1366	1903	1905	2
1367	1905	1907	2
1368	1907	1909	2
1369	1909	1911	2
1370	1911	1913	2
1371	1913	1915	2
1372	1915	1917	2
1373	1917	1919	2
1374	1919	1921	2
1375	1921	1923	2
1376	1923	1925	2
1377	1925	1927	2
1378	1927	1929	2
1379	1929	1931	2
1380	1931	1933	2
1381	1933	1935	2
1382	1935	1937	2
1383	1937	1939	2
1384	1939	1941	2
1385	1941	1943	2
1386	1943	1945	2
1387	1945	1947	2
1388	1947	1949	2
1389	1949	1951	2
1390	1951	1953	2
1391	1953	1955	2
1392	1955	1957	2
1393	1957	1959	2
1394	1959	1961	2
1395	1961	1963	2
1396	1963	1965	2
1397	1965	1967	2
1398	1967	1969	2
1399	1969	1971	2
1400	1971	1973	2
1401	1973	1975	2
1402	1975	1977	2
1403	1977	1979	2
1404	1979	1981	2
1405	1981	1983	2
1406	1983	1985	2
1407	1985	1987	2
1408	1987	1989	2
1409	1989	1991	2
1410	1991	1993	2
1411	1993	1995	2
1412	1995	1997	2
1413	1997	1999	2
1414	1999	2001	2
1415	2001	2003	2
1416	2003	2005	2
1417	2005	2007	2
1418	2007	2009	2
1419	2009	2011	2
1420	2011	2013	2
1421	2013	2015	2
1422	2015	2017	2
1423	2017	2019	2
1424	2019	2021	2
1425	2021	2023	2
1426	2023	2025	2
1427	2025	2027	2
1428	2027	2029	2
1429	2029	2031	2
1430	2031	2033	2
1431	2033	2035	2
1432	2035	2037	2
1433	2037	2039	2
1434	2039	2041	2
1435	2041	2043	2
1436	2043	2045	2
1437	2045	2047	2
1438	2047	2049	2
1439	2049	2051	2
1440	2051	2053	2
1441	2053	2055	2
1442	2055	2057	2
1443	2057	2059	2
1444	2059	2061	2
1445	2061	2063	2
1446	2063	2065	2
1447	2065	2067	2
1448	2067	2069	2
1449	2069	2071	2
1450	2071	2073	2
1451	2073	2075	2
1452	2075	2077	2
1453	2077	2079	2
1454	2079	2081	2
1455	2081	2083	2
1456	2083	2085	2
1457	2085	2087	2
1458	2087	2089	2
1459	2089	2091	2
1460	2091	2093	2
1461	2093	2095	2
1462	2095	2097	2
1463	2097	2099	2
1464	2099	2101	2
1465	2101	2103	2
1466	2103	2105	2
1467	2105	2107	2
1468	2107	2109	2
1469	2109	2111	2
1470	2111	2113	2
1471	2113	2115	2
1472	2115	2117	2
1473	2117	2119	2
1474	2119	2121	2
1475	2121	2123	2
1476	2123	2125	2
1477	2125	2127	2
1478	2127	2129	2
1479	2129	2131	2
1480	2131	2133	2
1481	2133	2135	2
1482	2135	2137	2
1483	2137	2139	2
1484	2139	2141	2
1485	2141	2143	2
1486	2143	2145	2
1487	2145	2147	2
1488	2147	2149	2
1489	2149	2151	2
1490	2151	2153	2
1491	2153	2155	2
1492	2155	2157	2
1493	2157	2159	2
1494	2159	2161	2
1495	2161	2163	2
1496	2163	2165	2
1497	2165	2167	2
1498	2167	2169	2
1499	2169	2171	2
1500	2171	2173	2
1501	2173	2175	2
1502	2175	2177	2
1503	2177	2179	2
1504	2179	2181	2
1505	2181	2183	2
1506	2183	2185	2
1507	2185	2187	2
1508	2187	2189	2
1509	2189	2191	2
1510	2191	2193	2
1511	2193	2195	2
1512	2195	2197	2
1513	2197	2199	2
1514	2199	2201	2
1515	2201	2203	2
1516	2203	2205	2
1517	2205	2207	2
1518	2207	2209	2
1519	2209	2211	2
1520	2211	2213	2
1521	2213	2215	2
1522	2215	2217	2
1523	2217	2219	2
1524	2219	2221	2
1525	2221	2223	2
1526	2223	2225	2
1527	2225	2227	2
1528	2227	2229	2
1529	2229	2231	2
1530	2231	2233	2
1531	2233	2235	2
1532	2235	2237	2
1533	2237	2239	2
1534	2239	2241	2
1535	2241	2243	2
1536	2243	2245	2
1537	2245	2247	2
1538	2247	2249	2
1539	2249	2251	2
1540	2251	2253	2
1541	2253	2255	2
1542	2255	2257	2
1543	2257	2259	2
1544	2259	2261	2
1545	2261	2263	2
1546	2263	2265	2
1547	2265	2267	2
1548	2267	2269	2
1549	2269	2271	2
1550	2271	2273	2
1551	2273	2275	2
1552	2275	2277	2
1553	2277	2279	2
1554	2279	2281	2
1555	2281	2283	2
1556	2283	2285	2
1557	2285	2287	2
1558	2287	2289	2
1559	2289	2291	2
1560	2291	2293	2
1561	2293	2295	2
1562	2295	2297	2
1563	2297	2299	2
1564	2299	2301	2
1565	2301	2303	2
1566	2303	2305	2
1567	2305	2307	2
1568	2307	2309	2
1569	2309	2311	2
1570	2311	2313	2
1571	2313	2315	2
1572	2315	2317	2
1573	2317	2319	2
1574	2319	2321	2
1575	2321	2323	2
1576	2323	2325	2
1577	2325	2327	2
1578	2327	2329	2
1579	2329	2331	2
1580	2331	2333	2
1581	2333	2335	2
1582	2335	2337	2
1583	2337	2339	2
1584	2339	2341	2
1585	2341	2343	2
1586	2343	2345	2
1587	2345	2347	2
1588	2347	2349	2
1589	2349	2351	2
1590	2351	2353	2
1591	2353	2355	2
1592	2355	2357	2
1593	2357	2359	2
1594	2359	2361	2
1595	2361	2363	2
1596	2363	2365	2
1597	2365	2367	2
1598	2367	2369	2
1599	2369	2371	2
1600	2371	2373	2
1601	2373	2375	2
1602	2375	2377	2
1603	2377	2379	2
1604	2379	2381	2
1605	2381	2383	2
1606	2383	2385	2
1607	2385	2387	2
1608	2387	2389	2
1609	2389	2391	2
1610	2391	2393	2
1611	2393	2395	2
1612	2395	2397	2
1613	2397	2399	2
1614	2399	2401	2
1615	2401	2403	2
1616	2403	2405	2
1617	2405	2407	2
1618	2407	2409	2
1619	2409	2411	2
1620	2411	2413	2
1621	2413	2415	2
1622	2415	2417	2
1623	2417	2419	2
1624	2419	2421	2
1625	2421	2423	2
1626	2423	2425	2
1627	2425	2427	2
1628	2427	2429	2
1629	2429	2431	2
1630	2431	2433	2
1631	2433	2435	2
1632	2435	2437	2
1633	2437	2439	2
1634	2439	2441	2
1635	2441	2443	2
1636	2443	2445	2
1637	2445	2447	2
1638	2447	2449	2
1639	2449	2451	2
1640	2451	2453	2
1641	2453	2455	2
1642	2455	2457	2
1643	2457	2459	2
1644	2459	2461	2
1645	2461	2463	2
1646	2463	2465	2
1647	2465	2467	2
1648	2467	2469	2
1649	2469	2471	2
1650	2471	2473	2
1651	2473	2475	2
1652	2475	2477	2
1653	2477	2479	2
1654	2479	2481	2
1655	2481	2483	2
1656	2483	2485	2
1657	2485	2487	2
1658	2487	2489	2
1659	2489	2491	2
1660	2491	2493	2
1661	2493	2495	2
1662	2495	2497	2
1663	2497	2499	2
1664	2499	2501	2
1665	2501	2503	2
1666	2503	2505	2
1667	2505	2507	2
1668	2507	2509	2
1669	2509	2511	2
1670	2511	2513	2
1671	2513	2515	2
1672	2515	2517	2
1673	2517	2519	2
1674	2519	2521	2
1675	2521	2523	2
1676	2523	2525	2
1677	2525	2527	2
1678	2527	2529	2
1679	2529	2531	2
1680	2531	2533	2
1681	2533	2535	2
1682	2535	2537	2
1683	2537	2539	2
1684	2539	2541	2
1685	2541	2543	2
1686	2543	2545	2
1687	2545	2547	2
1688	2547	2549	2
1689	2549	2551	2
1690	2551	2553	2
1691	2553	2555	2
1692	2555	2557	2
1693	2557	2559	2
1694	2559	2561	2
1695	2561	2563	2
1696	2563	2565	2
1697	2565	2567	2
1698	2567	2569	2
1699	2569	2571	2
1700	2571	2573	2
1701	2573	2575	2
1702	2575	2577	2
1703	2577	2579	2
1704	2579	2581	2
1705	2581	2583	2
1706	2583	2585	2
1707	2585	2587	2
1708	2587	2589	2
1709	2589	2591	2
1710	2591	2593	2
1711	2593	2595	2
1712	2595	2597	2
1713	2597	2599	2
1714	2599	2601	2
1715	2601	2603	2
1716	2603	2605	2
1717	2605	2607	2
1718	2607	2609	2
1719	2609	2611	2
1720	2611	2613	2
1721	2613	2615	2
1722	2615	2617	2
1723	2617	2619	2
1724	2619	2621	2
1725	2621	2623	2
1726	2623	2625	2
1727	2625	2627	2
1728	2627	2629	2
1729	2629	2631	2
1730	2631	2633	2
1731	2633	2635	2
1732	2635	2637	2
1733	2637	2639	2
1734	2639	2641	2
1735	2641	2643	2
1736	2643	2645	2
1737	2645	2647	2
1738	2647	2649	2
1739	2649	2651	2
1740	2651	2653	2
1741	2653	2655	2
1742	2655	2657	2
1743	2657	2659	2
1744	2659	2661	2
1745	2661	2663	2
1746	2663	2665	2
1747	2665	2667	2
1748	2667	2669	2
1749	2669	2671	2
1750	2671	2673	2
1751	2673	2675	2
1752	2675	2677	2
1753	2677	2679	2
1754	2679	2681	2
1755	2681	2683	2
1756	2683	2685	2
1757	2685	2687	2
1758	2687	2689	2
1759	2689	2691	2
1760	2691	2693	2
1761	2693	2695	2
1762	2695	2697	2
1763	2697	2699	2
1764	2699	2701	2
1765	2701	2703	2
1766	2703	2705	2
1767	2705	2707	2
1768	2707	2709	2
1769	2709	2711	2
1770	2711	2713	2
1771	2713	2715	2
1772	2715	2717	2
1773	2717	2719	2
1774	2719	2721	2
1775	2721	2723	2
1776	2723	2725	2
1777	2725	2727	2
1778	2727	2729	2
1779	2729	2731	2
1780	2731	2733	2
1781	2733	2735	2
1782	2735	2737	2
1783	2737	2739	2
1784	2739	2741	2
1785	2741	2743	2
1786	2743	2745	2
1787	2745	2747	2
1788	2747	2749	2
1789	2749	2751	2
1790	2751	2753	2
1791	2753	2755	2
1792	2755	2757	2
1793	2757	2759	2
1794	2759	2761	2
1795	2761	2763	2
1796	2763	2765	2
1797	2765	2767	2
1798	2767	2769	2
1799	2769	2771	2
1800	2771	2773	2
1801	2773	2775	2
1802	2775	2777	2
1803	2777	2779	2
1804	2779	2781	2
1805	2781	2783	2
1806	2783	2785	2
1807	2785	2787	2
1808	2787	2789	2
1809	2789	2791	2
1810	2791	2793	2
1811	2793	2795	2
1812	2795	2797	2
1813	2797	2799	2
1814	2799	2801	2
1815	2801	2803	2
1816	2803	2805	2
1817	2805	2807	2
1818	2807	2809	2
1819	2809	2811	2
1820	2811	2813	2
1821	2813	2815	2
1822	2815	2817	2
1823	2817	2819	2
1824	2819	2821	2
1825	2821	2823	2
1826	2823	2826	3
1827	2826	2829	3
1828	2829	2832	3
1829	2832	2835	3
1830	2835	2838	3
1831	2838	2841	3
1832	2841	2844	3
1833	2844	2847	3
1834	2847	2850	3
1835	2850	2853	3
1836	2853	2856	3
1837	2856	2859	3
1838	2859	2862	3
1839	2862	2865	3
1840	2865	2868	3
1841	2868	2871	3
1842	2871	2874	3
1843	2874	2877	3
1844	2877	2880	3
1845	2880	2883	3
1846	2883	2886	3
1847	2886	2889	3
1848	2889	2892	3
1849	2892	2895	3
1850	2895	2898	3
1851	2898	2901	3
1852	2901	2904	3
1853	2904	2907	3
1854	2907	2910	3
1855	2910	2913	3
1856	2913	2916	3
1857	2916	2919	3
1858	2919	2922	3
1859	2922	2925	3
1860	2925	2928	3
1861	2928	2931	3
1862	2931	2934	3
1863	2934	2937	3
1864	2937	2940	3
1865	2940	2943	3
1866	2943	2946	3
1867	2946	2949	3
1868	2949	2952	3
1869	2952	2955	3
1870	2955	2958	3
1871	2958	2961	3
1872	2961	2964	3
1873	2964	2967	3
1874	2967	2970	3
1875	2970	2973	3
1876	2973	2976	3
1877	2976	2979	3
1878	2979	2982	3
1879	2982	2985	3
1880	2985	2988	3
1881	2988	2991	3
1882	2991	2994	3
1883	2994	2997	3
1884	2997	3000	3
1885	3000	3003	3
1886	3003	3006	3
1887	3006	3009	3
1888	3009	3012	3
1889	3012	3015	3
1890	3015	3018	3
1891	3018	3021	3
1892	3021	3024	3
1893	3024	3027	3
1894	3027	3030	3
1895	3030	3033	3
1896	3033	3036	3
1897	3036	3039	3
1898	3039	3042	3
1899	3042	3045	3
1900	3045	3048	3
1901	3048	3051	3
1902	3051	3054	3
1903	3054	3057	3
1904	3057	3060	3
1905	3060	3063	3
1906	3063	3066	3
1907	3066	3069	3
1908	3069	3072	3
1909	3072	3075	3
1910	3075	3078	3
1911	3078	3081	3
1912	3081	3084	3
1913	3084	3087	3
1914	3087	3090	3
1915	3090	3093	3
1916	3093	3096	3
1917	3096	3099	3
1918	3099	3102	3
1919	3102	3105	3
1920	3105	3108	3
1921	3108	3111	3
1922	3111	3114	3
1923	3114	3117	3
1924	3117	3120	3
1925	3120	3123	3
1926	3123	3126	3
1927	3126	3129	3
1928	3129	3132	3
1929	3132	3135	3
1930	3135	3138	3
1931	3138	3141	3
1932	3141	3144	3
1933	3144	3147	3
1934	3147	3150	3
1935	3150	3153	3
1936	3153	3156	3
1937	3156	3159	3
1938	3159	3162	3
1939	3162	3165	3
1940	3165	3168	3
1941	3168	3171	3
1942	3171	3174	3
1943	3174	3177	3
1944	3177	3180	3
1945	3180	3183	3
1946	3183	3186	3
1947	3186	3189	3
1948	3189	3192	3
1949	3192	3195	3
1950	3195	3198	3
1951	3198	3201	3
1952	3201	3204	3
1953	3204	3207	3
1954	3207	3210	3
1955	3210	3213	3
1956	3213	3216	3
1957	3216	3219	3
1958	3219	3222	3
1959	3222	3225	3
1960	3225	3228	3
1961	3228	3231	3
1962	3231	3234	3
1963	3234	3237	3
1964	3237	3240	3
1965	3240	3243	3
1966	3243	3246	3
1967	3246	3249	3
1968	3249	3252	3
1969	3252	3255	3
1970	3255	3258	3
1971	3258	3261	3
1972	3261	3264	3
1973	3264	3267	3
1974	3267	3270	3
1975	3270	3273	3
1976	3273	3276	3
1977	3276	3279	3
1978	3279	3282	3
1979	3282	3285	3
1980	3285	3288	3
1981	3288	3291	3
1982	3291	3294	3
1983	3294	3297	3
1984	3297	3300	3
1985	3300	3303	3
1986	3303	3306	3
1987	3306	3309	3
1988	3309	3312	3
1989	3312	3315	3
1990	3315	3318	3
1991	3318	3321	3
1992	3321	3324	3
1993	3324	3327	3
1994	3327	3330	3
1995	3330	3333	3
1996	3333	3336	3
1997	3336	3339	3
1998	3339	3342	3
1999	3342	3345	3
2000	3345	3348	3
2001	3348	3351	3
2002	3351	3354	3
2003	3354	3357	3
2004	3357	3360	3
2005	3360	3363	3
2006	3363	3366	3
2007	3366	3369	3
2008	3369	3372	3
2009	3372	3375	3
2010	3375	3378	3
2011	3378	3381	3
2012	3381	3384	3
2013	3384	3387	3
2014	3387	3390	3
2015	3390	3393	3
2016	3393	3396	3
2017	3396	3399	3
2018	3399	3402	3
2019	3402	3405	3
2020	3405	3408	3
2021	3408	3411	3
2022	3411	3414	3
2023	3414	3417	3
2024	3417	3420	3
2025	3420	3423	3
2026	3423	3426	3
2027	3426	3429	3
2028	3429	3432	3
2029	3432	3435	3
2030	3435	3438	3
2031	3438	3441	3
2032	3441	3444	3
2033	3444	3447	3
2034	3447	3450	3
2035	3450	3453	3
2036	3453	3456	3
2037	3456	3459	3
2038	3459	3462	3
2039	3462	3465	3
2040	3465	3468	3
2041	3468	3471	3
2042	3471	3474	3
2043	3474	3477	3
2044	3477	3480	3
2045	3480	3483	3
2046	3483	3486	3
2047	3486	3489	3
2048	3489	3492	3
2049	3492	3495	3
2050	3495	3498	3
2051	3498	3501	3
2052	3501	3504	3
2053	3504	3507	3
2054	3507	3510	3
2055	3510	3513	3
2056	3513	3516	3
2057	3516	3519	3
2058	3519	3522	3
2059	3522	3525	3
2060	3525	3528	3
2061	3528	3531	3
2062	3531	3534	3
2063	3534	3537	3
2064	3537	3540	3
2065	3540	3543	3
2066	3543	3546	3
2067	3546	3549	3
2068	3549	3552	3
2069	3552	3555	3
2070	3555	3558	3
2071	3558	3561	3
2072	3561	3564	3
2073	3564	3567	3
2074	3567	3570	3
2075	3570	3573	3
2076	3573	3576	3
2077	3576	3579	3
2078	3579	3582	3
2079	3582	3585	3
2080	3585	3588	3
2081	3588	3591	3
2082	3591	3594	3
2083	3594	3597	3
2084	3597	3600	3
2085	3600	3603	3
2086	3603	3606	3
2087	3606	3609	3
2088	3609	3612	3
2089	3612	3615	3
2090	3615	3618	3
2091	3618	3621	3
2092	3621	3625	4
2093	3625	3629	4
2094	3629	3633	4
2095	3633	3637	4
2096	3637	3641	4
2097	3641	3645	4
2098	3645	3649	4
2099	3649	3653	4
2100	3653	3657	4
2101	3657	3661	4
2102	3661	3665	4
2103	3665	3669	4
2104	3669	3673	4
2105	3673	3677	4
2106	3677	3681	4
2107	3681	3685	4
2108	3685	3689	4
2109	3689	3693	4
2110	3693	3697	4
2111	3697	3701	4
2112	3701	3705	4
2113	3705	3709	4
2114	3709	3713	4
2115	3713	3717	4
2116	3717	3721	4
2117	3721	3725	4
2118	3725	3729	4
2119	3729	3733	4
2120	3733	3737	4
2121	3737	3741	4
2122	3741	3745	4
2123	3745	3749	4
2124	3749	3753	4
2125	3753	3757	4
2126	3757	3761	4
2127	3761	3765	4
2128	3765	3769	4
2129	3769	3773	4
2130	3773	3777	4
2131	3777	3781	4
2132	3781	3785	4
2133	3785	3789	4
2134	3789	3793	4
2135	3793	3797	4
2136	3797	3801	4
2137	3801	3805	4
2138	3805	3809	4
2139	3809	3813	4
2140	3813	3817	4
2141	3817	3821	4
2142	3821	3825	4
2143	3825	3829	4
2144	3829	3833	4
2145	3833	3837	4
2146	3837	3841	4
2147	3841	3845	4
2148	3845	3849	4
2149	3849	3853	4
2150	3853	3857	4
2151	3857	3861	4
2152	3861	3865	4
2153	3865	3869	4
2154	3869	3873	4
2155	3873	3877	4
2156	3877	3881	4
2157	3881	3885	4
2158	3885	3889	4
2159	3889	3893	4
2160	3893	3897	4
2161	3897	3901	4
2162	3901	3905	4
2163	3905	3909	4
2164	3909	3913	4
2165	3913	3917	4
2166	3917	3921	4
2167	3921	3925	4
2168	3925	3929	4
2169	3929	3933	4
2170	3933	3937	4
2171	3937	3941	4
2172	3941	3945	4
2173	3945	3949	4
2174	3949	3953	4
2175	3953	3957	4
2176	3957	3961	4
2177	3961	3965	4
2178	3965	3969	4
2179	3969	3973	4
2180	3973	3977	4
2181	3977	3981	4
2182	3981	3985	4
2183	3985	3989	4
2184	3989	3993	4
2185	3993	3997	4
2186	3997	4001	4
2187	4001	4005	4
2188	4005	4009	4
2189	4009	4013	4
2190	4013	4017	4
2191	4017	4021	4
2192	4021	4025	4
2193	4025	4029	4
2194	4029	4033	4
2195	4033	4037	4
2196	4037	4041	4
2197	4041	4045	4
2198	4045	4049	4
2199	4049	4053	4
2200	4053	4057	4
2201	4057	4061	4
2202	4061	4065	4
2203	4065	4069	4
2204	4069	4073	4
2205	4073	4077	4
2206	4077	4081	4
2207	4081	4085	4
2208	4085	4089	4
2209	4089	4093	4
2210	4093	4097	4
2211	4097	4101	4
2212	4101	4105	4
2213	4105	4109	4
2214	4109	4113	4
2215	4113	4117	4
2216	4117	4121	4
2217	4121	4125	4
2218	4125	4129	4
2219	4129	4133	4
2220	4133	4137	4
2221	4137	4141	4
2222	4141	4145	4
2223	4145	4149	4
2224	4149	4153	4
2225	4153	4157	4
2226	4157	4161	4
2227	4161	4165	4
2228	4165	4169	4
2229	4169	4173	4
2230	4173	4177	4
2231	4177	4181	4
2232	4181	4185	4
2233	4185	4189	4
2234	4189	4193	4
2235	4193	4197	4
2236	4197	4201	4
2237	4201	4205	4
2238	4205	4209	4
2239	4209	4213	4
2240	4213	4217	4
2241	4217	4221	4
2242	4221	4225	4
2243	4225	4229	4
2244	4229	4233	4
2245	4233	4237	4
2246	4237	4241	4
2247	4241	4245	4
2248	4245	4249	4
2249	4249	4253	4
2250	4253	4257	4
2251	4257	4261	4
2252	4261	4265	4
2253	4265	4269	4
2254	4269	4273	4
2255	4273	4277	4
2256	4277	4282	5
2257	4282	4287	5
2258	4287	4292	5
2259	4292	4297	5
2260	4297	4302	5
2261	4302	4307	5
2262	4307	4312	5
2263	4312	4317	5
2264	4317	4322	5
2265	4322	4327	5
2266	4327	4332	5
2267	4332	4337	5
2268	4337	4342	5
2269	4342	4347	5
2270	4347	4352	5
2271	4352	4357	5
2272	4357	4362	5
2273	4362	4367	5
2274	4367	4372	5
2275	4372	4377	5
2276	4377	4382	5
2277	4382	4387	5
2278	4387	4392	5
2279	4392	4397	5
2280	4397	4402	5
2281	4402	4407	5
2282	4407	4412	5
2283	4412	4417	5
2284	4417	4422	5
2285	4422	4427	5
2286	4427	4432	5
2287	4432	4437	5
2288	4437	4442	5
2289	4442	4447	5
2290	4447	4452	5
2291	4452	4457	5
2292	4457	4462	5
2293	4462	4467	5
2294	4467	4472	5
2295	4472	4477	5
2296	4477	4482	5
2297	4482	4487	5
2298	4487	4492	5
2299	4492	4497	5
2300	4497	4502	5
2301	4502	4507	5
2302	4507	4512	5
2303	4512	4517	5
2304	4517	4522	5
2305	4522	4527	5
2306	4527	4532	5
2307	4532	4537	5
2308	4537	4542	5
2309	4542	4547	5
2310	4547	4552	5
2311	4552	4557	5
2312	4557	4562	5
2313	4562	4567	5
2314	4567	4572	5
2315	4572	4577	5
2316	4577	4582	5
2317	4582	4587	5
2318	4587	4592	5
2319	4592	4597	5
2320	4597	4602	5
2321	4602	4607	5
2322	4607	4612	5
2323	4612	4617	5
2324	4617	4622	5
2325	4622	4627	5
2326	4627	4632	5
2327	4632	4637	5
2328	4637	4642	5
2329	4642	4647	5
2330	4647	4652	5
2331	4652	4657	5
2332	4657	4662	5
2333	4662	4667	5
2334	4667	4672	5
2335	4672	4677	5
2336	4677	4682	5
2337	4682	4687	5
2338	4687	4692	5
2339	4692	4697	5
2340	4697	4702	5
2341	4702	4707	5
2342	4707	4712	5
2343	4712	4717	5
2344	4717	4722	5
2345	4722	4727	5
2346	4727	4732	5
2347	4732	4737	5
2348	4737	4742	5
2349	4742	4747	5
2350	4747	4752	5
2351	4752	4757	5
2352	4757	4762	5
2353	4762	4767	5
2354	4767	4772	5
2355	4772	4777	5
2356	4777	4782	5
2357	4782	4787	5
2358	4787	4792	5
2359	4792	4797	5
2360	4797	4802	5
2361	4802	4807	5
2362	4807	4812	5
2363	4812	4817	5
2364	4817	4822	5
2365	4822	4827	5
2366	4827	4832	5
2367	4832	4837	5
2368	4837	4842	5
2369	4842	4848	6
2370	4848	4854	6
2371	4854	4860	6
2372	4860	4866	6
2373	4866	4872	6
2374	4872	4878	6
2375	4878	4884	6
2376	4884	4890	6
2377	4890	4896	6
2378	4896	4902	6
2379	4902	4908	6
2380	4908	4914	6
2381	4914	4920	6
2382	4920	4926	6
2383	4926	4932	6
2384	4932	4938	6
2385	4938	4944	6
2386	4944	4950	6
2387	4950	4956	6
2388	4956	4962	6
2389	4962	4968	6
2390	4968	4974	6
2391	4974	4980	6
2392	4980	4986	6
2393	4986	4992	6
2394	4992	4998	6
2395	4998	5004	6
2396	5004	5010	6
2397	5010	5016	6
2398	5016	5022	6
2399	5022	5028	6
2400	5028	5034	6
2401	5034	5040	6
2402	5040	5046	6
2403	5046	5052	6
2404	5052	5058	6
2405	5058	5064	6
2406	5064	5070	6
2407	5070	5076	6
2408	5076	5082	6
2409	5082	5088	6
2410	5088	5094	6
2411	5094	5100	6
2412	5100	5106	6
2413	5106	5112	6
2414	5112	5118	6
2415	5118	5124	6
2416	5124	5130	6
2417	5130	5136	6
2418	5136	5142	6
2419	5142	5148	6
2420	5148	5154	6
2421	5154	5160	6
2422	5160	5166	6
2423	5166	5172	6
2424	5172	5178	6
2425	5178	5184	6
2426	5184	5190	6
2427	5190	5196	6
2428	5196	5202	6
2429	5202	5208	6
2430	5208	5214	6
2431	5214	5220	6
2432	5220	5226	6
2433	5226	5232	6
2434	5232	5238	6
2435	5238	5244	6
2436	5244	5250	6
2437	5250	5256	6
2438	5256	5262	6
2439	5262	5268	6
2440	5268	5274	6
2441	5274	5280	6
2442	5280	5286	6
2443	5286	5292	6
2444	5292	5298	6
2445	5298	5304	6
2446	5304	5310	6
2447	5310	5316	6
2448	5316	5322	6
2449	5322	5328	6
2450	5328	5334	6
2451	5334	5340	6
2452	5340	5346	6
2453	5346	5352	6
2454	5352	5358	6
2455	5358	5364	6
2456	5364	5370	6
2457	5370	5376	6
2458	5376	5382	6
2459	5382	5388	6
2460	5388	5395	7
2461	5395	5402	7
2462	5402	5409	7
2463	5409	5416	7
2464	5416	5423	7
2465	5423	5430	7
2466	5430	5437	7
2467	5437	5444	7
2468	5444	5451	7
2469	5451	5458	7
2470	5458	5465	7
2471	5465	5472	7
2472	5472	5479	7
2473	5479	5486	7
2474	5486	5493	7
2475	5493	5500	7
2476	5500	5507	7
2477	5507	5514	7
2478	5514	5521	7
2479	5521	5528	7
2480	5528	5535	7
2481	5535	5542	7
2482	5542	5549	7
2483	5549	5556	7
2484	5556	5563	7
2485	5563	5570	7
2486	5570	5577	7
2487	5577	5584	7
2488	5584	5591	7
2489	5591	5598	7
2490	5598	5605	7
2491	5605	5612	7
2492	5612	5619	7
2493	5619	5626	7
2494	5626	5633	7
2495	5633	5640	7
2496	5640	5647	7
2497	5647	5654	7
2498	5654	5661	7
2499	5661	5668	7
2500	5668	5675	7
2501	5675	5682	7
2502	5682	5689	7
2503	5689	5696	7
2504	5696	5703	7
2505	5703	5710	7
2506	5710	5717	7
2507	5717	5724	7
2508	5724	5731	7
2509	5731	5738	7
2510	5738	5745	7
2511	5745	5752	7
2512	5752	5759	7
2513	5759	5766	7
2514	5766	5773	7
2515	5773	5780	7
2516	5780	5787	7
2517	5787	5794	7
2518	5794	5801	7
2519	5801	5808	7
2520	5808	5815	7
2521	5815	5822	7
2522	5822	5829	7
2523	5829	5836	7
2524	5836	5843	7
2525	5843	5850	7
2526	5850	5857	7
2527	5857	5864	7
2528	5864	5871	7
2529	5871	5879	8
2530	5879	5887	8
2531	5887	5895	8
2532	5895	5903	8
2533	5903	5911	8
2534	5911	5919	8
2535	5919	5927	8
2536	5927	5935	8
2537	5935	5943	8
2538	5943	5951	8
2539	5951	5959	8
2540	5959	5967	8
2541	5967	5975	8
2542	5975	5983	8
2543	5983	5991	8
2544	5991	5999	8
2545	5999	6007	8
2546	6007	6015	8
2547	6015	6023	8
2548	6023	6031	8
2549	6031	6039	8
2550	6039	6047	8
2551	6047	6055	8
2552	6055	6063	8
2553	6063	6071	8
2554	6071	6079	8
2555	6079	6087	8
2556	6087	6095	8
2557	6095	6103	8
2558	6103	6111	8
2559	6111	6119	8
2560	6119	6127	8
2561	6127	6135	8
2562	6135	6143	8
2563	6143	6151	8
2564	6151	6159	8
2565	6159	6167	8
2566	6167	6175	8
2567	6175	6183	8
2568	6183	6191	8
2569	6191	6199	8
2570	6199	6207	8
2571	6207	6215	8
2572	6215	6223	8
2573	6223	6231	8
2574	6231	6239	8
2575	6239	6247	8
2576	6247	6256	9
2577	6256	6265	9
2578	6265	6274	9
2579	6274	6283	9
2580	6283	6292	9
2581	6292	6301	9
2582	6301	6310	9
2583	6310	6319	9
2584	6319	6328	9
2585	6328	6337	9
2586	6337	6346	9
2587	6346	6355	9
2588	6355	6364	9
2589	6364	6373	9
2590	6373	6382	9
2591	6382	6391	9
2592	6391	6400	9
2593	6400	6409	9
2594	6409	6418	9
2595	6418	6427	9
2596	6427	6436	9
2597	6436	6445	9
2598	6445	6454	9
2599	6454	6463	9
2600	6463	6472	9
2601	6472	6481	9
2602	6481	6490	9
2603	6490	6499	9
2604	6499	6508	9
2605	6508	6517	9
2606	6517	6526	9
2607	6526	6535	9
2608	6535	6544	9
2609	6544	6553	9
2610	6553	6562	9
2611	6562	6571	9
2612	6571	6580	9
2613	6580	6589	9
2614	6589	6598	9
2615	6598	6607	9
2616	6607	6616	9
2617	6616	6625	9
2618	6625	6634	9
2619	6634	6643	9
2620	6643	6652	9
2621	6652	6661	9
2622	6661	6670	9
2623	6670	6679	9
2624	6679	6688	9
2625	6688	6697	9
2626	6697	6706	9
2627	6706	6715	9
2628	6715	6725	10
2629	6725	6735	10
2630	6735	6745	10
2631	6745	6755	10
2632	6755	6765	10
2633	6765	6775	10
2634	6775	6785	10
2635	6785	6795	10
2636	6795	6805	10
2637	6805	6815	10
2638	6815	6825	10
2639	6825	6835	10
2640	6835	6845	10
2641	6845	6855	10
2642	6855	6865	10
2643	6865	6875	10
2644	6875	6885	10
2645	6885	6895	10
2646	6895	6905	10
2647	6905	6915	10
2648	6915	6925	10
2649	6925	6935	10
2650	6935	6945	10
2651	6945	6955	10
2652	6955	6965	10
2653	6965	6975	10
2654	6975	6985	10
2655	6985	6995	10
2656	6995	7005	10
2657	7005	7015	10
2658	7015	7025	10
2659	7025	7035	10
2660	7035	7045	10
2661	7045	7055	10
2662	7055	7065	10
2663	7065	7075	10
2664	7075	7085	10
2665	7085	7095	10
2666	7095	7105	10
2667	7105	7115	10
2668	7115	7125	10
2669	7125	7136	11
2670	7136	7147	11
2671	7147	7158	11
2672	7158	7169	11
2673	7169	7180	11
2674	7180	7191	11
2675	7191	7202	11
2676	7202	7213	11
2677	7213	7224	11
2678	7224	7235	11
2679	7235	7246	11
2680	7246	7257	11
2681	7257	7268	11
2682	7268	7279	11
2683	7279	7290	11
2684	7290	7301	11
2685	7301	7312	11
2686	7312	7323	11
2687	7323	7334	11
2688	7334	7345	11
2689	7345	7356	11
2690	7356	7367	11
2691	7367	7378	11
2692	7378	7389	11
2693	7389	7400	11
2694	7400	7411	11
2695	7411	7422	11
2696	7422	7433	11
2697	7433	7444	11
2698	7444	7455	11
2699	7455	7466	11
2700	7466	7477	11
2701	7477	7489	12
2702	7489	7501	12
2703	7501	7513	12
2704	7513	7525	12
2705	7525	7537	12
2706	7537	7549	12
2707	7549	7561	12
2708	7561	7573	12
2709	7573	7585	12
2710	7585	7597	12
2711	7597	7609	12
2712	7609	7621	12
2713	7621	7633	12
2714	7633	7645	12
2715	7645	7657	12
2716	7657	7669	12
2717	7669	7681	12
2718	7681	7693	12
2719	7693	7705	12
2720	7705	7717	12
2721	7717	7729	12
2722	7729	7741	12
2723	7741	7753	12
2724	7753	7765	12
2725	7765	7777	12
2726	7777	7790	13
2727	7790	7803	13
2728	7803	7816	13
2729	7816	7829	13
2730	7829	7842	13
2731	7842	7855	13
2732	7855	7868	13
2733	7868	7881	13
2734	7881	7894	13
2735	7894	7907	13
2736	7907	7920	13
2737	7920	7933	13
2738	7933	7946	13
2739	7946	7959	13
2740	7959	7972	13
2741	7972	7985	13
2742	7985	7998	13
2743	7998	8011	13
2744	8011	8024	13
2745	8024	8037	13
2746	8037	8050	13
2747	8050	8063	13
2748	8063	8076	13
2749	8076	8089	13
2750	8089	8102	13
2751	8102	8116	14
2752	8116	8130	14
2753	8130	8144	14
2754	8144	8158	14
2755	8158	8172	14
2756	8172	8186	14
2757	8186	8200	14
2758	8200	8214	14
2759	8214	8228	14
2760	8228	8242	14
2761	8242	8256	14
2762	8256	8270	14
2763	8270	8284	14
2764	8284	8298	14
2765	8298	8312	14
2766	8312	8326	14
2767	8326	8340	14
2768	8340	8354	14
2769	8354	8368	14
2770	8368	8382	14
2771	8382	8396	14
2772	8396	8410	14
2773	8410	8424	14
2774	8424	8438	14
2775	8438	8452	14
2776	8452	8466	14
2777	8466	8480	14
2778	8480	8495	15
2779	8495	8510	15
2780	8510	8525	15
2781	8525	8540	15
2782	8540	8555	15
2783	8555	8570	15
2784	8570	8585	15
2785	8585	8600	15
2786	8600	8615	15
2787	8615	8630	15
2788	8630	8645	15
2789	8645	8660	15
2790	8660	8675	15
2791	8675	8690	15
2792	8690	8705	15
2793	8705	8720	15
2794	8720	8735	15
2795	8735	8750	15
2796	8750	8765	15
2797	8765	8780	15
2798	8780	8795	15
2799	8795	8810	15
2800	8810	8826	16
2801	8826	8842	16
2802	8842	8858	16
2803	8858	8874	16
2804	8874	8890	16
2805	8890	8906	16
2806	8906	8922	16
2807	8922	8938	16
2808	8938	8954	16
2809	8954	8970	16
2810	8970	8986	16
2811	8986	9002	16
2812	9002	9018	16
2813	9018	9034	16
2814	9034	9050	16
2815	9050	9066	16
2816	9066	9082	16
2817	9082	9098	16
2818	9098	9114	16
2819	9114	9131	17
2820	9131	9148	17
2821	9148	9165	17
2822	9165	9182	17
2823	9182	9199	17
2824	9199	9216	17
2825	9216	9233	17
2826	9233	9250	17
2827	9250	9267	17
2828	9267	9284	17
2829	9284	9301	17
2830	9301	9318	17
2831	9318	9335	17
2832	9335	9352	17
2833	9352	9369	17
2834	9369	9386	17
2835	9386	9404	18
2836	9404	9422	18
2837	9422	9440	18
2838	9440	9458	18
2839	9458	9476	18
2840	9476	9494	18
2841	9494	9512	18
2842	9512	9530	18
2843	9530	9548	18
2844	9548	9566	18
2845	9566	9584	18
2846	9584	9602	18
2847	9602	9620	18
2848	9620	9638	18
2849	9638	9657	19
2850	9657	9676	19
2851	9676	9695	19
2852	9695	9714	19
2853	9714	9733	19
2854	9733	9752	19
2855	9752	9771	19
2856	9771	9790	19
2857	9790	9809	19
2858	9809	9828	19
2859	9828	9847	19
2860	9847	9867	20
2861	9867	9887	20
2862	9887	9907	20
2863	9907	9927	20
2864	9927	9947	20
2865	9947	9967	20
2866	9967	9987	20
2867	9987	10007	20
2868	10007	10027	20
2869	10027	10047	20
2870	10047	10067	20
2871	10067	10087	20
2872	10087	10108	21
2873	10108	10129	21
2874	10129	10150	21
2875	10150	10171	21
2876	10171	10192	21
