#
#N Pointing	tstart	tend	Obs time
#		s
1	210	211	1
2	211	212	1
3	212	213	1
4	213	214	1
5	214	215	1
6	215	216	1
7	216	217	1
8	217	218	1
9	218	219	1
10	219	220	1
11	220	221	1
12	221	222	1
13	222	223	1
14	223	224	1
15	224	225	1
16	225	226	1
17	226	227	1
18	227	228	1
19	228	229	1
20	229	230	1
21	230	231	1
22	231	232	1
23	232	233	1
24	233	234	1
25	234	235	1
26	235	236	1
27	236	237	1
28	237	238	1
29	238	239	1
30	239	240	1
31	240	241	1
32	241	242	1
33	242	243	1
34	243	244	1
35	244	245	1
36	245	246	1
37	246	247	1
38	247	248	1
39	248	249	1
40	249	250	1
41	250	251	1
42	251	252	1
43	252	253	1
44	253	254	1
45	254	255	1
46	255	256	1
47	256	257	1
48	257	258	1
49	258	259	1
50	259	260	1
51	260	261	1
52	261	262	1
53	262	263	1
54	263	264	1
55	264	265	1
56	265	266	1
57	266	267	1
58	267	268	1
59	268	269	1
60	269	270	1
61	270	271	1
62	271	272	1
63	272	273	1
64	273	274	1
65	274	275	1
66	275	276	1
67	276	277	1
68	277	278	1
69	278	279	1
70	279	280	1
71	280	281	1
72	281	282	1
73	282	283	1
74	283	284	1
75	284	285	1
76	285	286	1
77	286	287	1
78	287	288	1
79	288	289	1
80	289	290	1
81	290	291	1
82	291	292	1
83	292	293	1
84	293	294	1
85	294	295	1
86	295	296	1
87	296	297	1
88	297	298	1
89	298	299	1
90	299	300	1
91	300	301	1
92	301	302	1
93	302	303	1
94	303	304	1
95	304	305	1
96	305	306	1
97	306	307	1
98	307	308	1
99	308	309	1
100	309	310	1
101	310	311	1
102	311	312	1
103	312	313	1
104	313	314	1
105	314	315	1
106	315	316	1
107	316	317	1
108	317	318	1
109	318	319	1
110	319	320	1
111	320	321	1
112	321	322	1
113	322	323	1
114	323	324	1
115	324	325	1
116	325	326	1
117	326	327	1
118	327	328	1
119	328	329	1
120	329	330	1
121	330	331	1
122	331	332	1
123	332	333	1
124	333	334	1
125	334	335	1
126	335	336	1
127	336	337	1
128	337	338	1
129	338	339	1
130	339	340	1
131	340	341	1
132	341	342	1
133	342	343	1
134	343	344	1
135	344	345	1
136	345	346	1
137	346	347	1
138	347	348	1
139	348	349	1
140	349	350	1
141	350	351	1
142	351	352	1
143	352	353	1
144	353	354	1
145	354	355	1
146	355	356	1
147	356	357	1
148	357	358	1
149	358	359	1
150	359	360	1
151	360	361	1
152	361	362	1
153	362	363	1
154	363	364	1
155	364	365	1
156	365	366	1
157	366	367	1
158	367	368	1
159	368	369	1
160	369	370	1
161	370	371	1
162	371	372	1
163	372	373	1
164	373	374	1
165	374	375	1
166	375	376	1
167	376	377	1
168	377	378	1
169	378	379	1
170	379	380	1
171	380	381	1
172	381	382	1
173	382	383	1
174	383	384	1
175	384	385	1
176	385	386	1
177	386	387	1
178	387	388	1
179	388	389	1
180	389	390	1
181	390	391	1
182	391	392	1
183	392	393	1
184	393	394	1
185	394	395	1
186	395	396	1
187	396	397	1
188	397	398	1
189	398	399	1
190	399	400	1
191	400	401	1
192	401	402	1
193	402	403	1
194	403	404	1
195	404	405	1
196	405	406	1
197	406	407	1
198	407	408	1
199	408	409	1
200	409	410	1
201	410	411	1
202	411	412	1
203	412	413	1
204	413	414	1
205	414	415	1
206	415	416	1
207	416	417	1
208	417	418	1
209	418	419	1
210	419	420	1
211	420	421	1
212	421	422	1
213	422	423	1
214	423	424	1
215	424	425	1
216	425	426	1
217	426	427	1
218	427	428	1
219	428	429	1
220	429	430	1
221	430	431	1
222	431	432	1
223	432	433	1
224	433	434	1
225	434	435	1
226	435	436	1
227	436	437	1
228	437	438	1
229	438	439	1
230	439	440	1
231	440	441	1
232	441	442	1
233	442	443	1
234	443	444	1
235	444	445	1
236	445	446	1
237	446	447	1
238	447	448	1
239	448	449	1
240	449	450	1
241	450	451	1
242	451	452	1
243	452	453	1
244	453	454	1
245	454	455	1
246	455	456	1
247	456	457	1
248	457	458	1
249	458	459	1
250	459	460	1
251	460	461	1
252	461	462	1
253	462	463	1
254	463	464	1
255	464	465	1
256	465	466	1
257	466	467	1
258	467	468	1
259	468	469	1
260	469	470	1
261	470	471	1
262	471	472	1
263	472	473	1
264	473	474	1
265	474	475	1
266	475	476	1
267	476	477	1
268	477	478	1
269	478	479	1
270	479	480	1
271	480	481	1
272	481	482	1
273	482	483	1
274	483	484	1
275	484	485	1
276	485	486	1
277	486	487	1
278	487	488	1
279	488	489	1
280	489	490	1
281	490	491	1
282	491	492	1
283	492	493	1
284	493	494	1
285	494	495	1
286	495	496	1
287	496	497	1
288	497	498	1
289	498	499	1
290	499	500	1
291	500	501	1
292	501	502	1
293	502	503	1
294	503	504	1
295	504	505	1
296	505	506	1
297	506	507	1
298	507	508	1
299	508	509	1
300	509	510	1
301	510	511	1
302	511	512	1
303	512	513	1
304	513	514	1
305	514	515	1
306	515	516	1
307	516	517	1
308	517	518	1
309	518	519	1
310	519	520	1
311	520	521	1
312	521	522	1
313	522	523	1
314	523	524	1
315	524	525	1
316	525	526	1
317	526	527	1
318	527	528	1
319	528	529	1
320	529	530	1
321	530	531	1
322	531	532	1
323	532	533	1
324	533	534	1
325	534	535	1
326	535	536	1
327	536	537	1
328	537	538	1
329	538	539	1
330	539	540	1
331	540	541	1
332	541	542	1
333	542	543	1
334	543	544	1
335	544	545	1
336	545	546	1
337	546	547	1
338	547	548	1
339	548	549	1
340	549	550	1
341	550	551	1
342	551	552	1
343	552	553	1
344	553	554	1
345	554	555	1
346	555	556	1
347	556	557	1
348	557	558	1
349	558	559	1
350	559	560	1
351	560	561	1
352	561	562	1
353	562	563	1
354	563	564	1
355	564	565	1
356	565	566	1
357	566	567	1
358	567	568	1
359	568	569	1
360	569	570	1
361	570	571	1
362	571	572	1
363	572	573	1
364	573	574	1
365	574	575	1
366	575	576	1
367	576	577	1
368	577	578	1
369	578	579	1
370	579	580	1
371	580	581	1
372	581	582	1
373	582	583	1
374	583	584	1
375	584	585	1
376	585	586	1
377	586	587	1
378	587	588	1
379	588	589	1
380	589	590	1
381	590	591	1
382	591	592	1
383	592	593	1
384	593	594	1
385	594	595	1
386	595	596	1
387	596	597	1
388	597	598	1
389	598	599	1
390	599	600	1
391	600	601	1
392	601	602	1
393	602	603	1
394	603	604	1
395	604	605	1
396	605	606	1
397	606	607	1
398	607	608	1
399	608	609	1
400	609	610	1
401	610	611	1
402	611	612	1
403	612	613	1
404	613	614	1
405	614	615	1
406	615	616	1
407	616	617	1
408	617	618	1
409	618	619	1
410	619	620	1
411	620	621	1
412	621	622	1
413	622	623	1
414	623	624	1
415	624	625	1
416	625	626	1
417	626	627	1
418	627	628	1
419	628	629	1
420	629	630	1
421	630	631	1
422	631	632	1
423	632	633	1
424	633	634	1
425	634	635	1
426	635	636	1
427	636	637	1
428	637	638	1
429	638	639	1
430	639	640	1
431	640	641	1
432	641	642	1
433	642	643	1
434	643	644	1
435	644	645	1
436	645	646	1
437	646	647	1
438	647	648	1
439	648	649	1
440	649	650	1
441	650	651	1
442	651	652	1
443	652	653	1
444	653	654	1
445	654	655	1
446	655	656	1
447	656	657	1
448	657	658	1
449	658	659	1
450	659	660	1
451	660	661	1
452	661	662	1
453	662	663	1
454	663	664	1
455	664	665	1
456	665	666	1
457	666	667	1
458	667	668	1
459	668	669	1
460	669	670	1
461	670	671	1
462	671	672	1
463	672	673	1
464	673	674	1
465	674	675	1
466	675	676	1
467	676	677	1
468	677	678	1
469	678	679	1
470	679	680	1
471	680	681	1
472	681	682	1
473	682	683	1
474	683	684	1
475	684	685	1
476	685	686	1
477	686	687	1
478	687	688	1
479	688	689	1
480	689	690	1
481	690	691	1
482	691	692	1
483	692	693	1
484	693	694	1
485	694	695	1
486	695	696	1
487	696	697	1
488	697	698	1
489	698	699	1
490	699	700	1
491	700	701	1
492	701	702	1
493	702	703	1
494	703	704	1
495	704	705	1
496	705	706	1
497	706	707	1
498	707	708	1
499	708	709	1
500	709	710	1
501	710	711	1
502	711	712	1
503	712	713	1
504	713	714	1
505	714	715	1
506	715	716	1
507	716	717	1
508	717	718	1
509	718	719	1
510	719	720	1
511	720	721	1
512	721	722	1
513	722	723	1
514	723	724	1
515	724	725	1
516	725	726	1
517	726	727	1
518	727	728	1
519	728	729	1
520	729	730	1
521	730	731	1
522	731	732	1
523	732	733	1
524	733	734	1
525	734	735	1
526	735	736	1
527	736	737	1
528	737	738	1
529	738	739	1
530	739	740	1
531	740	741	1
532	741	742	1
533	742	743	1
534	743	744	1
535	744	745	1
536	745	746	1
537	746	747	1
538	747	748	1
539	748	749	1
540	749	750	1
541	750	751	1
542	751	752	1
543	752	753	1
544	753	754	1
545	754	755	1
546	755	756	1
547	756	757	1
548	757	758	1
549	758	759	1
550	759	760	1
551	760	761	1
552	761	762	1
553	762	763	1
554	763	764	1
555	764	765	1
556	765	766	1
557	766	767	1
558	767	768	1
559	768	769	1
560	769	770	1
561	770	771	1
562	771	772	1
563	772	773	1
564	773	774	1
565	774	775	1
566	775	776	1
567	776	777	1
568	777	778	1
569	778	779	1
570	779	780	1
571	780	781	1
572	781	782	1
573	782	783	1
574	783	784	1
575	784	785	1
576	785	786	1
577	786	787	1
578	787	788	1
579	788	789	1
580	789	790	1
581	790	791	1
582	791	792	1
583	792	793	1
584	793	794	1
585	794	795	1
586	795	796	1
587	796	797	1
588	797	798	1
589	798	799	1
590	799	800	1
591	800	801	1
592	801	802	1
593	802	803	1
594	803	804	1
595	804	805	1
596	805	806	1
597	806	807	1
598	807	808	1
599	808	809	1
600	809	810	1
601	810	811	1
602	811	812	1
603	812	813	1
604	813	814	1
605	814	815	1
606	815	816	1
607	816	817	1
608	817	818	1
609	818	819	1
610	819	820	1
611	820	821	1
612	821	822	1
613	822	823	1
614	823	824	1
615	824	825	1
616	825	826	1
617	826	827	1
618	827	828	1
619	828	829	1
620	829	830	1
621	830	831	1
622	831	832	1
623	832	833	1
624	833	834	1
625	834	835	1
626	835	836	1
627	836	837	1
628	837	838	1
629	838	839	1
630	839	840	1
631	840	841	1
632	841	842	1
633	842	843	1
634	843	844	1
635	844	845	1
636	845	846	1
637	846	847	1
638	847	848	1
639	848	849	1
640	849	850	1
641	850	851	1
642	851	852	1
643	852	853	1
644	853	854	1
645	854	855	1
646	855	856	1
647	856	857	1
648	857	858	1
649	858	859	1
650	859	860	1
651	860	861	1
652	861	862	1
653	862	863	1
654	863	864	1
655	864	865	1
656	865	866	1
657	866	867	1
658	867	868	1
659	868	869	1
660	869	870	1
661	870	871	1
662	871	872	1
663	872	873	1
664	873	874	1
665	874	875	1
666	875	876	1
667	876	877	1
668	877	878	1
669	878	879	1
670	879	880	1
671	880	881	1
672	881	882	1
673	882	883	1
674	883	884	1
675	884	885	1
676	885	886	1
677	886	887	1
678	887	888	1
679	888	889	1
680	889	890	1
681	890	891	1
682	891	892	1
683	892	893	1
684	893	894	1
685	894	895	1
686	895	896	1
687	896	897	1
688	897	898	1
689	898	899	1
690	899	900	1
691	900	901	1
692	901	902	1
693	902	903	1
694	903	904	1
695	904	905	1
696	905	906	1
697	906	907	1
698	907	908	1
699	908	909	1
700	909	910	1
701	910	911	1
702	911	912	1
703	912	913	1
704	913	914	1
705	914	915	1
706	915	916	1
707	916	917	1
708	917	918	1
709	918	919	1
710	919	920	1
711	920	921	1
712	921	922	1
713	922	923	1
714	923	924	1
715	924	925	1
716	925	926	1
717	926	927	1
718	927	928	1
719	928	929	1
720	929	930	1
721	930	931	1
722	931	932	1
723	932	933	1
724	933	934	1
725	934	935	1
726	935	936	1
727	936	937	1
728	937	938	1
729	938	939	1
730	939	940	1
731	940	941	1
732	941	942	1
733	942	943	1
734	943	944	1
735	944	945	1
736	945	946	1
737	946	947	1
738	947	948	1
739	948	949	1
740	949	950	1
741	950	951	1
742	951	952	1
743	952	953	1
744	953	954	1
745	954	955	1
746	955	956	1
747	956	957	1
748	957	958	1
749	958	959	1
750	959	960	1
751	960	961	1
752	961	962	1
753	962	963	1
754	963	964	1
755	964	965	1
756	965	966	1
757	966	967	1
758	967	968	1
759	968	969	1
760	969	970	1
761	970	971	1
762	971	972	1
763	972	973	1
764	973	974	1
765	974	975	1
766	975	976	1
767	976	977	1
768	977	978	1
769	978	979	1
770	979	980	1
771	980	981	1
772	981	982	1
773	982	983	1
774	983	984	1
775	984	985	1
776	985	986	1
777	986	987	1
778	987	988	1
779	988	989	1
780	989	990	1
781	990	991	1
782	991	992	1
783	992	993	1
784	993	994	1
785	994	995	1
786	995	996	1
787	996	997	1
788	997	998	1
789	998	999	1
790	999	1000	1
791	1000	1001	1
792	1001	1002	1
793	1002	1003	1
794	1003	1004	1
795	1004	1005	1
796	1005	1006	1
797	1006	1007	1
798	1007	1008	1
799	1008	1009	1
800	1009	1010	1
801	1010	1011	1
802	1011	1012	1
803	1012	1013	1
804	1013	1014	1
805	1014	1015	1
806	1015	1016	1
807	1016	1017	1
808	1017	1018	1
809	1018	1019	1
810	1019	1020	1
811	1020	1021	1
812	1021	1022	1
813	1022	1023	1
814	1023	1024	1
815	1024	1025	1
816	1025	1026	1
817	1026	1027	1
818	1027	1028	1
819	1028	1029	1
820	1029	1030	1
821	1030	1031	1
822	1031	1032	1
823	1032	1033	1
824	1033	1034	1
825	1034	1035	1
826	1035	1036	1
827	1036	1037	1
828	1037	1038	1
829	1038	1039	1
830	1039	1040	1
831	1040	1041	1
832	1041	1042	1
833	1042	1043	1
834	1043	1044	1
835	1044	1045	1
836	1045	1046	1
837	1046	1047	1
838	1047	1048	1
839	1048	1049	1
840	1049	1050	1
841	1050	1051	1
842	1051	1052	1
843	1052	1053	1
844	1053	1054	1
845	1054	1055	1
846	1055	1056	1
847	1056	1057	1
848	1057	1058	1
849	1058	1059	1
850	1059	1060	1
851	1060	1061	1
852	1061	1062	1
853	1062	1063	1
854	1063	1064	1
855	1064	1065	1
856	1065	1066	1
857	1066	1067	1
858	1067	1068	1
859	1068	1069	1
860	1069	1070	1
861	1070	1071	1
862	1071	1072	1
863	1072	1073	1
864	1073	1074	1
865	1074	1075	1
866	1075	1076	1
867	1076	1077	1
868	1077	1078	1
869	1078	1079	1
870	1079	1080	1
871	1080	1081	1
872	1081	1082	1
873	1082	1083	1
874	1083	1084	1
875	1084	1085	1
876	1085	1086	1
877	1086	1087	1
878	1087	1088	1
879	1088	1089	1
880	1089	1090	1
881	1090	1091	1
882	1091	1092	1
883	1092	1093	1
884	1093	1094	1
885	1094	1095	1
886	1095	1096	1
887	1096	1097	1
888	1097	1098	1
889	1098	1099	1
890	1099	1100	1
891	1100	1101	1
892	1101	1102	1
893	1102	1103	1
894	1103	1104	1
895	1104	1105	1
896	1105	1106	1
897	1106	1107	1
898	1107	1108	1
899	1108	1109	1
900	1109	1110	1
901	1110	1111	1
902	1111	1112	1
903	1112	1113	1
904	1113	1114	1
905	1114	1115	1
906	1115	1116	1
907	1116	1117	1
908	1117	1118	1
909	1118	1119	1
910	1119	1120	1
911	1120	1121	1
912	1121	1122	1
913	1122	1123	1
914	1123	1124	1
915	1124	1125	1
916	1125	1126	1
917	1126	1127	1
918	1127	1128	1
919	1128	1129	1
920	1129	1130	1
921	1130	1131	1
922	1131	1132	1
923	1132	1133	1
924	1133	1134	1
925	1134	1135	1
926	1135	1136	1
927	1136	1137	1
928	1137	1138	1
929	1138	1139	1
930	1139	1140	1
931	1140	1141	1
932	1141	1142	1
933	1142	1143	1
934	1143	1144	1
935	1144	1145	1
936	1145	1146	1
937	1146	1147	1
938	1147	1148	1
939	1148	1149	1
940	1149	1150	1
941	1150	1151	1
942	1151	1152	1
943	1152	1153	1
944	1153	1154	1
945	1154	1155	1
946	1155	1156	1
947	1156	1157	1
948	1157	1158	1
949	1158	1159	1
950	1159	1160	1
951	1160	1161	1
952	1161	1162	1
953	1162	1163	1
954	1163	1164	1
955	1164	1165	1
956	1165	1166	1
957	1166	1167	1
958	1167	1168	1
959	1168	1169	1
960	1169	1170	1
961	1170	1171	1
962	1171	1172	1
963	1172	1173	1
964	1173	1174	1
965	1174	1175	1
966	1175	1176	1
967	1176	1177	1
968	1177	1178	1
969	1178	1179	1
970	1179	1180	1
971	1180	1181	1
972	1181	1182	1
973	1182	1183	1
974	1183	1184	1
975	1184	1185	1
976	1185	1186	1
977	1186	1187	1
978	1187	1188	1
979	1188	1189	1
980	1189	1190	1
981	1190	1191	1
982	1191	1192	1
983	1192	1193	1
984	1193	1194	1
985	1194	1195	1
986	1195	1196	1
987	1196	1197	1
988	1197	1198	1
989	1198	1199	1
990	1199	1200	1
991	1200	1201	1
992	1201	1202	1
993	1202	1203	1
994	1203	1204	1
995	1204	1205	1
996	1205	1206	1
997	1206	1207	1
998	1207	1208	1
999	1208	1209	1
1000	1209	1210	1
1001	1210	1211	1
1002	1211	1212	1
1003	1212	1213	1
1004	1213	1214	1
1005	1214	1215	1
1006	1215	1216	1
1007	1216	1217	1
1008	1217	1218	1
1009	1218	1219	1
1010	1219	1220	1
1011	1220	1221	1
1012	1221	1222	1
1013	1222	1223	1
1014	1223	1224	1
1015	1224	1225	1
1016	1225	1226	1
1017	1226	1227	1
1018	1227	1228	1
1019	1228	1229	1
1020	1229	1230	1
1021	1230	1231	1
1022	1231	1232	1
1023	1232	1233	1
1024	1233	1234	1
1025	1234	1235	1
1026	1235	1236	1
1027	1236	1237	1
1028	1237	1238	1
1029	1238	1239	1
1030	1239	1240	1
1031	1240	1241	1
1032	1241	1242	1
1033	1242	1243	1
1034	1243	1244	1
1035	1244	1245	1
1036	1245	1246	1
1037	1246	1247	1
1038	1247	1248	1
1039	1248	1249	1
1040	1249	1250	1
1041	1250	1251	1
1042	1251	1252	1
1043	1252	1253	1
1044	1253	1254	1
1045	1254	1255	1
1046	1255	1256	1
1047	1256	1257	1
1048	1257	1258	1
1049	1258	1259	1
1050	1259	1260	1
1051	1260	1261	1
1052	1261	1262	1
1053	1262	1263	1
1054	1263	1264	1
1055	1264	1265	1
1056	1265	1266	1
1057	1266	1267	1
1058	1267	1268	1
1059	1268	1269	1
1060	1269	1270	1
1061	1270	1271	1
1062	1271	1272	1
1063	1272	1273	1
1064	1273	1274	1
1065	1274	1275	1
1066	1275	1276	1
1067	1276	1277	1
1068	1277	1278	1
1069	1278	1279	1
1070	1279	1280	1
1071	1280	1281	1
1072	1281	1282	1
1073	1282	1283	1
1074	1283	1284	1
1075	1284	1285	1
1076	1285	1286	1
1077	1286	1287	1
1078	1287	1288	1
1079	1288	1289	1
1080	1289	1290	1
1081	1290	1291	1
1082	1291	1292	1
1083	1292	1293	1
1084	1293	1294	1
1085	1294	1295	1
1086	1295	1296	1
1087	1296	1297	1
1088	1297	1298	1
1089	1298	1299	1
1090	1299	1300	1
1091	1300	1301	1
1092	1301	1302	1
1093	1302	1303	1
1094	1303	1304	1
1095	1304	1305	1
1096	1305	1306	1
1097	1306	1307	1
1098	1307	1308	1
1099	1308	1309	1
1100	1309	1310	1
1101	1310	1311	1
1102	1311	1312	1
1103	1312	1313	1
1104	1313	1314	1
1105	1314	1315	1
1106	1315	1316	1
1107	1316	1317	1
1108	1317	1318	1
1109	1318	1319	1
1110	1319	1320	1
1111	1320	1321	1
1112	1321	1322	1
1113	1322	1323	1
1114	1323	1324	1
1115	1324	1325	1
1116	1325	1326	1
1117	1326	1327	1
1118	1327	1328	1
1119	1328	1329	1
1120	1329	1330	1
1121	1330	1331	1
1122	1331	1332	1
1123	1332	1333	1
1124	1333	1334	1
1125	1334	1335	1
1126	1335	1336	1
1127	1336	1337	1
1128	1337	1338	1
1129	1338	1339	1
1130	1339	1340	1
1131	1340	1341	1
1132	1341	1342	1
1133	1342	1343	1
1134	1343	1344	1
1135	1344	1345	1
1136	1345	1346	1
1137	1346	1347	1
1138	1347	1348	1
1139	1348	1349	1
1140	1349	1350	1
1141	1350	1351	1
1142	1351	1352	1
1143	1352	1353	1
1144	1353	1354	1
1145	1354	1355	1
1146	1355	1356	1
1147	1356	1357	1
1148	1357	1358	1
1149	1358	1359	1
1150	1359	1360	1
1151	1360	1361	1
1152	1361	1362	1
1153	1362	1363	1
1154	1363	1364	1
1155	1364	1365	1
1156	1365	1366	1
1157	1366	1367	1
1158	1367	1368	1
1159	1368	1369	1
1160	1369	1370	1
1161	1370	1371	1
1162	1371	1372	1
1163	1372	1373	1
1164	1373	1374	1
1165	1374	1375	1
1166	1375	1376	1
1167	1376	1377	1
1168	1377	1378	1
1169	1378	1379	1
1170	1379	1380	1
1171	1380	1381	1
1172	1381	1382	1
1173	1382	1383	1
1174	1383	1384	1
1175	1384	1385	1
1176	1385	1386	1
1177	1386	1387	1
1178	1387	1388	1
1179	1388	1389	1
1180	1389	1390	1
1181	1390	1391	1
1182	1391	1392	1
1183	1392	1393	1
1184	1393	1394	1
1185	1394	1395	1
1186	1395	1396	1
1187	1396	1397	1
1188	1397	1398	1
1189	1398	1399	1
1190	1399	1400	1
1191	1400	1401	1
1192	1401	1402	1
1193	1402	1403	1
1194	1403	1404	1
1195	1404	1405	1
1196	1405	1406	1
1197	1406	1407	1
1198	1407	1408	1
1199	1408	1409	1
1200	1409	1410	1
1201	1410	1411	1
1202	1411	1412	1
1203	1412	1413	1
1204	1413	1414	1
1205	1414	1415	1
1206	1415	1416	1
1207	1416	1417	1
1208	1417	1418	1
1209	1418	1419	1
1210	1419	1420	1
1211	1420	1421	1
1212	1421	1422	1
1213	1422	1423	1
1214	1423	1424	1
1215	1424	1425	1
1216	1425	1426	1
1217	1426	1427	1
1218	1427	1428	1
1219	1428	1429	1
1220	1429	1430	1
1221	1430	1431	1
1222	1431	1432	1
1223	1432	1433	1
1224	1433	1434	1
1225	1434	1435	1
1226	1435	1436	1
1227	1436	1437	1
1228	1437	1438	1
1229	1438	1439	1
1230	1439	1440	1
1231	1440	1441	1
1232	1441	1442	1
1233	1442	1443	1
1234	1443	1444	1
1235	1444	1445	1
1236	1445	1446	1
1237	1446	1447	1
1238	1447	1448	1
1239	1448	1449	1
1240	1449	1450	1
1241	1450	1451	1
1242	1451	1452	1
1243	1452	1453	1
1244	1453	1454	1
1245	1454	1455	1
1246	1455	1456	1
1247	1456	1457	1
1248	1457	1458	1
1249	1458	1459	1
1250	1459	1460	1
1251	1460	1461	1
1252	1461	1462	1
1253	1462	1463	1
1254	1463	1464	1
1255	1464	1465	1
1256	1465	1466	1
1257	1466	1467	1
1258	1467	1468	1
1259	1468	1469	1
1260	1469	1470	1
1261	1470	1471	1
1262	1471	1472	1
1263	1472	1473	1
1264	1473	1474	1
1265	1474	1475	1
1266	1475	1476	1
1267	1476	1477	1
1268	1477	1478	1
1269	1478	1479	1
1270	1479	1480	1
1271	1480	1481	1
1272	1481	1482	1
1273	1482	1483	1
1274	1483	1484	1
1275	1484	1485	1
1276	1485	1486	1
1277	1486	1487	1
1278	1487	1488	1
1279	1488	1489	1
1280	1489	1490	1
1281	1490	1491	1
1282	1491	1492	1
1283	1492	1493	1
1284	1493	1494	1
1285	1494	1496	2
1286	1496	1498	2
1287	1498	1500	2
1288	1500	1502	2
1289	1502	1504	2
1290	1504	1506	2
1291	1506	1508	2
1292	1508	1510	2
1293	1510	1512	2
1294	1512	1514	2
1295	1514	1516	2
1296	1516	1518	2
1297	1518	1520	2
1298	1520	1522	2
1299	1522	1524	2
1300	1524	1526	2
1301	1526	1528	2
1302	1528	1530	2
1303	1530	1532	2
1304	1532	1534	2
1305	1534	1536	2
1306	1536	1538	2
1307	1538	1540	2
1308	1540	1542	2
1309	1542	1544	2
1310	1544	1546	2
1311	1546	1548	2
1312	1548	1550	2
1313	1550	1552	2
1314	1552	1554	2
1315	1554	1556	2
1316	1556	1558	2
1317	1558	1560	2
1318	1560	1562	2
1319	1562	1564	2
1320	1564	1566	2
1321	1566	1568	2
1322	1568	1570	2
1323	1570	1572	2
1324	1572	1574	2
1325	1574	1576	2
1326	1576	1578	2
1327	1578	1580	2
1328	1580	1582	2
1329	1582	1584	2
1330	1584	1586	2
1331	1586	1588	2
1332	1588	1590	2
1333	1590	1592	2
1334	1592	1594	2
1335	1594	1596	2
1336	1596	1598	2
1337	1598	1600	2
1338	1600	1602	2
1339	1602	1604	2
1340	1604	1606	2
1341	1606	1608	2
1342	1608	1610	2
1343	1610	1612	2
1344	1612	1614	2
1345	1614	1616	2
1346	1616	1618	2
1347	1618	1620	2
1348	1620	1622	2
1349	1622	1624	2
1350	1624	1626	2
1351	1626	1628	2
1352	1628	1630	2
1353	1630	1632	2
1354	1632	1634	2
1355	1634	1636	2
1356	1636	1638	2
1357	1638	1640	2
1358	1640	1642	2
1359	1642	1644	2
1360	1644	1646	2
1361	1646	1648	2
1362	1648	1650	2
1363	1650	1652	2
1364	1652	1654	2
1365	1654	1656	2
1366	1656	1658	2
1367	1658	1660	2
1368	1660	1662	2
1369	1662	1664	2
1370	1664	1666	2
1371	1666	1668	2
1372	1668	1670	2
1373	1670	1672	2
1374	1672	1674	2
1375	1674	1676	2
1376	1676	1678	2
1377	1678	1680	2
1378	1680	1682	2
1379	1682	1684	2
1380	1684	1686	2
1381	1686	1688	2
1382	1688	1690	2
1383	1690	1692	2
1384	1692	1694	2
1385	1694	1696	2
1386	1696	1698	2
1387	1698	1700	2
1388	1700	1702	2
1389	1702	1704	2
1390	1704	1706	2
1391	1706	1708	2
1392	1708	1710	2
1393	1710	1712	2
1394	1712	1714	2
1395	1714	1716	2
1396	1716	1718	2
1397	1718	1720	2
1398	1720	1722	2
1399	1722	1724	2
1400	1724	1726	2
1401	1726	1728	2
1402	1728	1730	2
1403	1730	1732	2
1404	1732	1734	2
1405	1734	1736	2
1406	1736	1738	2
1407	1738	1740	2
1408	1740	1742	2
1409	1742	1744	2
1410	1744	1746	2
1411	1746	1748	2
1412	1748	1750	2
1413	1750	1752	2
1414	1752	1754	2
1415	1754	1756	2
1416	1756	1758	2
1417	1758	1760	2
1418	1760	1762	2
1419	1762	1764	2
1420	1764	1766	2
1421	1766	1768	2
1422	1768	1770	2
1423	1770	1772	2
1424	1772	1774	2
1425	1774	1776	2
1426	1776	1778	2
1427	1778	1780	2
1428	1780	1782	2
1429	1782	1784	2
1430	1784	1786	2
1431	1786	1788	2
1432	1788	1790	2
1433	1790	1792	2
1434	1792	1794	2
1435	1794	1796	2
1436	1796	1798	2
1437	1798	1800	2
1438	1800	1802	2
1439	1802	1804	2
1440	1804	1806	2
1441	1806	1808	2
1442	1808	1810	2
1443	1810	1812	2
1444	1812	1814	2
1445	1814	1816	2
1446	1816	1818	2
1447	1818	1820	2
1448	1820	1822	2
1449	1822	1824	2
1450	1824	1826	2
1451	1826	1828	2
1452	1828	1830	2
1453	1830	1832	2
1454	1832	1834	2
1455	1834	1836	2
1456	1836	1838	2
1457	1838	1840	2
1458	1840	1842	2
1459	1842	1844	2
1460	1844	1846	2
1461	1846	1848	2
1462	1848	1850	2
1463	1850	1852	2
1464	1852	1854	2
1465	1854	1856	2
1466	1856	1858	2
1467	1858	1860	2
1468	1860	1862	2
1469	1862	1864	2
1470	1864	1866	2
1471	1866	1868	2
1472	1868	1870	2
1473	1870	1872	2
1474	1872	1874	2
1475	1874	1876	2
1476	1876	1878	2
1477	1878	1880	2
1478	1880	1882	2
1479	1882	1884	2
1480	1884	1886	2
1481	1886	1888	2
1482	1888	1890	2
1483	1890	1892	2
1484	1892	1894	2
1485	1894	1896	2
1486	1896	1898	2
1487	1898	1900	2
1488	1900	1902	2
1489	1902	1904	2
1490	1904	1906	2
1491	1906	1908	2
1492	1908	1910	2
1493	1910	1912	2
1494	1912	1914	2
1495	1914	1916	2
1496	1916	1918	2
1497	1918	1920	2
1498	1920	1922	2
1499	1922	1924	2
1500	1924	1926	2
1501	1926	1928	2
1502	1928	1930	2
1503	1930	1932	2
1504	1932	1934	2
1505	1934	1936	2
1506	1936	1938	2
1507	1938	1940	2
1508	1940	1942	2
1509	1942	1944	2
1510	1944	1946	2
1511	1946	1948	2
1512	1948	1950	2
1513	1950	1952	2
1514	1952	1954	2
1515	1954	1956	2
1516	1956	1958	2
1517	1958	1960	2
1518	1960	1962	2
1519	1962	1964	2
1520	1964	1966	2
1521	1966	1968	2
1522	1968	1970	2
1523	1970	1972	2
1524	1972	1974	2
1525	1974	1976	2
1526	1976	1978	2
1527	1978	1980	2
1528	1980	1982	2
1529	1982	1984	2
1530	1984	1986	2
1531	1986	1988	2
1532	1988	1990	2
1533	1990	1992	2
1534	1992	1994	2
1535	1994	1996	2
1536	1996	1998	2
1537	1998	2000	2
1538	2000	2002	2
1539	2002	2004	2
1540	2004	2006	2
1541	2006	2008	2
1542	2008	2010	2
1543	2010	2012	2
1544	2012	2014	2
1545	2014	2016	2
1546	2016	2018	2
1547	2018	2020	2
1548	2020	2022	2
1549	2022	2024	2
1550	2024	2026	2
1551	2026	2028	2
1552	2028	2030	2
1553	2030	2032	2
1554	2032	2034	2
1555	2034	2036	2
1556	2036	2038	2
1557	2038	2040	2
1558	2040	2042	2
1559	2042	2044	2
1560	2044	2046	2
1561	2046	2048	2
1562	2048	2050	2
1563	2050	2052	2
1564	2052	2054	2
1565	2054	2056	2
1566	2056	2058	2
1567	2058	2060	2
1568	2060	2062	2
1569	2062	2064	2
1570	2064	2066	2
1571	2066	2068	2
1572	2068	2070	2
1573	2070	2072	2
1574	2072	2074	2
1575	2074	2076	2
1576	2076	2078	2
1577	2078	2080	2
1578	2080	2082	2
1579	2082	2084	2
1580	2084	2086	2
1581	2086	2088	2
1582	2088	2090	2
1583	2090	2092	2
1584	2092	2094	2
1585	2094	2096	2
1586	2096	2098	2
1587	2098	2100	2
1588	2100	2102	2
1589	2102	2104	2
1590	2104	2106	2
1591	2106	2108	2
1592	2108	2110	2
1593	2110	2112	2
1594	2112	2114	2
1595	2114	2116	2
1596	2116	2118	2
1597	2118	2120	2
1598	2120	2122	2
1599	2122	2124	2
1600	2124	2126	2
1601	2126	2128	2
1602	2128	2130	2
1603	2130	2132	2
1604	2132	2134	2
1605	2134	2136	2
1606	2136	2138	2
1607	2138	2140	2
1608	2140	2142	2
1609	2142	2144	2
1610	2144	2146	2
1611	2146	2148	2
1612	2148	2150	2
1613	2150	2152	2
1614	2152	2154	2
1615	2154	2156	2
1616	2156	2158	2
1617	2158	2160	2
1618	2160	2162	2
1619	2162	2164	2
1620	2164	2166	2
1621	2166	2168	2
1622	2168	2170	2
1623	2170	2172	2
1624	2172	2174	2
1625	2174	2176	2
1626	2176	2178	2
1627	2178	2180	2
1628	2180	2182	2
1629	2182	2184	2
1630	2184	2186	2
1631	2186	2188	2
1632	2188	2190	2
1633	2190	2192	2
1634	2192	2194	2
1635	2194	2196	2
1636	2196	2198	2
1637	2198	2200	2
1638	2200	2202	2
1639	2202	2204	2
1640	2204	2206	2
1641	2206	2208	2
1642	2208	2210	2
1643	2210	2212	2
1644	2212	2214	2
1645	2214	2216	2
1646	2216	2218	2
1647	2218	2220	2
1648	2220	2222	2
1649	2222	2224	2
1650	2224	2226	2
1651	2226	2228	2
1652	2228	2230	2
1653	2230	2232	2
1654	2232	2234	2
1655	2234	2236	2
1656	2236	2238	2
1657	2238	2240	2
1658	2240	2242	2
1659	2242	2244	2
1660	2244	2246	2
1661	2246	2248	2
1662	2248	2250	2
1663	2250	2252	2
1664	2252	2254	2
1665	2254	2256	2
1666	2256	2258	2
1667	2258	2260	2
1668	2260	2262	2
1669	2262	2264	2
1670	2264	2266	2
1671	2266	2268	2
1672	2268	2270	2
1673	2270	2272	2
1674	2272	2274	2
1675	2274	2276	2
1676	2276	2278	2
1677	2278	2280	2
1678	2280	2282	2
1679	2282	2284	2
1680	2284	2286	2
1681	2286	2288	2
1682	2288	2290	2
1683	2290	2292	2
1684	2292	2294	2
1685	2294	2296	2
1686	2296	2298	2
1687	2298	2300	2
1688	2300	2302	2
1689	2302	2304	2
1690	2304	2306	2
1691	2306	2308	2
1692	2308	2310	2
1693	2310	2312	2
1694	2312	2314	2
1695	2314	2316	2
1696	2316	2318	2
1697	2318	2320	2
1698	2320	2322	2
1699	2322	2324	2
1700	2324	2326	2
1701	2326	2328	2
1702	2328	2330	2
1703	2330	2332	2
1704	2332	2334	2
1705	2334	2336	2
1706	2336	2338	2
1707	2338	2340	2
1708	2340	2342	2
1709	2342	2344	2
1710	2344	2346	2
1711	2346	2348	2
1712	2348	2350	2
1713	2350	2352	2
1714	2352	2354	2
1715	2354	2356	2
1716	2356	2358	2
1717	2358	2360	2
1718	2360	2362	2
1719	2362	2364	2
1720	2364	2366	2
1721	2366	2368	2
1722	2368	2370	2
1723	2370	2372	2
1724	2372	2374	2
1725	2374	2376	2
1726	2376	2378	2
1727	2378	2380	2
1728	2380	2382	2
1729	2382	2384	2
1730	2384	2386	2
1731	2386	2388	2
1732	2388	2390	2
1733	2390	2392	2
1734	2392	2394	2
1735	2394	2396	2
1736	2396	2398	2
1737	2398	2400	2
1738	2400	2402	2
1739	2402	2404	2
1740	2404	2406	2
1741	2406	2408	2
1742	2408	2410	2
1743	2410	2412	2
1744	2412	2414	2
1745	2414	2416	2
1746	2416	2418	2
1747	2418	2420	2
1748	2420	2422	2
1749	2422	2424	2
1750	2424	2426	2
1751	2426	2428	2
1752	2428	2430	2
1753	2430	2432	2
1754	2432	2434	2
1755	2434	2436	2
1756	2436	2438	2
1757	2438	2440	2
1758	2440	2442	2
1759	2442	2444	2
1760	2444	2446	2
1761	2446	2448	2
1762	2448	2450	2
1763	2450	2452	2
1764	2452	2454	2
1765	2454	2456	2
1766	2456	2458	2
1767	2458	2460	2
1768	2460	2462	2
1769	2462	2464	2
1770	2464	2466	2
1771	2466	2468	2
1772	2468	2470	2
1773	2470	2472	2
1774	2472	2474	2
1775	2474	2476	2
1776	2476	2478	2
1777	2478	2480	2
1778	2480	2482	2
1779	2482	2484	2
1780	2484	2486	2
1781	2486	2488	2
1782	2488	2490	2
1783	2490	2492	2
1784	2492	2494	2
1785	2494	2496	2
1786	2496	2498	2
1787	2498	2500	2
1788	2500	2502	2
1789	2502	2504	2
1790	2504	2506	2
1791	2506	2508	2
1792	2508	2510	2
1793	2510	2512	2
1794	2512	2514	2
1795	2514	2516	2
1796	2516	2518	2
1797	2518	2520	2
1798	2520	2522	2
1799	2522	2524	2
1800	2524	2526	2
1801	2526	2528	2
1802	2528	2530	2
1803	2530	2532	2
1804	2532	2534	2
1805	2534	2536	2
1806	2536	2538	2
1807	2538	2540	2
1808	2540	2542	2
1809	2542	2544	2
1810	2544	2546	2
1811	2546	2548	2
1812	2548	2550	2
1813	2550	2552	2
1814	2552	2554	2
1815	2554	2556	2
1816	2556	2558	2
1817	2558	2560	2
1818	2560	2562	2
1819	2562	2564	2
1820	2564	2566	2
1821	2566	2568	2
1822	2568	2570	2
1823	2570	2572	2
1824	2572	2574	2
1825	2574	2576	2
1826	2576	2578	2
1827	2578	2580	2
1828	2580	2582	2
1829	2582	2584	2
1830	2584	2586	2
1831	2586	2588	2
1832	2588	2590	2
1833	2590	2592	2
1834	2592	2594	2
1835	2594	2596	2
1836	2596	2598	2
1837	2598	2600	2
1838	2600	2602	2
1839	2602	2604	2
1840	2604	2606	2
1841	2606	2608	2
1842	2608	2611	3
1843	2611	2614	3
1844	2614	2617	3
1845	2617	2620	3
1846	2620	2623	3
1847	2623	2626	3
1848	2626	2629	3
1849	2629	2632	3
1850	2632	2635	3
1851	2635	2638	3
1852	2638	2641	3
1853	2641	2644	3
1854	2644	2647	3
1855	2647	2650	3
1856	2650	2653	3
1857	2653	2656	3
1858	2656	2659	3
1859	2659	2662	3
1860	2662	2665	3
1861	2665	2668	3
1862	2668	2671	3
1863	2671	2674	3
1864	2674	2677	3
1865	2677	2680	3
1866	2680	2683	3
1867	2683	2686	3
1868	2686	2689	3
1869	2689	2692	3
1870	2692	2695	3
1871	2695	2698	3
1872	2698	2701	3
1873	2701	2704	3
1874	2704	2707	3
1875	2707	2710	3
1876	2710	2713	3
1877	2713	2716	3
1878	2716	2719	3
1879	2719	2722	3
1880	2722	2725	3
1881	2725	2728	3
1882	2728	2731	3
1883	2731	2734	3
1884	2734	2737	3
1885	2737	2740	3
1886	2740	2743	3
1887	2743	2746	3
1888	2746	2749	3
1889	2749	2752	3
1890	2752	2755	3
1891	2755	2758	3
1892	2758	2761	3
1893	2761	2764	3
1894	2764	2767	3
1895	2767	2770	3
1896	2770	2773	3
1897	2773	2776	3
1898	2776	2779	3
1899	2779	2782	3
1900	2782	2785	3
1901	2785	2788	3
1902	2788	2791	3
1903	2791	2794	3
1904	2794	2797	3
1905	2797	2800	3
1906	2800	2803	3
1907	2803	2806	3
1908	2806	2809	3
1909	2809	2812	3
1910	2812	2815	3
1911	2815	2818	3
1912	2818	2821	3
1913	2821	2824	3
1914	2824	2827	3
1915	2827	2830	3
1916	2830	2833	3
1917	2833	2836	3
1918	2836	2839	3
1919	2839	2842	3
1920	2842	2845	3
1921	2845	2848	3
1922	2848	2851	3
1923	2851	2854	3
1924	2854	2857	3
1925	2857	2860	3
1926	2860	2863	3
1927	2863	2866	3
1928	2866	2869	3
1929	2869	2872	3
1930	2872	2875	3
1931	2875	2878	3
1932	2878	2881	3
1933	2881	2884	3
1934	2884	2887	3
1935	2887	2890	3
1936	2890	2893	3
1937	2893	2896	3
1938	2896	2899	3
1939	2899	2902	3
1940	2902	2905	3
1941	2905	2908	3
1942	2908	2911	3
1943	2911	2914	3
1944	2914	2917	3
1945	2917	2920	3
1946	2920	2923	3
1947	2923	2926	3
1948	2926	2929	3
1949	2929	2932	3
1950	2932	2935	3
1951	2935	2938	3
1952	2938	2941	3
1953	2941	2944	3
1954	2944	2947	3
1955	2947	2950	3
1956	2950	2953	3
1957	2953	2956	3
1958	2956	2959	3
1959	2959	2962	3
1960	2962	2965	3
1961	2965	2968	3
1962	2968	2971	3
1963	2971	2974	3
1964	2974	2977	3
1965	2977	2980	3
1966	2980	2983	3
1967	2983	2986	3
1968	2986	2989	3
1969	2989	2992	3
1970	2992	2995	3
1971	2995	2998	3
1972	2998	3001	3
1973	3001	3004	3
1974	3004	3007	3
1975	3007	3010	3
1976	3010	3013	3
1977	3013	3016	3
1978	3016	3019	3
1979	3019	3022	3
1980	3022	3025	3
1981	3025	3028	3
1982	3028	3031	3
1983	3031	3034	3
1984	3034	3037	3
1985	3037	3040	3
1986	3040	3043	3
1987	3043	3046	3
1988	3046	3049	3
1989	3049	3052	3
1990	3052	3055	3
1991	3055	3058	3
1992	3058	3061	3
1993	3061	3064	3
1994	3064	3067	3
1995	3067	3070	3
1996	3070	3073	3
1997	3073	3076	3
1998	3076	3079	3
1999	3079	3082	3
2000	3082	3085	3
2001	3085	3088	3
2002	3088	3091	3
2003	3091	3094	3
2004	3094	3097	3
2005	3097	3100	3
2006	3100	3103	3
2007	3103	3106	3
2008	3106	3109	3
2009	3109	3112	3
2010	3112	3115	3
2011	3115	3118	3
2012	3118	3121	3
2013	3121	3124	3
2014	3124	3127	3
2015	3127	3130	3
2016	3130	3133	3
2017	3133	3136	3
2018	3136	3139	3
2019	3139	3142	3
2020	3142	3145	3
2021	3145	3148	3
2022	3148	3151	3
2023	3151	3154	3
2024	3154	3157	3
2025	3157	3160	3
2026	3160	3163	3
2027	3163	3166	3
2028	3166	3169	3
2029	3169	3172	3
2030	3172	3175	3
2031	3175	3178	3
2032	3178	3181	3
2033	3181	3184	3
2034	3184	3187	3
2035	3187	3190	3
2036	3190	3193	3
2037	3193	3196	3
2038	3196	3199	3
2039	3199	3202	3
2040	3202	3205	3
2041	3205	3208	3
2042	3208	3211	3
2043	3211	3214	3
2044	3214	3217	3
2045	3217	3220	3
2046	3220	3223	3
2047	3223	3226	3
2048	3226	3229	3
2049	3229	3232	3
2050	3232	3235	3
2051	3235	3238	3
2052	3238	3241	3
2053	3241	3244	3
2054	3244	3247	3
2055	3247	3250	3
2056	3250	3253	3
2057	3253	3256	3
2058	3256	3259	3
2059	3259	3262	3
2060	3262	3265	3
2061	3265	3268	3
2062	3268	3271	3
2063	3271	3274	3
2064	3274	3277	3
2065	3277	3280	3
2066	3280	3283	3
2067	3283	3286	3
2068	3286	3289	3
2069	3289	3292	3
2070	3292	3295	3
2071	3295	3298	3
2072	3298	3301	3
2073	3301	3304	3
2074	3304	3307	3
2075	3307	3310	3
2076	3310	3313	3
2077	3313	3316	3
2078	3316	3319	3
2079	3319	3322	3
2080	3322	3325	3
2081	3325	3328	3
2082	3328	3331	3
2083	3331	3334	3
2084	3334	3337	3
2085	3337	3340	3
2086	3340	3343	3
2087	3343	3346	3
2088	3346	3349	3
2089	3349	3352	3
2090	3352	3355	3
2091	3355	3358	3
2092	3358	3361	3
2093	3361	3364	3
2094	3364	3367	3
2095	3367	3370	3
2096	3370	3373	3
2097	3373	3376	3
2098	3376	3379	3
2099	3379	3382	3
2100	3382	3385	3
2101	3385	3388	3
2102	3388	3391	3
2103	3391	3394	3
2104	3394	3397	3
2105	3397	3400	3
2106	3400	3404	4
2107	3404	3408	4
2108	3408	3412	4
2109	3412	3416	4
2110	3416	3420	4
2111	3420	3424	4
2112	3424	3428	4
2113	3428	3432	4
2114	3432	3436	4
2115	3436	3440	4
2116	3440	3444	4
2117	3444	3448	4
2118	3448	3452	4
2119	3452	3456	4
2120	3456	3460	4
2121	3460	3464	4
2122	3464	3468	4
2123	3468	3472	4
2124	3472	3476	4
2125	3476	3480	4
2126	3480	3484	4
2127	3484	3488	4
2128	3488	3492	4
2129	3492	3496	4
2130	3496	3500	4
2131	3500	3504	4
2132	3504	3508	4
2133	3508	3512	4
2134	3512	3516	4
2135	3516	3520	4
2136	3520	3524	4
2137	3524	3528	4
2138	3528	3532	4
2139	3532	3536	4
2140	3536	3540	4
2141	3540	3544	4
2142	3544	3548	4
2143	3548	3552	4
2144	3552	3556	4
2145	3556	3560	4
2146	3560	3564	4
2147	3564	3568	4
2148	3568	3572	4
2149	3572	3576	4
2150	3576	3580	4
2151	3580	3584	4
2152	3584	3588	4
2153	3588	3592	4
2154	3592	3596	4
2155	3596	3600	4
2156	3600	3604	4
2157	3604	3608	4
2158	3608	3612	4
2159	3612	3616	4
2160	3616	3620	4
2161	3620	3624	4
2162	3624	3628	4
2163	3628	3632	4
2164	3632	3636	4
2165	3636	3640	4
2166	3640	3644	4
2167	3644	3648	4
2168	3648	3652	4
2169	3652	3656	4
2170	3656	3660	4
2171	3660	3664	4
2172	3664	3668	4
2173	3668	3672	4
2174	3672	3676	4
2175	3676	3680	4
2176	3680	3684	4
2177	3684	3688	4
2178	3688	3692	4
2179	3692	3696	4
2180	3696	3700	4
2181	3700	3704	4
2182	3704	3708	4
2183	3708	3712	4
2184	3712	3716	4
2185	3716	3720	4
2186	3720	3724	4
2187	3724	3728	4
2188	3728	3732	4
2189	3732	3736	4
2190	3736	3740	4
2191	3740	3744	4
2192	3744	3748	4
2193	3748	3752	4
2194	3752	3756	4
2195	3756	3760	4
2196	3760	3764	4
2197	3764	3768	4
2198	3768	3772	4
2199	3772	3776	4
2200	3776	3780	4
2201	3780	3784	4
2202	3784	3788	4
2203	3788	3792	4
2204	3792	3796	4
2205	3796	3800	4
2206	3800	3804	4
2207	3804	3808	4
2208	3808	3812	4
2209	3812	3816	4
2210	3816	3820	4
2211	3820	3824	4
2212	3824	3828	4
2213	3828	3832	4
2214	3832	3836	4
2215	3836	3840	4
2216	3840	3844	4
2217	3844	3848	4
2218	3848	3852	4
2219	3852	3856	4
2220	3856	3860	4
2221	3860	3864	4
2222	3864	3868	4
2223	3868	3872	4
2224	3872	3876	4
2225	3876	3880	4
2226	3880	3884	4
2227	3884	3888	4
2228	3888	3892	4
2229	3892	3896	4
2230	3896	3900	4
2231	3900	3904	4
2232	3904	3908	4
2233	3908	3912	4
2234	3912	3916	4
2235	3916	3920	4
2236	3920	3924	4
2237	3924	3928	4
2238	3928	3932	4
2239	3932	3936	4
2240	3936	3940	4
2241	3940	3944	4
2242	3944	3948	4
2243	3948	3952	4
2244	3952	3956	4
2245	3956	3960	4
2246	3960	3964	4
2247	3964	3968	4
2248	3968	3972	4
2249	3972	3977	5
2250	3977	3982	5
2251	3982	3987	5
2252	3987	3992	5
2253	3992	3997	5
2254	3997	4002	5
2255	4002	4007	5
2256	4007	4012	5
2257	4012	4017	5
2258	4017	4022	5
2259	4022	4027	5
2260	4027	4032	5
2261	4032	4037	5
2262	4037	4042	5
2263	4042	4047	5
2264	4047	4052	5
2265	4052	4057	5
2266	4057	4062	5
2267	4062	4067	5
2268	4067	4072	5
2269	4072	4077	5
2270	4077	4082	5
2271	4082	4087	5
2272	4087	4092	5
2273	4092	4097	5
2274	4097	4102	5
2275	4102	4107	5
2276	4107	4112	5
2277	4112	4117	5
2278	4117	4122	5
2279	4122	4127	5
2280	4127	4132	5
2281	4132	4137	5
2282	4137	4142	5
2283	4142	4147	5
2284	4147	4152	5
2285	4152	4157	5
2286	4157	4162	5
2287	4162	4167	5
2288	4167	4172	5
2289	4172	4177	5
2290	4177	4182	5
2291	4182	4187	5
2292	4187	4192	5
2293	4192	4197	5
2294	4197	4202	5
2295	4202	4207	5
2296	4207	4212	5
2297	4212	4217	5
2298	4217	4222	5
2299	4222	4227	5
2300	4227	4232	5
2301	4232	4237	5
2302	4237	4242	5
2303	4242	4247	5
2304	4247	4252	5
2305	4252	4257	5
2306	4257	4262	5
2307	4262	4267	5
2308	4267	4272	5
2309	4272	4277	5
2310	4277	4282	5
2311	4282	4287	5
2312	4287	4292	5
2313	4292	4297	5
2314	4297	4302	5
2315	4302	4307	5
2316	4307	4312	5
2317	4312	4317	5
2318	4317	4322	5
2319	4322	4327	5
2320	4327	4332	5
2321	4332	4337	5
2322	4337	4342	5
2323	4342	4347	5
2324	4347	4352	5
2325	4352	4357	5
2326	4357	4362	5
2327	4362	4367	5
2328	4367	4372	5
2329	4372	4377	5
2330	4377	4382	5
2331	4382	4387	5
2332	4387	4392	5
2333	4392	4397	5
2334	4397	4402	5
2335	4402	4407	5
2336	4407	4412	5
2337	4412	4417	5
2338	4417	4422	5
2339	4422	4427	5
2340	4427	4432	5
2341	4432	4437	5
2342	4437	4442	5
2343	4442	4447	5
2344	4447	4452	5
2345	4452	4457	5
2346	4457	4462	5
2347	4462	4467	5
2348	4467	4472	5
2349	4472	4477	5
2350	4477	4482	5
2351	4482	4487	5
2352	4487	4492	5
2353	4492	4497	5
2354	4497	4502	5
2355	4502	4507	5
2356	4507	4512	5
2357	4512	4517	5
2358	4517	4522	5
2359	4522	4527	5
2360	4527	4532	5
2361	4532	4537	5
2362	4537	4542	5
2363	4542	4547	5
2364	4547	4552	5
2365	4552	4557	5
2366	4557	4563	6
2367	4563	4569	6
2368	4569	4575	6
2369	4575	4581	6
2370	4581	4587	6
2371	4587	4593	6
2372	4593	4599	6
2373	4599	4605	6
2374	4605	4611	6
2375	4611	4617	6
2376	4617	4623	6
2377	4623	4629	6
2378	4629	4635	6
2379	4635	4641	6
2380	4641	4647	6
2381	4647	4653	6
2382	4653	4659	6
2383	4659	4665	6
2384	4665	4671	6
2385	4671	4677	6
2386	4677	4683	6
2387	4683	4689	6
2388	4689	4695	6
2389	4695	4701	6
2390	4701	4707	6
2391	4707	4713	6
2392	4713	4719	6
2393	4719	4725	6
2394	4725	4731	6
2395	4731	4737	6
2396	4737	4743	6
2397	4743	4749	6
2398	4749	4755	6
2399	4755	4761	6
2400	4761	4767	6
2401	4767	4773	6
2402	4773	4779	6
2403	4779	4785	6
2404	4785	4791	6
2405	4791	4797	6
2406	4797	4803	6
2407	4803	4809	6
2408	4809	4815	6
2409	4815	4821	6
2410	4821	4827	6
2411	4827	4833	6
2412	4833	4839	6
2413	4839	4845	6
2414	4845	4851	6
2415	4851	4857	6
2416	4857	4863	6
2417	4863	4869	6
2418	4869	4875	6
2419	4875	4881	6
2420	4881	4887	6
2421	4887	4893	6
2422	4893	4899	6
2423	4899	4905	6
2424	4905	4911	6
2425	4911	4917	6
2426	4917	4923	6
2427	4923	4929	6
2428	4929	4935	6
2429	4935	4941	6
2430	4941	4947	6
2431	4947	4953	6
2432	4953	4959	6
2433	4959	4966	7
2434	4966	4973	7
2435	4973	4980	7
2436	4980	4987	7
2437	4987	4994	7
2438	4994	5001	7
2439	5001	5008	7
2440	5008	5015	7
2441	5015	5022	7
2442	5022	5029	7
2443	5029	5036	7
2444	5036	5043	7
2445	5043	5050	7
2446	5050	5057	7
2447	5057	5064	7
2448	5064	5071	7
2449	5071	5078	7
2450	5078	5085	7
2451	5085	5092	7
2452	5092	5099	7
2453	5099	5106	7
2454	5106	5113	7
2455	5113	5120	7
2456	5120	5127	7
2457	5127	5134	7
2458	5134	5141	7
2459	5141	5148	7
2460	5148	5155	7
2461	5155	5162	7
2462	5162	5169	7
2463	5169	5176	7
2464	5176	5183	7
2465	5183	5190	7
2466	5190	5197	7
2467	5197	5204	7
2468	5204	5211	7
2469	5211	5218	7
2470	5218	5225	7
2471	5225	5232	7
2472	5232	5239	7
2473	5239	5246	7
2474	5246	5253	7
2475	5253	5260	7
2476	5260	5267	7
2477	5267	5274	7
2478	5274	5281	7
2479	5281	5288	7
2480	5288	5295	7
2481	5295	5302	7
2482	5302	5309	7
2483	5309	5316	7
2484	5316	5323	7
2485	5323	5330	7
2486	5330	5337	7
2487	5337	5344	7
2488	5344	5351	7
2489	5351	5358	7
2490	5358	5365	7
2491	5365	5372	7
2492	5372	5379	7
2493	5379	5386	7
2494	5386	5393	7
2495	5393	5400	7
2496	5400	5407	7
2497	5407	5414	7
2498	5414	5421	7
2499	5421	5428	7
2500	5428	5435	7
2501	5435	5443	8
2502	5443	5451	8
2503	5451	5459	8
2504	5459	5467	8
2505	5467	5475	8
2506	5475	5483	8
2507	5483	5491	8
2508	5491	5499	8
2509	5499	5507	8
2510	5507	5515	8
2511	5515	5523	8
2512	5523	5531	8
2513	5531	5539	8
2514	5539	5547	8
2515	5547	5555	8
2516	5555	5563	8
2517	5563	5571	8
2518	5571	5579	8
2519	5579	5587	8
2520	5587	5595	8
2521	5595	5603	8
2522	5603	5611	8
2523	5611	5619	8
2524	5619	5627	8
2525	5627	5635	8
2526	5635	5643	8
2527	5643	5651	8
2528	5651	5659	8
2529	5659	5667	8
2530	5667	5675	8
2531	5675	5683	8
2532	5683	5691	8
2533	5691	5699	8
2534	5699	5707	8
2535	5707	5715	8
2536	5715	5723	8
2537	5723	5731	8
2538	5731	5739	8
2539	5739	5747	8
2540	5747	5755	8
2541	5755	5763	8
2542	5763	5771	8
2543	5771	5779	8
2544	5779	5787	8
2545	5787	5795	8
2546	5795	5803	8
2547	5803	5811	8
2548	5811	5819	8
2549	5819	5827	8
2550	5827	5836	9
2551	5836	5845	9
2552	5845	5854	9
2553	5854	5863	9
2554	5863	5872	9
2555	5872	5881	9
2556	5881	5890	9
2557	5890	5899	9
2558	5899	5908	9
2559	5908	5917	9
2560	5917	5926	9
2561	5926	5935	9
2562	5935	5944	9
2563	5944	5953	9
2564	5953	5962	9
2565	5962	5971	9
2566	5971	5980	9
2567	5980	5989	9
2568	5989	5998	9
2569	5998	6007	9
2570	6007	6016	9
2571	6016	6025	9
2572	6025	6034	9
2573	6034	6043	9
2574	6043	6052	9
2575	6052	6061	9
2576	6061	6070	9
2577	6070	6079	9
2578	6079	6088	9
2579	6088	6097	9
2580	6097	6106	9
2581	6106	6115	9
2582	6115	6124	9
2583	6124	6133	9
2584	6133	6142	9
2585	6142	6152	10
2586	6152	6162	10
2587	6162	6172	10
2588	6172	6182	10
2589	6182	6192	10
2590	6192	6202	10
2591	6202	6212	10
2592	6212	6222	10
2593	6222	6232	10
2594	6232	6242	10
2595	6242	6252	10
2596	6252	6262	10
2597	6262	6272	10
2598	6272	6282	10
2599	6282	6292	10
2600	6292	6302	10
2601	6302	6312	10
2602	6312	6322	10
2603	6322	6332	10
2604	6332	6342	10
2605	6342	6352	10
2606	6352	6362	10
2607	6362	6372	10
2608	6372	6382	10
2609	6382	6392	10
2610	6392	6402	10
2611	6402	6412	10
2612	6412	6422	10
2613	6422	6432	10
2614	6432	6442	10
2615	6442	6452	10
2616	6452	6462	10
2617	6462	6473	11
2618	6473	6484	11
2619	6484	6495	11
2620	6495	6506	11
2621	6506	6517	11
2622	6517	6528	11
2623	6528	6539	11
2624	6539	6550	11
2625	6550	6561	11
2626	6561	6572	11
2627	6572	6583	11
2628	6583	6594	11
2629	6594	6605	11
2630	6605	6616	11
2631	6616	6627	11
2632	6627	6638	11
2633	6638	6649	11
2634	6649	6660	11
2635	6660	6671	11
2636	6671	6682	11
2637	6682	6693	11
2638	6693	6704	11
2639	6704	6715	11
2640	6715	6726	11
2641	6726	6737	11
2642	6737	6748	11
2643	6748	6759	11
2644	6759	6770	11
2645	6770	6781	11
2646	6781	6792	11
2647	6792	6803	11
2648	6803	6814	11
2649	6814	6825	11
2650	6825	6836	11
2651	6836	6848	12
2652	6848	6860	12
2653	6860	6872	12
2654	6872	6884	12
2655	6884	6896	12
2656	6896	6908	12
2657	6908	6920	12
2658	6920	6932	12
2659	6932	6944	12
2660	6944	6956	12
2661	6956	6968	12
2662	6968	6980	12
2663	6980	6992	12
2664	6992	7004	12
2665	7004	7016	12
2666	7016	7028	12
2667	7028	7040	12
2668	7040	7052	12
2669	7052	7064	12
2670	7064	7076	12
2671	7076	7088	12
2672	7088	7100	12
2673	7100	7112	12
2674	7112	7124	12
2675	7124	7136	12
2676	7136	7148	12
2677	7148	7161	13
2678	7161	7174	13
2679	7174	7187	13
2680	7187	7200	13
2681	7200	7213	13
2682	7213	7226	13
2683	7226	7239	13
2684	7239	7252	13
2685	7252	7265	13
2686	7265	7278	13
2687	7278	7291	13
2688	7291	7304	13
2689	7304	7317	13
2690	7317	7330	13
2691	7330	7343	13
2692	7343	7356	13
2693	7356	7369	13
2694	7369	7382	13
2695	7382	7395	13
2696	7395	7408	13
2697	7408	7421	13
2698	7421	7434	13
2699	7434	7448	14
2700	7448	7462	14
2701	7462	7476	14
2702	7476	7490	14
2703	7490	7504	14
2704	7504	7518	14
2705	7518	7532	14
2706	7532	7546	14
2707	7546	7560	14
2708	7560	7574	14
2709	7574	7588	14
2710	7588	7602	14
2711	7602	7616	14
2712	7616	7630	14
2713	7630	7644	14
2714	7644	7658	14
2715	7658	7672	14
2716	7672	7687	15
2717	7687	7702	15
2718	7702	7717	15
2719	7717	7732	15
2720	7732	7747	15
2721	7747	7762	15
2722	7762	7777	15
2723	7777	7792	15
2724	7792	7807	15
2725	7807	7822	15
2726	7822	7837	15
2727	7837	7852	15
2728	7852	7867	15
2729	7867	7882	15
2730	7882	7898	16
2731	7898	7914	16
2732	7914	7930	16
2733	7930	7946	16
2734	7946	7962	16
2735	7962	7978	16
2736	7978	7994	16
2737	7994	8010	16
2738	8010	8026	16
2739	8026	8042	16
2740	8042	8058	16
2741	8058	8074	16
2742	8074	8090	16
2743	8090	8106	16
2744	8106	8122	16
2745	8122	8138	16
2746	8138	8154	16
2747	8154	8170	16
2748	8170	8187	17
2749	8187	8204	17
2750	8204	8221	17
2751	8221	8238	17
2752	8238	8255	17
2753	8255	8272	17
2754	8272	8289	17
2755	8289	8306	17
2756	8306	8323	17
2757	8323	8340	17
2758	8340	8357	17
2759	8357	8374	17
2760	8374	8391	17
2761	8391	8408	17
2762	8408	8425	17
2763	8425	8442	17
2764	8442	8459	17
2765	8459	8477	18
2766	8477	8495	18
2767	8495	8513	18
2768	8513	8531	18
2769	8531	8549	18
2770	8549	8567	18
2771	8567	8585	18
2772	8585	8603	18
2773	8603	8621	18
2774	8621	8639	18
2775	8639	8657	18
2776	8657	8675	18
2777	8675	8693	18
2778	8693	8711	18
2779	8711	8729	18
2780	8729	8748	19
2781	8748	8767	19
2782	8767	8786	19
2783	8786	8805	19
2784	8805	8824	19
2785	8824	8843	19
2786	8843	8862	19
2787	8862	8881	19
2788	8881	8900	19
2789	8900	8919	19
2790	8919	8938	19
2791	8938	8957	19
2792	8957	8977	20
2793	8977	8997	20
2794	8997	9017	20
2795	9017	9037	20
2796	9037	9057	20
2797	9057	9077	20
2798	9077	9097	20
2799	9097	9117	20
2800	9117	9137	20
2801	9137	9157	20
2802	9157	9177	20
2803	9177	9198	21
2804	9198	9219	21
2805	9219	9240	21
2806	9240	9261	21
2807	9261	9282	21
2808	9282	9303	21
2809	9303	9324	21
2810	9324	9345	21
2811	9345	9366	21
2812	9366	9387	21
2813	9387	9409	22
2814	9409	9431	22
2815	9431	9453	22
2816	9453	9475	22
2817	9475	9497	22
2818	9497	9519	22
2819	9519	9541	22
2820	9541	9563	22
2821	9563	9585	22
2822	9585	9608	23
2823	9608	9631	23
2824	9631	9654	23
2825	9654	9677	23
2826	9677	9700	23
2827	9700	9723	23
2828	9723	9746	23
2829	9746	9770	24
2830	9770	9794	24
2831	9794	9818	24
2832	9818	9842	24
2833	9842	9866	24
2834	9866	9890	24
2835	9890	9914	24
2836	9914	9939	25
2837	9939	9964	25
2838	9964	9989	25
2839	9989	10014	25
2840	10014	10039	25
2841	10039	10064	25
2842	10064	10089	25
2843	10089	10114	25
2844	10114	10140	26
2845	10140	10166	26
2846	10166	10192	26
