#
#N Pointing	tstart	tend	Obs time
#		s
1	210	211	1
2	211	212	1
3	212	213	1
4	213	214	1
5	214	215	1
6	215	216	1
7	216	217	1
8	217	218	1
9	218	219	1
10	219	220	1
11	220	221	1
12	221	222	1
13	222	223	1
14	223	224	1
15	224	225	1
16	225	226	1
17	226	227	1
18	227	228	1
19	228	229	1
20	229	230	1
21	230	231	1
22	231	232	1
23	232	233	1
24	233	234	1
25	234	235	1
26	235	236	1
27	236	237	1
28	237	238	1
29	238	239	1
30	239	240	1
31	240	241	1
32	241	242	1
33	242	243	1
34	243	244	1
35	244	245	1
36	245	246	1
37	246	247	1
38	247	248	1
39	248	249	1
40	249	250	1
41	250	251	1
42	251	252	1
43	252	253	1
44	253	254	1
45	254	255	1
46	255	256	1
47	256	257	1
48	257	258	1
49	258	259	1
50	259	260	1
51	260	261	1
52	261	262	1
53	262	263	1
54	263	264	1
55	264	265	1
56	265	266	1
57	266	267	1
58	267	268	1
59	268	269	1
60	269	270	1
61	270	271	1
62	271	272	1
63	272	273	1
64	273	274	1
65	274	275	1
66	275	276	1
67	276	277	1
68	277	278	1
69	278	279	1
70	279	280	1
71	280	281	1
72	281	282	1
73	282	283	1
74	283	284	1
75	284	285	1
76	285	286	1
77	286	287	1
78	287	288	1
79	288	289	1
80	289	290	1
81	290	291	1
82	291	292	1
83	292	293	1
84	293	294	1
85	294	295	1
86	295	296	1
87	296	297	1
88	297	298	1
89	298	299	1
90	299	300	1
91	300	301	1
92	301	302	1
93	302	303	1
94	303	304	1
95	304	305	1
96	305	306	1
97	306	307	1
98	307	308	1
99	308	309	1
100	309	310	1
101	310	311	1
102	311	312	1
103	312	313	1
104	313	314	1
105	314	315	1
106	315	316	1
107	316	317	1
108	317	318	1
109	318	319	1
110	319	320	1
111	320	321	1
112	321	322	1
113	322	323	1
114	323	324	1
115	324	325	1
116	325	326	1
117	326	327	1
118	327	328	1
119	328	329	1
120	329	330	1
121	330	331	1
122	331	332	1
123	332	333	1
124	333	334	1
125	334	335	1
126	335	336	1
127	336	337	1
128	337	338	1
129	338	339	1
130	339	340	1
131	340	341	1
132	341	342	1
133	342	343	1
134	343	344	1
135	344	345	1
136	345	346	1
137	346	347	1
138	347	348	1
139	348	349	1
140	349	350	1
141	350	351	1
142	351	352	1
143	352	353	1
144	353	354	1
145	354	355	1
146	355	356	1
147	356	357	1
148	357	358	1
149	358	359	1
150	359	360	1
151	360	361	1
152	361	362	1
153	362	363	1
154	363	364	1
155	364	365	1
156	365	366	1
157	366	367	1
158	367	368	1
159	368	369	1
160	369	370	1
161	370	371	1
162	371	372	1
163	372	373	1
164	373	374	1
165	374	375	1
166	375	376	1
167	376	377	1
168	377	378	1
169	378	379	1
170	379	380	1
171	380	381	1
172	381	382	1
173	382	383	1
174	383	384	1
175	384	385	1
176	385	386	1
177	386	387	1
178	387	388	1
179	388	389	1
180	389	390	1
181	390	391	1
182	391	392	1
183	392	393	1
184	393	394	1
185	394	395	1
186	395	396	1
187	396	397	1
188	397	398	1
189	398	399	1
190	399	400	1
191	400	401	1
192	401	402	1
193	402	403	1
194	403	404	1
195	404	405	1
196	405	406	1
197	406	407	1
198	407	408	1
199	408	409	1
200	409	410	1
201	410	411	1
202	411	412	1
203	412	413	1
204	413	414	1
205	414	415	1
206	415	416	1
207	416	417	1
208	417	418	1
209	418	419	1
210	419	420	1
211	420	421	1
212	421	422	1
213	422	423	1
214	423	424	1
215	424	425	1
216	425	426	1
217	426	427	1
218	427	428	1
219	428	429	1
220	429	430	1
221	430	431	1
222	431	432	1
223	432	433	1
224	433	434	1
225	434	435	1
226	435	436	1
227	436	437	1
228	437	438	1
229	438	439	1
230	439	440	1
231	440	441	1
232	441	442	1
233	442	443	1
234	443	444	1
235	444	445	1
236	445	446	1
237	446	447	1
238	447	448	1
239	448	449	1
240	449	450	1
241	450	451	1
242	451	452	1
243	452	453	1
244	453	454	1
245	454	455	1
246	455	456	1
247	456	457	1
248	457	458	1
249	458	459	1
250	459	460	1
251	460	461	1
252	461	462	1
253	462	463	1
254	463	464	1
255	464	465	1
256	465	466	1
257	466	467	1
258	467	468	1
259	468	469	1
260	469	470	1
261	470	471	1
262	471	472	1
263	472	473	1
264	473	474	1
265	474	475	1
266	475	476	1
267	476	477	1
268	477	478	1
269	478	479	1
270	479	480	1
271	480	481	1
272	481	482	1
273	482	483	1
274	483	484	1
275	484	485	1
276	485	486	1
277	486	487	1
278	487	488	1
279	488	489	1
280	489	490	1
281	490	491	1
282	491	492	1
283	492	493	1
284	493	494	1
285	494	495	1
286	495	496	1
287	496	497	1
288	497	498	1
289	498	499	1
290	499	500	1
291	500	501	1
292	501	502	1
293	502	503	1
294	503	504	1
295	504	505	1
296	505	506	1
297	506	507	1
298	507	508	1
299	508	509	1
300	509	510	1
301	510	511	1
302	511	512	1
303	512	513	1
304	513	514	1
305	514	515	1
306	515	516	1
307	516	517	1
308	517	518	1
309	518	519	1
310	519	520	1
311	520	521	1
312	521	522	1
313	522	523	1
314	523	524	1
315	524	525	1
316	525	526	1
317	526	527	1
318	527	528	1
319	528	529	1
320	529	530	1
321	530	531	1
322	531	532	1
323	532	533	1
324	533	534	1
325	534	535	1
326	535	536	1
327	536	537	1
328	537	538	1
329	538	539	1
330	539	540	1
331	540	541	1
332	541	542	1
333	542	543	1
334	543	544	1
335	544	545	1
336	545	546	1
337	546	547	1
338	547	548	1
339	548	549	1
340	549	550	1
341	550	551	1
342	551	552	1
343	552	553	1
344	553	554	1
345	554	555	1
346	555	556	1
347	556	557	1
348	557	558	1
349	558	559	1
350	559	560	1
351	560	561	1
352	561	562	1
353	562	563	1
354	563	564	1
355	564	565	1
356	565	566	1
357	566	567	1
358	567	568	1
359	568	569	1
360	569	570	1
361	570	571	1
362	571	572	1
363	572	573	1
364	573	574	1
365	574	575	1
366	575	576	1
367	576	577	1
368	577	578	1
369	578	579	1
370	579	580	1
371	580	581	1
372	581	582	1
373	582	583	1
374	583	584	1
375	584	585	1
376	585	586	1
377	586	587	1
378	587	588	1
379	588	589	1
380	589	590	1
381	590	591	1
382	591	592	1
383	592	593	1
384	593	594	1
385	594	595	1
386	595	596	1
387	596	597	1
388	597	598	1
389	598	599	1
390	599	600	1
391	600	601	1
392	601	602	1
393	602	603	1
394	603	604	1
395	604	605	1
396	605	606	1
397	606	607	1
398	607	608	1
399	608	609	1
400	609	610	1
401	610	611	1
402	611	612	1
403	612	613	1
404	613	614	1
405	614	615	1
406	615	616	1
407	616	617	1
408	617	618	1
409	618	619	1
410	619	620	1
411	620	621	1
412	621	622	1
413	622	623	1
414	623	624	1
415	624	625	1
416	625	626	1
417	626	627	1
418	627	628	1
419	628	629	1
420	629	630	1
421	630	631	1
422	631	632	1
423	632	633	1
424	633	634	1
425	634	635	1
426	635	636	1
427	636	637	1
428	637	638	1
429	638	639	1
430	639	640	1
431	640	641	1
432	641	642	1
433	642	643	1
434	643	644	1
435	644	645	1
436	645	646	1
437	646	647	1
438	647	648	1
439	648	649	1
440	649	650	1
441	650	651	1
442	651	652	1
443	652	653	1
444	653	654	1
445	654	655	1
446	655	656	1
447	656	657	1
448	657	658	1
449	658	659	1
450	659	660	1
451	660	661	1
452	661	662	1
453	662	663	1
454	663	664	1
455	664	665	1
456	665	666	1
457	666	667	1
458	667	668	1
459	668	669	1
460	669	670	1
461	670	671	1
462	671	672	1
463	672	673	1
464	673	674	1
465	674	675	1
466	675	676	1
467	676	677	1
468	677	678	1
469	678	679	1
470	679	680	1
471	680	681	1
472	681	682	1
473	682	683	1
474	683	684	1
475	684	685	1
476	685	686	1
477	686	687	1
478	687	688	1
479	688	689	1
480	689	690	1
481	690	691	1
482	691	692	1
483	692	693	1
484	693	694	1
485	694	695	1
486	695	696	1
487	696	697	1
488	697	698	1
489	698	699	1
490	699	700	1
491	700	701	1
492	701	702	1
493	702	703	1
494	703	704	1
495	704	705	1
496	705	706	1
497	706	707	1
498	707	708	1
499	708	709	1
500	709	710	1
501	710	711	1
502	711	712	1
503	712	713	1
504	713	714	1
505	714	715	1
506	715	716	1
507	716	717	1
508	717	718	1
509	718	719	1
510	719	720	1
511	720	721	1
512	721	722	1
513	722	723	1
514	723	724	1
515	724	725	1
516	725	726	1
517	726	727	1
518	727	728	1
519	728	729	1
520	729	730	1
521	730	731	1
522	731	732	1
523	732	733	1
524	733	734	1
525	734	735	1
526	735	736	1
527	736	737	1
528	737	738	1
529	738	739	1
530	739	740	1
531	740	741	1
532	741	742	1
533	742	743	1
534	743	744	1
535	744	745	1
536	745	746	1
537	746	747	1
538	747	748	1
539	748	749	1
540	749	750	1
541	750	751	1
542	751	752	1
543	752	753	1
544	753	754	1
545	754	755	1
546	755	756	1
547	756	757	1
548	757	758	1
549	758	759	1
550	759	760	1
551	760	761	1
552	761	762	1
553	762	763	1
554	763	764	1
555	764	765	1
556	765	766	1
557	766	767	1
558	767	768	1
559	768	769	1
560	769	770	1
561	770	771	1
562	771	772	1
563	772	773	1
564	773	774	1
565	774	775	1
566	775	776	1
567	776	777	1
568	777	778	1
569	778	779	1
570	779	780	1
571	780	781	1
572	781	782	1
573	782	783	1
574	783	784	1
575	784	785	1
576	785	786	1
577	786	787	1
578	787	788	1
579	788	789	1
580	789	790	1
581	790	791	1
582	791	792	1
583	792	793	1
584	793	794	1
585	794	795	1
586	795	796	1
587	796	797	1
588	797	798	1
589	798	799	1
590	799	800	1
591	800	801	1
592	801	802	1
593	802	803	1
594	803	804	1
595	804	805	1
596	805	806	1
597	806	807	1
598	807	808	1
599	808	809	1
600	809	810	1
601	810	811	1
602	811	812	1
603	812	813	1
604	813	814	1
605	814	815	1
606	815	816	1
607	816	817	1
608	817	818	1
609	818	819	1
610	819	820	1
611	820	821	1
612	821	822	1
613	822	823	1
614	823	824	1
615	824	825	1
616	825	826	1
617	826	827	1
618	827	828	1
619	828	829	1
620	829	830	1
621	830	831	1
622	831	832	1
623	832	833	1
624	833	834	1
625	834	835	1
626	835	836	1
627	836	837	1
628	837	838	1
629	838	839	1
630	839	840	1
631	840	841	1
632	841	842	1
633	842	843	1
634	843	844	1
635	844	845	1
636	845	846	1
637	846	847	1
638	847	848	1
639	848	849	1
640	849	850	1
641	850	851	1
642	851	852	1
643	852	853	1
644	853	854	1
645	854	855	1
646	855	856	1
647	856	857	1
648	857	858	1
649	858	859	1
650	859	860	1
651	860	861	1
652	861	862	1
653	862	863	1
654	863	864	1
655	864	865	1
656	865	866	1
657	866	867	1
658	867	868	1
659	868	869	1
660	869	870	1
661	870	871	1
662	871	872	1
663	872	873	1
664	873	874	1
665	874	875	1
666	875	876	1
667	876	877	1
668	877	878	1
669	878	879	1
670	879	880	1
671	880	881	1
672	881	882	1
673	882	883	1
674	883	884	1
675	884	885	1
676	885	886	1
677	886	887	1
678	887	888	1
679	888	889	1
680	889	890	1
681	890	891	1
682	891	892	1
683	892	893	1
684	893	894	1
685	894	895	1
686	895	896	1
687	896	897	1
688	897	898	1
689	898	899	1
690	899	900	1
691	900	901	1
692	901	902	1
693	902	903	1
694	903	904	1
695	904	905	1
696	905	906	1
697	906	907	1
698	907	908	1
699	908	909	1
700	909	910	1
701	910	911	1
702	911	912	1
703	912	913	1
704	913	914	1
705	914	915	1
706	915	916	1
707	916	917	1
708	917	918	1
709	918	919	1
710	919	920	1
711	920	921	1
712	921	922	1
713	922	923	1
714	923	924	1
715	924	925	1
716	925	926	1
717	926	927	1
718	927	928	1
719	928	929	1
720	929	930	1
721	930	931	1
722	931	932	1
723	932	933	1
724	933	934	1
725	934	935	1
726	935	936	1
727	936	937	1
728	937	938	1
729	938	939	1
730	939	940	1
731	940	941	1
732	941	942	1
733	942	943	1
734	943	944	1
735	944	945	1
736	945	946	1
737	946	947	1
738	947	948	1
739	948	949	1
740	949	950	1
741	950	951	1
742	951	952	1
743	952	953	1
744	953	954	1
745	954	955	1
746	955	956	1
747	956	957	1
748	957	958	1
749	958	959	1
750	959	960	1
751	960	961	1
752	961	962	1
753	962	963	1
754	963	964	1
755	964	965	1
756	965	966	1
757	966	967	1
758	967	968	1
759	968	969	1
760	969	970	1
761	970	971	1
762	971	972	1
763	972	973	1
764	973	974	1
765	974	975	1
766	975	976	1
767	976	977	1
768	977	978	1
769	978	979	1
770	979	980	1
771	980	981	1
772	981	982	1
773	982	983	1
774	983	984	1
775	984	985	1
776	985	986	1
777	986	987	1
778	987	988	1
779	988	989	1
780	989	990	1
781	990	991	1
782	991	992	1
783	992	993	1
784	993	994	1
785	994	995	1
786	995	996	1
787	996	997	1
788	997	998	1
789	998	999	1
790	999	1000	1
791	1000	1001	1
792	1001	1002	1
793	1002	1003	1
794	1003	1004	1
795	1004	1005	1
796	1005	1006	1
797	1006	1007	1
798	1007	1008	1
799	1008	1009	1
800	1009	1010	1
801	1010	1011	1
802	1011	1012	1
803	1012	1013	1
804	1013	1014	1
805	1014	1015	1
806	1015	1016	1
807	1016	1017	1
808	1017	1018	1
809	1018	1019	1
810	1019	1020	1
811	1020	1021	1
812	1021	1022	1
813	1022	1023	1
814	1023	1024	1
815	1024	1025	1
816	1025	1026	1
817	1026	1027	1
818	1027	1028	1
819	1028	1029	1
820	1029	1030	1
821	1030	1031	1
822	1031	1032	1
823	1032	1033	1
824	1033	1034	1
825	1034	1035	1
826	1035	1036	1
827	1036	1037	1
828	1037	1038	1
829	1038	1039	1
830	1039	1040	1
831	1040	1041	1
832	1041	1042	1
833	1042	1043	1
834	1043	1044	1
835	1044	1045	1
836	1045	1046	1
837	1046	1047	1
838	1047	1048	1
839	1048	1049	1
840	1049	1050	1
841	1050	1051	1
842	1051	1052	1
843	1052	1053	1
844	1053	1054	1
845	1054	1055	1
846	1055	1056	1
847	1056	1057	1
848	1057	1058	1
849	1058	1059	1
850	1059	1060	1
851	1060	1061	1
852	1061	1062	1
853	1062	1063	1
854	1063	1064	1
855	1064	1065	1
856	1065	1066	1
857	1066	1067	1
858	1067	1068	1
859	1068	1069	1
860	1069	1070	1
861	1070	1071	1
862	1071	1072	1
863	1072	1073	1
864	1073	1074	1
865	1074	1075	1
866	1075	1076	1
867	1076	1077	1
868	1077	1078	1
869	1078	1079	1
870	1079	1080	1
871	1080	1081	1
872	1081	1082	1
873	1082	1083	1
874	1083	1084	1
875	1084	1085	1
876	1085	1086	1
877	1086	1087	1
878	1087	1088	1
879	1088	1089	1
880	1089	1090	1
881	1090	1091	1
882	1091	1092	1
883	1092	1093	1
884	1093	1094	1
885	1094	1095	1
886	1095	1096	1
887	1096	1097	1
888	1097	1098	1
889	1098	1099	1
890	1099	1100	1
891	1100	1101	1
892	1101	1102	1
893	1102	1103	1
894	1103	1104	1
895	1104	1105	1
896	1105	1106	1
897	1106	1107	1
898	1107	1108	1
899	1108	1109	1
900	1109	1110	1
901	1110	1111	1
902	1111	1112	1
903	1112	1113	1
904	1113	1114	1
905	1114	1115	1
906	1115	1116	1
907	1116	1117	1
908	1117	1118	1
909	1118	1119	1
910	1119	1120	1
911	1120	1121	1
912	1121	1122	1
913	1122	1123	1
914	1123	1124	1
915	1124	1125	1
916	1125	1126	1
917	1126	1127	1
918	1127	1128	1
919	1128	1129	1
920	1129	1130	1
921	1130	1131	1
922	1131	1132	1
923	1132	1133	1
924	1133	1134	1
925	1134	1135	1
926	1135	1136	1
927	1136	1137	1
928	1137	1138	1
929	1138	1139	1
930	1139	1140	1
931	1140	1141	1
932	1141	1142	1
933	1142	1143	1
934	1143	1144	1
935	1144	1145	1
936	1145	1146	1
937	1146	1147	1
938	1147	1148	1
939	1148	1149	1
940	1149	1150	1
941	1150	1151	1
942	1151	1152	1
943	1152	1153	1
944	1153	1154	1
945	1154	1155	1
946	1155	1156	1
947	1156	1157	1
948	1157	1158	1
949	1158	1159	1
950	1159	1160	1
951	1160	1161	1
952	1161	1162	1
953	1162	1163	1
954	1163	1164	1
955	1164	1165	1
956	1165	1166	1
957	1166	1167	1
958	1167	1168	1
959	1168	1169	1
960	1169	1170	1
961	1170	1171	1
962	1171	1172	1
963	1172	1173	1
964	1173	1174	1
965	1174	1175	1
966	1175	1176	1
967	1176	1177	1
968	1177	1178	1
969	1178	1179	1
970	1179	1180	1
971	1180	1181	1
972	1181	1182	1
973	1182	1183	1
974	1183	1184	1
975	1184	1185	1
976	1185	1186	1
977	1186	1187	1
978	1187	1188	1
979	1188	1189	1
980	1189	1190	1
981	1190	1191	1
982	1191	1192	1
983	1192	1193	1
984	1193	1194	1
985	1194	1195	1
986	1195	1196	1
987	1196	1197	1
988	1197	1198	1
989	1198	1199	1
990	1199	1200	1
991	1200	1201	1
992	1201	1202	1
993	1202	1203	1
994	1203	1204	1
995	1204	1205	1
996	1205	1206	1
997	1206	1207	1
998	1207	1208	1
999	1208	1209	1
1000	1209	1210	1
1001	1210	1211	1
1002	1211	1212	1
1003	1212	1213	1
1004	1213	1214	1
1005	1214	1215	1
1006	1215	1216	1
1007	1216	1217	1
1008	1217	1218	1
1009	1218	1219	1
1010	1219	1220	1
1011	1220	1221	1
1012	1221	1222	1
1013	1222	1223	1
1014	1223	1224	1
1015	1224	1225	1
1016	1225	1226	1
1017	1226	1227	1
1018	1227	1228	1
1019	1228	1229	1
1020	1229	1230	1
1021	1230	1231	1
1022	1231	1232	1
1023	1232	1233	1
1024	1233	1234	1
1025	1234	1235	1
1026	1235	1236	1
1027	1236	1237	1
1028	1237	1238	1
1029	1238	1239	1
1030	1239	1240	1
1031	1240	1241	1
1032	1241	1242	1
1033	1242	1243	1
1034	1243	1244	1
1035	1244	1245	1
1036	1245	1246	1
1037	1246	1247	1
1038	1247	1248	1
1039	1248	1249	1
1040	1249	1250	1
1041	1250	1251	1
1042	1251	1252	1
1043	1252	1253	1
1044	1253	1254	1
1045	1254	1255	1
1046	1255	1256	1
1047	1256	1257	1
1048	1257	1258	1
1049	1258	1259	1
1050	1259	1260	1
1051	1260	1261	1
1052	1261	1262	1
1053	1262	1263	1
1054	1263	1264	1
1055	1264	1265	1
1056	1265	1266	1
1057	1266	1267	1
1058	1267	1268	1
1059	1268	1269	1
1060	1269	1270	1
1061	1270	1271	1
1062	1271	1272	1
1063	1272	1273	1
1064	1273	1274	1
1065	1274	1275	1
1066	1275	1276	1
1067	1276	1277	1
1068	1277	1278	1
1069	1278	1279	1
1070	1279	1280	1
1071	1280	1281	1
1072	1281	1282	1
1073	1282	1283	1
1074	1283	1284	1
1075	1284	1285	1
1076	1285	1286	1
1077	1286	1287	1
1078	1287	1288	1
1079	1288	1289	1
1080	1289	1290	1
1081	1290	1291	1
1082	1291	1292	1
1083	1292	1293	1
1084	1293	1294	1
1085	1294	1295	1
1086	1295	1296	1
1087	1296	1297	1
1088	1297	1298	1
1089	1298	1299	1
1090	1299	1300	1
1091	1300	1301	1
1092	1301	1302	1
1093	1302	1303	1
1094	1303	1304	1
1095	1304	1305	1
1096	1305	1306	1
1097	1306	1307	1
1098	1307	1308	1
1099	1308	1309	1
1100	1309	1310	1
1101	1310	1311	1
1102	1311	1312	1
1103	1312	1313	1
1104	1313	1314	1
1105	1314	1315	1
1106	1315	1316	1
1107	1316	1317	1
1108	1317	1318	1
1109	1318	1319	1
1110	1319	1320	1
1111	1320	1321	1
1112	1321	1322	1
1113	1322	1323	1
1114	1323	1324	1
1115	1324	1325	1
1116	1325	1326	1
1117	1326	1327	1
1118	1327	1328	1
1119	1328	1329	1
1120	1329	1330	1
1121	1330	1331	1
1122	1331	1332	1
1123	1332	1333	1
1124	1333	1334	1
1125	1334	1335	1
1126	1335	1336	1
1127	1336	1337	1
1128	1337	1338	1
1129	1338	1339	1
1130	1339	1340	1
1131	1340	1341	1
1132	1341	1342	1
1133	1342	1343	1
1134	1343	1344	1
1135	1344	1345	1
1136	1345	1346	1
1137	1346	1347	1
1138	1347	1348	1
1139	1348	1349	1
1140	1349	1350	1
1141	1350	1351	1
1142	1351	1352	1
1143	1352	1353	1
1144	1353	1354	1
1145	1354	1355	1
1146	1355	1356	1
1147	1356	1357	1
1148	1357	1358	1
1149	1358	1359	1
1150	1359	1360	1
1151	1360	1361	1
1152	1361	1362	1
1153	1362	1363	1
1154	1363	1364	1
1155	1364	1365	1
1156	1365	1366	1
1157	1366	1367	1
1158	1367	1368	1
1159	1368	1369	1
1160	1369	1370	1
1161	1370	1371	1
1162	1371	1372	1
1163	1372	1373	1
1164	1373	1374	1
1165	1374	1375	1
1166	1375	1376	1
1167	1376	1377	1
1168	1377	1378	1
1169	1378	1379	1
1170	1379	1380	1
1171	1380	1381	1
1172	1381	1382	1
1173	1382	1383	1
1174	1383	1384	1
1175	1384	1385	1
1176	1385	1386	1
1177	1386	1387	1
1178	1387	1388	1
1179	1388	1389	1
1180	1389	1390	1
1181	1390	1391	1
1182	1391	1392	1
1183	1392	1393	1
1184	1393	1394	1
1185	1394	1395	1
1186	1395	1396	1
1187	1396	1397	1
1188	1397	1398	1
1189	1398	1399	1
1190	1399	1400	1
1191	1400	1401	1
1192	1401	1402	1
1193	1402	1403	1
1194	1403	1404	1
1195	1404	1405	1
1196	1405	1406	1
1197	1406	1407	1
1198	1407	1408	1
1199	1408	1409	1
1200	1409	1410	1
1201	1410	1411	1
1202	1411	1412	1
1203	1412	1413	1
1204	1413	1414	1
1205	1414	1415	1
1206	1415	1416	1
1207	1416	1417	1
1208	1417	1418	1
1209	1418	1419	1
1210	1419	1420	1
1211	1420	1421	1
1212	1421	1422	1
1213	1422	1423	1
1214	1423	1424	1
1215	1424	1425	1
1216	1425	1426	1
1217	1426	1427	1
1218	1427	1428	1
1219	1428	1429	1
1220	1429	1430	1
1221	1430	1431	1
1222	1431	1432	1
1223	1432	1433	1
1224	1433	1434	1
1225	1434	1435	1
1226	1435	1436	1
1227	1436	1437	1
1228	1437	1438	1
1229	1438	1439	1
1230	1439	1440	1
1231	1440	1441	1
1232	1441	1442	1
1233	1442	1443	1
1234	1443	1444	1
1235	1444	1445	1
1236	1445	1446	1
1237	1446	1447	1
1238	1447	1448	1
1239	1448	1449	1
1240	1449	1450	1
1241	1450	1451	1
1242	1451	1452	1
1243	1452	1453	1
1244	1453	1454	1
1245	1454	1455	1
1246	1455	1456	1
1247	1456	1457	1
1248	1457	1458	1
1249	1458	1459	1
1250	1459	1460	1
1251	1460	1461	1
1252	1461	1462	1
1253	1462	1463	1
1254	1463	1464	1
1255	1464	1465	1
1256	1465	1466	1
1257	1466	1467	1
1258	1467	1468	1
1259	1468	1469	1
1260	1469	1470	1
1261	1470	1471	1
1262	1471	1472	1
1263	1472	1473	1
1264	1473	1474	1
1265	1474	1475	1
1266	1475	1476	1
1267	1476	1477	1
1268	1477	1478	1
1269	1478	1479	1
1270	1479	1480	1
1271	1480	1481	1
1272	1481	1482	1
1273	1482	1483	1
1274	1483	1484	1
1275	1484	1485	1
1276	1485	1486	1
1277	1486	1487	1
1278	1487	1488	1
1279	1488	1489	1
1280	1489	1490	1
1281	1490	1491	1
1282	1491	1492	1
1283	1492	1493	1
1284	1493	1494	1
1285	1494	1495	1
1286	1495	1496	1
1287	1496	1497	1
1288	1497	1498	1
1289	1498	1499	1
1290	1499	1500	1
1291	1500	1501	1
1292	1501	1502	1
1293	1502	1503	1
1294	1503	1504	1
1295	1504	1505	1
1296	1505	1506	1
1297	1506	1507	1
1298	1507	1508	1
1299	1508	1509	1
1300	1509	1510	1
1301	1510	1511	1
1302	1511	1512	1
1303	1512	1513	1
1304	1513	1514	1
1305	1514	1515	1
1306	1515	1516	1
1307	1516	1517	1
1308	1517	1518	1
1309	1518	1519	1
1310	1519	1520	1
1311	1520	1521	1
1312	1521	1522	1
1313	1522	1523	1
1314	1523	1524	1
1315	1524	1525	1
1316	1525	1526	1
1317	1526	1527	1
1318	1527	1528	1
1319	1528	1529	1
1320	1529	1530	1
1321	1530	1531	1
1322	1531	1532	1
1323	1532	1533	1
1324	1533	1534	1
1325	1534	1535	1
1326	1535	1536	1
1327	1536	1537	1
1328	1537	1538	1
1329	1538	1539	1
1330	1539	1540	1
1331	1540	1541	1
1332	1541	1542	1
1333	1542	1543	1
1334	1543	1544	1
1335	1544	1545	1
1336	1545	1546	1
1337	1546	1547	1
1338	1547	1548	1
1339	1548	1549	1
1340	1549	1550	1
1341	1550	1551	1
1342	1551	1552	1
1343	1552	1553	1
1344	1553	1554	1
1345	1554	1555	1
1346	1555	1556	1
1347	1556	1557	1
1348	1557	1558	1
1349	1558	1559	1
1350	1559	1560	1
1351	1560	1561	1
1352	1561	1562	1
1353	1562	1563	1
1354	1563	1564	1
1355	1564	1565	1
1356	1565	1566	1
1357	1566	1567	1
1358	1567	1568	1
1359	1568	1569	1
1360	1569	1570	1
1361	1570	1571	1
1362	1571	1572	1
1363	1572	1573	1
1364	1573	1574	1
1365	1574	1575	1
1366	1575	1576	1
1367	1576	1577	1
1368	1577	1578	1
1369	1578	1579	1
1370	1579	1580	1
1371	1580	1581	1
1372	1581	1582	1
1373	1582	1583	1
1374	1583	1584	1
1375	1584	1585	1
1376	1585	1586	1
1377	1586	1587	1
1378	1587	1588	1
1379	1588	1589	1
1380	1589	1590	1
1381	1590	1591	1
1382	1591	1592	1
1383	1592	1593	1
1384	1593	1594	1
1385	1594	1595	1
1386	1595	1596	1
1387	1596	1597	1
1388	1597	1598	1
1389	1598	1599	1
1390	1599	1600	1
1391	1600	1601	1
1392	1601	1602	1
1393	1602	1603	1
1394	1603	1604	1
1395	1604	1605	1
1396	1605	1606	1
1397	1606	1607	1
1398	1607	1608	1
1399	1608	1609	1
1400	1609	1610	1
1401	1610	1611	1
1402	1611	1612	1
1403	1612	1613	1
1404	1613	1614	1
1405	1614	1615	1
1406	1615	1616	1
1407	1616	1617	1
1408	1617	1618	1
1409	1618	1619	1
1410	1619	1620	1
1411	1620	1621	1
1412	1621	1622	1
1413	1622	1623	1
1414	1623	1624	1
1415	1624	1625	1
1416	1625	1626	1
1417	1626	1627	1
1418	1627	1628	1
1419	1628	1629	1
1420	1629	1630	1
1421	1630	1631	1
1422	1631	1632	1
1423	1632	1633	1
1424	1633	1634	1
1425	1634	1635	1
1426	1635	1636	1
1427	1636	1637	1
1428	1637	1638	1
1429	1638	1639	1
1430	1639	1640	1
1431	1640	1641	1
1432	1641	1642	1
1433	1642	1643	1
1434	1643	1644	1
1435	1644	1645	1
1436	1645	1646	1
1437	1646	1647	1
1438	1647	1648	1
1439	1648	1649	1
1440	1649	1650	1
1441	1650	1651	1
1442	1651	1652	1
1443	1652	1653	1
1444	1653	1654	1
1445	1654	1655	1
1446	1655	1656	1
1447	1656	1657	1
1448	1657	1658	1
1449	1658	1659	1
1450	1659	1660	1
1451	1660	1661	1
1452	1661	1662	1
1453	1662	1663	1
1454	1663	1664	1
1455	1664	1665	1
1456	1665	1666	1
1457	1666	1667	1
1458	1667	1668	1
1459	1668	1669	1
1460	1669	1670	1
1461	1670	1671	1
1462	1671	1672	1
1463	1672	1673	1
1464	1673	1674	1
1465	1674	1675	1
1466	1675	1676	1
1467	1676	1677	1
1468	1677	1678	1
1469	1678	1679	1
1470	1679	1680	1
1471	1680	1681	1
1472	1681	1682	1
1473	1682	1683	1
1474	1683	1684	1
1475	1684	1685	1
1476	1685	1686	1
1477	1686	1687	1
1478	1687	1688	1
1479	1688	1689	1
1480	1689	1690	1
1481	1690	1691	1
1482	1691	1692	1
1483	1692	1693	1
1484	1693	1694	1
1485	1694	1695	1
1486	1695	1696	1
1487	1696	1697	1
1488	1697	1698	1
1489	1698	1699	1
1490	1699	1700	1
1491	1700	1701	1
1492	1701	1702	1
1493	1702	1703	1
1494	1703	1704	1
1495	1704	1705	1
1496	1705	1706	1
1497	1706	1707	1
1498	1707	1708	1
1499	1708	1709	1
1500	1709	1710	1
1501	1710	1711	1
1502	1711	1712	1
1503	1712	1713	1
1504	1713	1714	1
1505	1714	1715	1
1506	1715	1716	1
1507	1716	1717	1
1508	1717	1718	1
1509	1718	1719	1
1510	1719	1720	1
1511	1720	1721	1
1512	1721	1722	1
1513	1722	1723	1
1514	1723	1724	1
1515	1724	1725	1
1516	1725	1726	1
1517	1726	1727	1
1518	1727	1728	1
1519	1728	1729	1
1520	1729	1730	1
1521	1730	1731	1
1522	1731	1732	1
1523	1732	1733	1
1524	1733	1734	1
1525	1734	1735	1
1526	1735	1736	1
1527	1736	1737	1
1528	1737	1738	1
1529	1738	1739	1
1530	1739	1740	1
1531	1740	1741	1
1532	1741	1742	1
1533	1742	1743	1
1534	1743	1744	1
1535	1744	1745	1
1536	1745	1746	1
1537	1746	1747	1
1538	1747	1748	1
1539	1748	1749	1
1540	1749	1750	1
1541	1750	1751	1
1542	1751	1752	1
1543	1752	1753	1
1544	1753	1754	1
1545	1754	1755	1
1546	1755	1756	1
1547	1756	1757	1
1548	1757	1758	1
1549	1758	1759	1
1550	1759	1760	1
1551	1760	1761	1
1552	1761	1762	1
1553	1762	1763	1
1554	1763	1764	1
1555	1764	1765	1
1556	1765	1766	1
1557	1766	1767	1
1558	1767	1768	1
1559	1768	1769	1
1560	1769	1770	1
1561	1770	1771	1
1562	1771	1772	1
1563	1772	1773	1
1564	1773	1774	1
1565	1774	1775	1
1566	1775	1776	1
1567	1776	1777	1
1568	1777	1778	1
1569	1778	1779	1
1570	1779	1780	1
1571	1780	1781	1
1572	1781	1782	1
1573	1782	1783	1
1574	1783	1784	1
1575	1784	1785	1
1576	1785	1786	1
1577	1786	1787	1
1578	1787	1788	1
1579	1788	1789	1
1580	1789	1790	1
1581	1790	1791	1
1582	1791	1792	1
1583	1792	1793	1
1584	1793	1794	1
1585	1794	1795	1
1586	1795	1796	1
1587	1796	1797	1
1588	1797	1798	1
1589	1798	1799	1
1590	1799	1800	1
1591	1800	1801	1
1592	1801	1802	1
1593	1802	1803	1
1594	1803	1804	1
1595	1804	1805	1
1596	1805	1806	1
1597	1806	1807	1
1598	1807	1808	1
1599	1808	1809	1
1600	1809	1810	1
1601	1810	1811	1
1602	1811	1812	1
1603	1812	1813	1
1604	1813	1814	1
1605	1814	1815	1
1606	1815	1816	1
1607	1816	1817	1
1608	1817	1818	1
1609	1818	1819	1
1610	1819	1820	1
1611	1820	1821	1
1612	1821	1822	1
1613	1822	1823	1
1614	1823	1824	1
1615	1824	1825	1
1616	1825	1826	1
1617	1826	1827	1
1618	1827	1828	1
1619	1828	1829	1
1620	1829	1830	1
1621	1830	1831	1
1622	1831	1832	1
1623	1832	1833	1
1624	1833	1834	1
1625	1834	1835	1
1626	1835	1836	1
1627	1836	1837	1
1628	1837	1838	1
1629	1838	1839	1
1630	1839	1840	1
1631	1840	1841	1
1632	1841	1842	1
1633	1842	1843	1
1634	1843	1844	1
1635	1844	1845	1
1636	1845	1846	1
1637	1846	1847	1
1638	1847	1848	1
1639	1848	1849	1
1640	1849	1850	1
1641	1850	1851	1
1642	1851	1852	1
1643	1852	1853	1
1644	1853	1854	1
1645	1854	1855	1
1646	1855	1856	1
1647	1856	1857	1
1648	1857	1858	1
1649	1858	1859	1
1650	1859	1860	1
1651	1860	1861	1
1652	1861	1862	1
1653	1862	1863	1
1654	1863	1864	1
1655	1864	1865	1
1656	1865	1866	1
1657	1866	1867	1
1658	1867	1868	1
1659	1868	1869	1
1660	1869	1870	1
1661	1870	1871	1
1662	1871	1872	1
1663	1872	1873	1
1664	1873	1874	1
1665	1874	1875	1
1666	1875	1876	1
1667	1876	1877	1
1668	1877	1878	1
1669	1878	1879	1
1670	1879	1880	1
1671	1880	1881	1
1672	1881	1882	1
1673	1882	1883	1
1674	1883	1884	1
1675	1884	1885	1
1676	1885	1886	1
1677	1886	1887	1
1678	1887	1888	1
1679	1888	1889	1
1680	1889	1890	1
1681	1890	1891	1
1682	1891	1892	1
1683	1892	1893	1
1684	1893	1894	1
1685	1894	1896	2
1686	1896	1898	2
1687	1898	1900	2
1688	1900	1902	2
1689	1902	1904	2
1690	1904	1906	2
1691	1906	1908	2
1692	1908	1910	2
1693	1910	1912	2
1694	1912	1914	2
1695	1914	1916	2
1696	1916	1918	2
1697	1918	1920	2
1698	1920	1922	2
1699	1922	1924	2
1700	1924	1926	2
1701	1926	1928	2
1702	1928	1930	2
1703	1930	1932	2
1704	1932	1934	2
1705	1934	1936	2
1706	1936	1938	2
1707	1938	1940	2
1708	1940	1942	2
1709	1942	1944	2
1710	1944	1946	2
1711	1946	1948	2
1712	1948	1950	2
1713	1950	1952	2
1714	1952	1954	2
1715	1954	1956	2
1716	1956	1958	2
1717	1958	1960	2
1718	1960	1962	2
1719	1962	1964	2
1720	1964	1966	2
1721	1966	1968	2
1722	1968	1970	2
1723	1970	1972	2
1724	1972	1974	2
1725	1974	1976	2
1726	1976	1978	2
1727	1978	1980	2
1728	1980	1982	2
1729	1982	1984	2
1730	1984	1986	2
1731	1986	1988	2
1732	1988	1990	2
1733	1990	1992	2
1734	1992	1994	2
1735	1994	1996	2
1736	1996	1998	2
1737	1998	2000	2
1738	2000	2002	2
1739	2002	2004	2
1740	2004	2006	2
1741	2006	2008	2
1742	2008	2010	2
1743	2010	2012	2
1744	2012	2014	2
1745	2014	2016	2
1746	2016	2018	2
1747	2018	2020	2
1748	2020	2022	2
1749	2022	2024	2
1750	2024	2026	2
1751	2026	2028	2
1752	2028	2030	2
1753	2030	2032	2
1754	2032	2034	2
1755	2034	2036	2
1756	2036	2038	2
1757	2038	2040	2
1758	2040	2042	2
1759	2042	2044	2
1760	2044	2046	2
1761	2046	2048	2
1762	2048	2050	2
1763	2050	2052	2
1764	2052	2054	2
1765	2054	2056	2
1766	2056	2058	2
1767	2058	2060	2
1768	2060	2062	2
1769	2062	2064	2
1770	2064	2066	2
1771	2066	2068	2
1772	2068	2070	2
1773	2070	2072	2
1774	2072	2074	2
1775	2074	2076	2
1776	2076	2078	2
1777	2078	2080	2
1778	2080	2082	2
1779	2082	2084	2
1780	2084	2086	2
1781	2086	2088	2
1782	2088	2090	2
1783	2090	2092	2
1784	2092	2094	2
1785	2094	2096	2
1786	2096	2098	2
1787	2098	2100	2
1788	2100	2102	2
1789	2102	2104	2
1790	2104	2106	2
1791	2106	2108	2
1792	2108	2110	2
1793	2110	2112	2
1794	2112	2114	2
1795	2114	2116	2
1796	2116	2118	2
1797	2118	2120	2
1798	2120	2122	2
1799	2122	2124	2
1800	2124	2126	2
1801	2126	2128	2
1802	2128	2130	2
1803	2130	2132	2
1804	2132	2134	2
1805	2134	2136	2
1806	2136	2138	2
1807	2138	2140	2
1808	2140	2142	2
1809	2142	2144	2
1810	2144	2146	2
1811	2146	2148	2
1812	2148	2150	2
1813	2150	2152	2
1814	2152	2154	2
1815	2154	2156	2
1816	2156	2158	2
1817	2158	2160	2
1818	2160	2162	2
1819	2162	2164	2
1820	2164	2166	2
1821	2166	2168	2
1822	2168	2170	2
1823	2170	2172	2
1824	2172	2174	2
1825	2174	2176	2
1826	2176	2178	2
1827	2178	2180	2
1828	2180	2182	2
1829	2182	2184	2
1830	2184	2186	2
1831	2186	2188	2
1832	2188	2190	2
1833	2190	2192	2
1834	2192	2194	2
1835	2194	2196	2
1836	2196	2198	2
1837	2198	2200	2
1838	2200	2202	2
1839	2202	2204	2
1840	2204	2206	2
1841	2206	2208	2
1842	2208	2210	2
1843	2210	2212	2
1844	2212	2214	2
1845	2214	2216	2
1846	2216	2218	2
1847	2218	2220	2
1848	2220	2222	2
1849	2222	2224	2
1850	2224	2226	2
1851	2226	2228	2
1852	2228	2230	2
1853	2230	2232	2
1854	2232	2234	2
1855	2234	2236	2
1856	2236	2238	2
1857	2238	2240	2
1858	2240	2242	2
1859	2242	2244	2
1860	2244	2246	2
1861	2246	2248	2
1862	2248	2250	2
1863	2250	2252	2
1864	2252	2254	2
1865	2254	2256	2
1866	2256	2258	2
1867	2258	2260	2
1868	2260	2262	2
1869	2262	2264	2
1870	2264	2266	2
1871	2266	2268	2
1872	2268	2270	2
1873	2270	2272	2
1874	2272	2274	2
1875	2274	2276	2
1876	2276	2278	2
1877	2278	2280	2
1878	2280	2282	2
1879	2282	2284	2
1880	2284	2286	2
1881	2286	2288	2
1882	2288	2290	2
1883	2290	2292	2
1884	2292	2294	2
1885	2294	2296	2
1886	2296	2298	2
1887	2298	2300	2
1888	2300	2302	2
1889	2302	2304	2
1890	2304	2306	2
1891	2306	2308	2
1892	2308	2310	2
1893	2310	2312	2
1894	2312	2314	2
1895	2314	2316	2
1896	2316	2318	2
1897	2318	2320	2
1898	2320	2322	2
1899	2322	2324	2
1900	2324	2326	2
1901	2326	2328	2
1902	2328	2330	2
1903	2330	2332	2
1904	2332	2334	2
1905	2334	2336	2
1906	2336	2338	2
1907	2338	2340	2
1908	2340	2342	2
1909	2342	2344	2
1910	2344	2346	2
1911	2346	2348	2
1912	2348	2350	2
1913	2350	2352	2
1914	2352	2354	2
1915	2354	2356	2
1916	2356	2358	2
1917	2358	2360	2
1918	2360	2362	2
1919	2362	2364	2
1920	2364	2366	2
1921	2366	2368	2
1922	2368	2370	2
1923	2370	2372	2
1924	2372	2374	2
1925	2374	2376	2
1926	2376	2378	2
1927	2378	2380	2
1928	2380	2382	2
1929	2382	2384	2
1930	2384	2386	2
1931	2386	2388	2
1932	2388	2390	2
1933	2390	2392	2
1934	2392	2394	2
1935	2394	2396	2
1936	2396	2398	2
1937	2398	2400	2
1938	2400	2402	2
1939	2402	2404	2
1940	2404	2406	2
1941	2406	2408	2
1942	2408	2410	2
1943	2410	2412	2
1944	2412	2414	2
1945	2414	2416	2
1946	2416	2418	2
1947	2418	2420	2
1948	2420	2422	2
1949	2422	2424	2
1950	2424	2426	2
1951	2426	2428	2
1952	2428	2430	2
1953	2430	2432	2
1954	2432	2434	2
1955	2434	2436	2
1956	2436	2438	2
1957	2438	2440	2
1958	2440	2442	2
1959	2442	2444	2
1960	2444	2446	2
1961	2446	2448	2
1962	2448	2450	2
1963	2450	2452	2
1964	2452	2454	2
1965	2454	2456	2
1966	2456	2458	2
1967	2458	2460	2
1968	2460	2462	2
1969	2462	2464	2
1970	2464	2466	2
1971	2466	2468	2
1972	2468	2470	2
1973	2470	2472	2
1974	2472	2474	2
1975	2474	2476	2
1976	2476	2478	2
1977	2478	2480	2
1978	2480	2482	2
1979	2482	2484	2
1980	2484	2486	2
1981	2486	2488	2
1982	2488	2490	2
1983	2490	2492	2
1984	2492	2494	2
1985	2494	2496	2
1986	2496	2498	2
1987	2498	2500	2
1988	2500	2502	2
1989	2502	2504	2
1990	2504	2506	2
1991	2506	2508	2
1992	2508	2510	2
1993	2510	2512	2
1994	2512	2514	2
1995	2514	2516	2
1996	2516	2518	2
1997	2518	2520	2
1998	2520	2522	2
1999	2522	2524	2
2000	2524	2526	2
2001	2526	2528	2
2002	2528	2530	2
2003	2530	2532	2
2004	2532	2534	2
2005	2534	2536	2
2006	2536	2538	2
2007	2538	2540	2
2008	2540	2542	2
2009	2542	2544	2
2010	2544	2546	2
2011	2546	2548	2
2012	2548	2550	2
2013	2550	2552	2
2014	2552	2554	2
2015	2554	2556	2
2016	2556	2558	2
2017	2558	2560	2
2018	2560	2562	2
2019	2562	2564	2
2020	2564	2566	2
2021	2566	2568	2
2022	2568	2570	2
2023	2570	2572	2
2024	2572	2574	2
2025	2574	2576	2
2026	2576	2578	2
2027	2578	2580	2
2028	2580	2582	2
2029	2582	2584	2
2030	2584	2586	2
2031	2586	2588	2
2032	2588	2590	2
2033	2590	2592	2
2034	2592	2594	2
2035	2594	2596	2
2036	2596	2598	2
2037	2598	2600	2
2038	2600	2602	2
2039	2602	2604	2
2040	2604	2606	2
2041	2606	2608	2
2042	2608	2610	2
2043	2610	2612	2
2044	2612	2614	2
2045	2614	2616	2
2046	2616	2618	2
2047	2618	2620	2
2048	2620	2622	2
2049	2622	2624	2
2050	2624	2626	2
2051	2626	2628	2
2052	2628	2630	2
2053	2630	2632	2
2054	2632	2634	2
2055	2634	2636	2
2056	2636	2638	2
2057	2638	2640	2
2058	2640	2642	2
2059	2642	2644	2
2060	2644	2646	2
2061	2646	2648	2
2062	2648	2650	2
2063	2650	2652	2
2064	2652	2654	2
2065	2654	2656	2
2066	2656	2658	2
2067	2658	2660	2
2068	2660	2662	2
2069	2662	2664	2
2070	2664	2666	2
2071	2666	2668	2
2072	2668	2670	2
2073	2670	2672	2
2074	2672	2674	2
2075	2674	2676	2
2076	2676	2678	2
2077	2678	2680	2
2078	2680	2682	2
2079	2682	2684	2
2080	2684	2686	2
2081	2686	2688	2
2082	2688	2690	2
2083	2690	2692	2
2084	2692	2694	2
2085	2694	2696	2
2086	2696	2698	2
2087	2698	2700	2
2088	2700	2702	2
2089	2702	2704	2
2090	2704	2706	2
2091	2706	2708	2
2092	2708	2710	2
2093	2710	2712	2
2094	2712	2714	2
2095	2714	2716	2
2096	2716	2718	2
2097	2718	2720	2
2098	2720	2722	2
2099	2722	2724	2
2100	2724	2726	2
2101	2726	2728	2
2102	2728	2730	2
2103	2730	2732	2
2104	2732	2734	2
2105	2734	2736	2
2106	2736	2738	2
2107	2738	2740	2
2108	2740	2742	2
2109	2742	2744	2
2110	2744	2746	2
2111	2746	2748	2
2112	2748	2750	2
2113	2750	2752	2
2114	2752	2754	2
2115	2754	2756	2
2116	2756	2758	2
2117	2758	2760	2
2118	2760	2762	2
2119	2762	2764	2
2120	2764	2766	2
2121	2766	2768	2
2122	2768	2770	2
2123	2770	2772	2
2124	2772	2774	2
2125	2774	2776	2
2126	2776	2778	2
2127	2778	2780	2
2128	2780	2782	2
2129	2782	2784	2
2130	2784	2786	2
2131	2786	2788	2
2132	2788	2790	2
2133	2790	2792	2
2134	2792	2794	2
2135	2794	2796	2
2136	2796	2798	2
2137	2798	2800	2
2138	2800	2802	2
2139	2802	2804	2
2140	2804	2806	2
2141	2806	2808	2
2142	2808	2810	2
2143	2810	2812	2
2144	2812	2814	2
2145	2814	2816	2
2146	2816	2818	2
2147	2818	2820	2
2148	2820	2822	2
2149	2822	2824	2
2150	2824	2826	2
2151	2826	2828	2
2152	2828	2830	2
2153	2830	2832	2
2154	2832	2834	2
2155	2834	2836	2
2156	2836	2838	2
2157	2838	2840	2
2158	2840	2842	2
2159	2842	2844	2
2160	2844	2846	2
2161	2846	2848	2
2162	2848	2850	2
2163	2850	2852	2
2164	2852	2854	2
2165	2854	2856	2
2166	2856	2858	2
2167	2858	2860	2
2168	2860	2862	2
2169	2862	2864	2
2170	2864	2866	2
2171	2866	2868	2
2172	2868	2870	2
2173	2870	2872	2
2174	2872	2874	2
2175	2874	2876	2
2176	2876	2878	2
2177	2878	2880	2
2178	2880	2882	2
2179	2882	2884	2
2180	2884	2886	2
2181	2886	2888	2
2182	2888	2890	2
2183	2890	2892	2
2184	2892	2894	2
2185	2894	2896	2
2186	2896	2898	2
2187	2898	2900	2
2188	2900	2902	2
2189	2902	2904	2
2190	2904	2906	2
2191	2906	2908	2
2192	2908	2910	2
2193	2910	2912	2
2194	2912	2914	2
2195	2914	2916	2
2196	2916	2918	2
2197	2918	2920	2
2198	2920	2922	2
2199	2922	2924	2
2200	2924	2926	2
2201	2926	2928	2
2202	2928	2930	2
2203	2930	2932	2
2204	2932	2934	2
2205	2934	2936	2
2206	2936	2938	2
2207	2938	2940	2
2208	2940	2942	2
2209	2942	2944	2
2210	2944	2946	2
2211	2946	2948	2
2212	2948	2950	2
2213	2950	2952	2
2214	2952	2954	2
2215	2954	2956	2
2216	2956	2958	2
2217	2958	2960	2
2218	2960	2962	2
2219	2962	2964	2
2220	2964	2966	2
2221	2966	2968	2
2222	2968	2970	2
2223	2970	2972	2
2224	2972	2974	2
2225	2974	2976	2
2226	2976	2978	2
2227	2978	2980	2
2228	2980	2982	2
2229	2982	2984	2
2230	2984	2986	2
2231	2986	2988	2
2232	2988	2990	2
2233	2990	2992	2
2234	2992	2994	2
2235	2994	2996	2
2236	2996	2998	2
2237	2998	3000	2
2238	3000	3002	2
2239	3002	3004	2
2240	3004	3006	2
2241	3006	3008	2
2242	3008	3010	2
2243	3010	3012	2
2244	3012	3014	2
2245	3014	3016	2
2246	3016	3018	2
2247	3018	3020	2
2248	3020	3022	2
2249	3022	3024	2
2250	3024	3026	2
2251	3026	3028	2
2252	3028	3030	2
2253	3030	3032	2
2254	3032	3034	2
2255	3034	3036	2
2256	3036	3038	2
2257	3038	3040	2
2258	3040	3042	2
2259	3042	3044	2
2260	3044	3046	2
2261	3046	3048	2
2262	3048	3050	2
2263	3050	3052	2
2264	3052	3054	2
2265	3054	3056	2
2266	3056	3058	2
2267	3058	3060	2
2268	3060	3062	2
2269	3062	3064	2
2270	3064	3066	2
2271	3066	3068	2
2272	3068	3070	2
2273	3070	3072	2
2274	3072	3074	2
2275	3074	3076	2
2276	3076	3078	2
2277	3078	3080	2
2278	3080	3082	2
2279	3082	3084	2
2280	3084	3086	2
2281	3086	3088	2
2282	3088	3090	2
2283	3090	3092	2
2284	3092	3094	2
2285	3094	3096	2
2286	3096	3098	2
2287	3098	3100	2
2288	3100	3102	2
2289	3102	3104	2
2290	3104	3106	2
2291	3106	3108	2
2292	3108	3110	2
2293	3110	3112	2
2294	3112	3114	2
2295	3114	3116	2
2296	3116	3118	2
2297	3118	3120	2
2298	3120	3122	2
2299	3122	3124	2
2300	3124	3126	2
2301	3126	3128	2
2302	3128	3130	2
2303	3130	3132	2
2304	3132	3134	2
2305	3134	3136	2
2306	3136	3138	2
2307	3138	3140	2
2308	3140	3142	2
2309	3142	3144	2
2310	3144	3146	2
2311	3146	3148	2
2312	3148	3150	2
2313	3150	3152	2
2314	3152	3154	2
2315	3154	3156	2
2316	3156	3158	2
2317	3158	3160	2
2318	3160	3162	2
2319	3162	3164	2
2320	3164	3166	2
2321	3166	3168	2
2322	3168	3170	2
2323	3170	3172	2
2324	3172	3174	2
2325	3174	3176	2
2326	3176	3178	2
2327	3178	3180	2
2328	3180	3182	2
2329	3182	3184	2
2330	3184	3186	2
2331	3186	3188	2
2332	3188	3190	2
2333	3190	3192	2
2334	3192	3194	2
2335	3194	3196	2
2336	3196	3198	2
2337	3198	3200	2
2338	3200	3202	2
2339	3202	3204	2
2340	3204	3206	2
2341	3206	3208	2
2342	3208	3210	2
2343	3210	3212	2
2344	3212	3214	2
2345	3214	3216	2
2346	3216	3218	2
2347	3218	3220	2
2348	3220	3222	2
2349	3222	3224	2
2350	3224	3226	2
2351	3226	3228	2
2352	3228	3230	2
2353	3230	3232	2
2354	3232	3234	2
2355	3234	3236	2
2356	3236	3238	2
2357	3238	3240	2
2358	3240	3242	2
2359	3242	3244	2
2360	3244	3246	2
2361	3246	3248	2
2362	3248	3250	2
2363	3250	3252	2
2364	3252	3254	2
2365	3254	3256	2
2366	3256	3258	2
2367	3258	3260	2
2368	3260	3262	2
2369	3262	3264	2
2370	3264	3266	2
2371	3266	3268	2
2372	3268	3270	2
2373	3270	3272	2
2374	3272	3274	2
2375	3274	3276	2
2376	3276	3278	2
2377	3278	3280	2
2378	3280	3282	2
2379	3282	3284	2
2380	3284	3286	2
2381	3286	3288	2
2382	3288	3290	2
2383	3290	3292	2
2384	3292	3294	2
2385	3294	3296	2
2386	3296	3298	2
2387	3298	3300	2
2388	3300	3302	2
2389	3302	3304	2
2390	3304	3306	2
2391	3306	3308	2
2392	3308	3310	2
2393	3310	3312	2
2394	3312	3314	2
2395	3314	3316	2
2396	3316	3318	2
2397	3318	3320	2
2398	3320	3322	2
2399	3322	3324	2
2400	3324	3326	2
2401	3326	3328	2
2402	3328	3330	2
2403	3330	3332	2
2404	3332	3334	2
2405	3334	3336	2
2406	3336	3338	2
2407	3338	3340	2
2408	3340	3342	2
2409	3342	3344	2
2410	3344	3346	2
2411	3346	3348	2
2412	3348	3350	2
2413	3350	3352	2
2414	3352	3354	2
2415	3354	3356	2
2416	3356	3358	2
2417	3358	3360	2
2418	3360	3362	2
2419	3362	3364	2
2420	3364	3366	2
2421	3366	3368	2
2422	3368	3370	2
2423	3370	3372	2
2424	3372	3374	2
2425	3374	3376	2
2426	3376	3378	2
2427	3378	3380	2
2428	3380	3382	2
2429	3382	3384	2
2430	3384	3386	2
2431	3386	3388	2
2432	3388	3390	2
2433	3390	3392	2
2434	3392	3394	2
2435	3394	3396	2
2436	3396	3398	2
2437	3398	3400	2
2438	3400	3402	2
2439	3402	3404	2
2440	3404	3406	2
2441	3406	3408	2
2442	3408	3410	2
2443	3410	3412	2
2444	3412	3414	2
2445	3414	3416	2
2446	3416	3418	2
2447	3418	3420	2
2448	3420	3422	2
2449	3422	3424	2
2450	3424	3426	2
2451	3426	3428	2
2452	3428	3430	2
2453	3430	3432	2
2454	3432	3434	2
2455	3434	3436	2
2456	3436	3438	2
2457	3438	3440	2
2458	3440	3442	2
2459	3442	3444	2
2460	3444	3446	2
2461	3446	3448	2
2462	3448	3450	2
2463	3450	3452	2
2464	3452	3454	2
2465	3454	3456	2
2466	3456	3458	2
2467	3458	3460	2
2468	3460	3462	2
2469	3462	3464	2
2470	3464	3466	2
2471	3466	3468	2
2472	3468	3470	2
2473	3470	3472	2
2474	3472	3474	2
2475	3474	3476	2
2476	3476	3478	2
2477	3478	3480	2
2478	3480	3482	2
2479	3482	3484	2
2480	3484	3486	2
2481	3486	3488	2
2482	3488	3490	2
2483	3490	3492	2
2484	3492	3494	2
2485	3494	3496	2
2486	3496	3498	2
2487	3498	3500	2
2488	3500	3502	2
2489	3502	3504	2
2490	3504	3506	2
2491	3506	3508	2
2492	3508	3510	2
2493	3510	3512	2
2494	3512	3514	2
2495	3514	3516	2
2496	3516	3518	2
2497	3518	3520	2
2498	3520	3522	2
2499	3522	3524	2
2500	3524	3526	2
2501	3526	3528	2
2502	3528	3530	2
2503	3530	3532	2
2504	3532	3534	2
2505	3534	3536	2
2506	3536	3538	2
2507	3538	3540	2
2508	3540	3542	2
2509	3542	3544	2
2510	3544	3546	2
2511	3546	3548	2
2512	3548	3550	2
2513	3550	3552	2
2514	3552	3554	2
2515	3554	3556	2
2516	3556	3558	2
2517	3558	3560	2
2518	3560	3562	2
2519	3562	3564	2
2520	3564	3566	2
2521	3566	3568	2
2522	3568	3570	2
2523	3570	3572	2
2524	3572	3574	2
2525	3574	3576	2
2526	3576	3578	2
2527	3578	3580	2
2528	3580	3582	2
2529	3582	3584	2
2530	3584	3586	2
2531	3586	3588	2
2532	3588	3590	2
2533	3590	3592	2
2534	3592	3594	2
2535	3594	3596	2
2536	3596	3598	2
2537	3598	3600	2
2538	3600	3602	2
2539	3602	3604	2
2540	3604	3606	2
2541	3606	3608	2
2542	3608	3610	2
2543	3610	3612	2
2544	3612	3614	2
2545	3614	3616	2
2546	3616	3618	2
2547	3618	3620	2
2548	3620	3622	2
2549	3622	3624	2
2550	3624	3626	2
2551	3626	3628	2
2552	3628	3630	2
2553	3630	3632	2
2554	3632	3634	2
2555	3634	3636	2
2556	3636	3638	2
2557	3638	3640	2
2558	3640	3642	2
2559	3642	3644	2
2560	3644	3646	2
2561	3646	3648	2
2562	3648	3650	2
2563	3650	3652	2
2564	3652	3654	2
2565	3654	3656	2
2566	3656	3658	2
2567	3658	3660	2
2568	3660	3662	2
2569	3662	3664	2
2570	3664	3666	2
2571	3666	3668	2
2572	3668	3670	2
2573	3670	3672	2
2574	3672	3674	2
2575	3674	3676	2
2576	3676	3678	2
2577	3678	3680	2
2578	3680	3682	2
2579	3682	3684	2
2580	3684	3686	2
2581	3686	3688	2
2582	3688	3690	2
2583	3690	3692	2
2584	3692	3694	2
2585	3694	3696	2
2586	3696	3698	2
2587	3698	3700	2
2588	3700	3702	2
2589	3702	3704	2
2590	3704	3706	2
2591	3706	3708	2
2592	3708	3710	2
2593	3710	3712	2
2594	3712	3714	2
2595	3714	3716	2
2596	3716	3718	2
2597	3718	3720	2
2598	3720	3722	2
2599	3722	3724	2
2600	3724	3726	2
2601	3726	3728	2
2602	3728	3730	2
2603	3730	3732	2
2604	3732	3734	2
2605	3734	3736	2
2606	3736	3738	2
2607	3738	3740	2
2608	3740	3742	2
2609	3742	3744	2
2610	3744	3746	2
2611	3746	3748	2
2612	3748	3750	2
2613	3750	3752	2
2614	3752	3754	2
2615	3754	3756	2
2616	3756	3758	2
2617	3758	3760	2
2618	3760	3762	2
2619	3762	3764	2
2620	3764	3766	2
2621	3766	3768	2
2622	3768	3770	2
2623	3770	3772	2
2624	3772	3774	2
2625	3774	3776	2
2626	3776	3779	3
2627	3779	3782	3
2628	3782	3785	3
2629	3785	3788	3
2630	3788	3791	3
2631	3791	3794	3
2632	3794	3797	3
2633	3797	3800	3
2634	3800	3803	3
2635	3803	3806	3
2636	3806	3809	3
2637	3809	3812	3
2638	3812	3815	3
2639	3815	3818	3
2640	3818	3821	3
2641	3821	3824	3
2642	3824	3827	3
2643	3827	3830	3
2644	3830	3833	3
2645	3833	3836	3
2646	3836	3839	3
2647	3839	3842	3
2648	3842	3845	3
2649	3845	3848	3
2650	3848	3851	3
2651	3851	3854	3
2652	3854	3857	3
2653	3857	3860	3
2654	3860	3863	3
2655	3863	3866	3
2656	3866	3869	3
2657	3869	3872	3
2658	3872	3875	3
2659	3875	3878	3
2660	3878	3881	3
2661	3881	3884	3
2662	3884	3887	3
2663	3887	3890	3
2664	3890	3893	3
2665	3893	3896	3
2666	3896	3899	3
2667	3899	3902	3
2668	3902	3905	3
2669	3905	3908	3
2670	3908	3911	3
2671	3911	3914	3
2672	3914	3917	3
2673	3917	3920	3
2674	3920	3923	3
2675	3923	3926	3
2676	3926	3929	3
2677	3929	3932	3
2678	3932	3935	3
2679	3935	3938	3
2680	3938	3941	3
2681	3941	3944	3
2682	3944	3947	3
2683	3947	3950	3
2684	3950	3953	3
2685	3953	3956	3
2686	3956	3959	3
2687	3959	3962	3
2688	3962	3965	3
2689	3965	3968	3
2690	3968	3971	3
2691	3971	3974	3
2692	3974	3977	3
2693	3977	3980	3
2694	3980	3983	3
2695	3983	3986	3
2696	3986	3989	3
2697	3989	3992	3
2698	3992	3995	3
2699	3995	3998	3
2700	3998	4001	3
2701	4001	4004	3
2702	4004	4007	3
2703	4007	4010	3
2704	4010	4013	3
2705	4013	4016	3
2706	4016	4019	3
2707	4019	4022	3
2708	4022	4025	3
2709	4025	4028	3
2710	4028	4031	3
2711	4031	4034	3
2712	4034	4037	3
2713	4037	4040	3
2714	4040	4043	3
2715	4043	4046	3
2716	4046	4049	3
2717	4049	4052	3
2718	4052	4055	3
2719	4055	4058	3
2720	4058	4061	3
2721	4061	4064	3
2722	4064	4067	3
2723	4067	4070	3
2724	4070	4073	3
2725	4073	4076	3
2726	4076	4079	3
2727	4079	4082	3
2728	4082	4085	3
2729	4085	4088	3
2730	4088	4091	3
2731	4091	4094	3
2732	4094	4097	3
2733	4097	4100	3
2734	4100	4103	3
2735	4103	4106	3
2736	4106	4109	3
2737	4109	4112	3
2738	4112	4115	3
2739	4115	4118	3
2740	4118	4121	3
2741	4121	4124	3
2742	4124	4127	3
2743	4127	4130	3
2744	4130	4133	3
2745	4133	4136	3
2746	4136	4139	3
2747	4139	4142	3
2748	4142	4145	3
2749	4145	4148	3
2750	4148	4151	3
2751	4151	4154	3
2752	4154	4157	3
2753	4157	4160	3
2754	4160	4163	3
2755	4163	4166	3
2756	4166	4169	3
2757	4169	4172	3
2758	4172	4175	3
2759	4175	4178	3
2760	4178	4181	3
2761	4181	4184	3
2762	4184	4187	3
2763	4187	4190	3
2764	4190	4193	3
2765	4193	4196	3
2766	4196	4199	3
2767	4199	4202	3
2768	4202	4205	3
2769	4205	4208	3
2770	4208	4211	3
2771	4211	4214	3
2772	4214	4217	3
2773	4217	4220	3
2774	4220	4223	3
2775	4223	4226	3
2776	4226	4229	3
2777	4229	4232	3
2778	4232	4235	3
2779	4235	4238	3
2780	4238	4241	3
2781	4241	4244	3
2782	4244	4247	3
2783	4247	4250	3
2784	4250	4253	3
2785	4253	4256	3
2786	4256	4259	3
2787	4259	4262	3
2788	4262	4265	3
2789	4265	4268	3
2790	4268	4271	3
2791	4271	4274	3
2792	4274	4277	3
2793	4277	4280	3
2794	4280	4283	3
2795	4283	4286	3
2796	4286	4289	3
2797	4289	4292	3
2798	4292	4295	3
2799	4295	4298	3
2800	4298	4301	3
2801	4301	4304	3
2802	4304	4307	3
2803	4307	4310	3
2804	4310	4313	3
2805	4313	4316	3
2806	4316	4319	3
2807	4319	4322	3
2808	4322	4325	3
2809	4325	4328	3
2810	4328	4331	3
2811	4331	4334	3
2812	4334	4337	3
2813	4337	4340	3
2814	4340	4343	3
2815	4343	4346	3
2816	4346	4349	3
2817	4349	4352	3
2818	4352	4355	3
2819	4355	4358	3
2820	4358	4361	3
2821	4361	4364	3
2822	4364	4367	3
2823	4367	4370	3
2824	4370	4373	3
2825	4373	4376	3
2826	4376	4379	3
2827	4379	4382	3
2828	4382	4385	3
2829	4385	4388	3
2830	4388	4391	3
2831	4391	4394	3
2832	4394	4397	3
2833	4397	4400	3
2834	4400	4403	3
2835	4403	4406	3
2836	4406	4409	3
2837	4409	4412	3
2838	4412	4415	3
2839	4415	4418	3
2840	4418	4421	3
2841	4421	4424	3
2842	4424	4427	3
2843	4427	4430	3
2844	4430	4433	3
2845	4433	4436	3
2846	4436	4439	3
2847	4439	4442	3
2848	4442	4445	3
2849	4445	4448	3
2850	4448	4451	3
2851	4451	4454	3
2852	4454	4457	3
2853	4457	4460	3
2854	4460	4463	3
2855	4463	4466	3
2856	4466	4469	3
2857	4469	4472	3
2858	4472	4475	3
2859	4475	4478	3
2860	4478	4481	3
2861	4481	4484	3
2862	4484	4487	3
2863	4487	4490	3
2864	4490	4493	3
2865	4493	4496	3
2866	4496	4499	3
2867	4499	4502	3
2868	4502	4505	3
2869	4505	4508	3
2870	4508	4511	3
2871	4511	4514	3
2872	4514	4517	3
2873	4517	4520	3
2874	4520	4523	3
2875	4523	4526	3
2876	4526	4529	3
2877	4529	4532	3
2878	4532	4535	3
2879	4535	4538	3
2880	4538	4541	3
2881	4541	4544	3
2882	4544	4547	3
2883	4547	4550	3
2884	4550	4553	3
2885	4553	4556	3
2886	4556	4559	3
2887	4559	4562	3
2888	4562	4565	3
2889	4565	4568	3
2890	4568	4571	3
2891	4571	4574	3
2892	4574	4577	3
2893	4577	4580	3
2894	4580	4583	3
2895	4583	4586	3
2896	4586	4589	3
2897	4589	4592	3
2898	4592	4595	3
2899	4595	4598	3
2900	4598	4601	3
2901	4601	4604	3
2902	4604	4607	3
2903	4607	4610	3
2904	4610	4613	3
2905	4613	4616	3
2906	4616	4619	3
2907	4619	4622	3
2908	4622	4625	3
2909	4625	4628	3
2910	4628	4631	3
2911	4631	4634	3
2912	4634	4637	3
2913	4637	4640	3
2914	4640	4643	3
2915	4643	4646	3
2916	4646	4649	3
2917	4649	4652	3
2918	4652	4655	3
2919	4655	4658	3
2920	4658	4661	3
2921	4661	4664	3
2922	4664	4667	3
2923	4667	4670	3
2924	4670	4673	3
2925	4673	4676	3
2926	4676	4679	3
2927	4679	4683	4
2928	4683	4687	4
2929	4687	4691	4
2930	4691	4695	4
2931	4695	4699	4
2932	4699	4703	4
2933	4703	4707	4
2934	4707	4711	4
2935	4711	4715	4
2936	4715	4719	4
2937	4719	4723	4
2938	4723	4727	4
2939	4727	4731	4
2940	4731	4735	4
2941	4735	4739	4
2942	4739	4743	4
2943	4743	4747	4
2944	4747	4751	4
2945	4751	4755	4
2946	4755	4759	4
2947	4759	4763	4
2948	4763	4767	4
2949	4767	4771	4
2950	4771	4775	4
2951	4775	4779	4
2952	4779	4783	4
2953	4783	4787	4
2954	4787	4791	4
2955	4791	4795	4
2956	4795	4799	4
2957	4799	4803	4
2958	4803	4807	4
2959	4807	4811	4
2960	4811	4815	4
2961	4815	4819	4
2962	4819	4823	4
2963	4823	4827	4
2964	4827	4831	4
2965	4831	4835	4
2966	4835	4839	4
2967	4839	4843	4
2968	4843	4847	4
2969	4847	4851	4
2970	4851	4855	4
2971	4855	4859	4
2972	4859	4863	4
2973	4863	4867	4
2974	4867	4871	4
2975	4871	4875	4
2976	4875	4879	4
2977	4879	4883	4
2978	4883	4887	4
2979	4887	4891	4
2980	4891	4895	4
2981	4895	4899	4
2982	4899	4903	4
2983	4903	4907	4
2984	4907	4911	4
2985	4911	4915	4
2986	4915	4919	4
2987	4919	4923	4
2988	4923	4927	4
2989	4927	4931	4
2990	4931	4935	4
2991	4935	4939	4
2992	4939	4943	4
2993	4943	4947	4
2994	4947	4951	4
2995	4951	4955	4
2996	4955	4959	4
2997	4959	4963	4
2998	4963	4967	4
2999	4967	4971	4
3000	4971	4975	4
3001	4975	4979	4
3002	4979	4983	4
3003	4983	4987	4
3004	4987	4991	4
3005	4991	4995	4
3006	4995	4999	4
3007	4999	5003	4
3008	5003	5007	4
3009	5007	5011	4
3010	5011	5015	4
3011	5015	5019	4
3012	5019	5023	4
3013	5023	5027	4
3014	5027	5031	4
3015	5031	5035	4
3016	5035	5039	4
3017	5039	5043	4
3018	5043	5047	4
3019	5047	5051	4
3020	5051	5055	4
3021	5055	5059	4
3022	5059	5063	4
3023	5063	5067	4
3024	5067	5071	4
3025	5071	5075	4
3026	5075	5079	4
3027	5079	5083	4
3028	5083	5087	4
3029	5087	5091	4
3030	5091	5095	4
3031	5095	5099	4
3032	5099	5103	4
3033	5103	5107	4
3034	5107	5111	4
3035	5111	5115	4
3036	5115	5119	4
3037	5119	5123	4
3038	5123	5127	4
3039	5127	5131	4
3040	5131	5135	4
3041	5135	5139	4
3042	5139	5143	4
3043	5143	5147	4
3044	5147	5151	4
3045	5151	5155	4
3046	5155	5159	4
3047	5159	5163	4
3048	5163	5167	4
3049	5167	5171	4
3050	5171	5175	4
3051	5175	5179	4
3052	5179	5183	4
3053	5183	5187	4
3054	5187	5191	4
3055	5191	5195	4
3056	5195	5199	4
3057	5199	5203	4
3058	5203	5207	4
3059	5207	5211	4
3060	5211	5215	4
3061	5215	5219	4
3062	5219	5223	4
3063	5223	5227	4
3064	5227	5231	4
3065	5231	5235	4
3066	5235	5239	4
3067	5239	5243	4
3068	5243	5247	4
3069	5247	5251	4
3070	5251	5255	4
3071	5255	5259	4
3072	5259	5263	4
3073	5263	5267	4
3074	5267	5271	4
3075	5271	5275	4
3076	5275	5279	4
3077	5279	5283	4
3078	5283	5287	4
3079	5287	5291	4
3080	5291	5295	4
3081	5295	5299	4
3082	5299	5303	4
3083	5303	5307	4
3084	5307	5311	4
3085	5311	5315	4
3086	5315	5319	4
3087	5319	5323	4
3088	5323	5327	4
3089	5327	5331	4
3090	5331	5335	4
3091	5335	5339	4
3092	5339	5343	4
3093	5343	5347	4
3094	5347	5351	4
3095	5351	5355	4
3096	5355	5359	4
3097	5359	5363	4
3098	5363	5367	4
3099	5367	5371	4
3100	5371	5375	4
3101	5375	5379	4
3102	5379	5383	4
3103	5383	5387	4
3104	5387	5391	4
3105	5391	5395	4
3106	5395	5399	4
3107	5399	5403	4
3108	5403	5407	4
3109	5407	5411	4
3110	5411	5415	4
3111	5415	5419	4
3112	5419	5423	4
3113	5423	5428	5
3114	5428	5433	5
3115	5433	5438	5
3116	5438	5443	5
3117	5443	5448	5
3118	5448	5453	5
3119	5453	5458	5
3120	5458	5463	5
3121	5463	5468	5
3122	5468	5473	5
3123	5473	5478	5
3124	5478	5483	5
3125	5483	5488	5
3126	5488	5493	5
3127	5493	5498	5
3128	5498	5503	5
3129	5503	5508	5
3130	5508	5513	5
3131	5513	5518	5
3132	5518	5523	5
3133	5523	5528	5
3134	5528	5533	5
3135	5533	5538	5
3136	5538	5543	5
3137	5543	5548	5
3138	5548	5553	5
3139	5553	5558	5
3140	5558	5563	5
3141	5563	5568	5
3142	5568	5573	5
3143	5573	5578	5
3144	5578	5583	5
3145	5583	5588	5
3146	5588	5593	5
3147	5593	5598	5
3148	5598	5603	5
3149	5603	5608	5
3150	5608	5613	5
3151	5613	5618	5
3152	5618	5623	5
3153	5623	5628	5
3154	5628	5633	5
3155	5633	5638	5
3156	5638	5643	5
3157	5643	5648	5
3158	5648	5653	5
3159	5653	5658	5
3160	5658	5663	5
3161	5663	5668	5
3162	5668	5673	5
3163	5673	5678	5
3164	5678	5683	5
3165	5683	5688	5
3166	5688	5693	5
3167	5693	5698	5
3168	5698	5703	5
3169	5703	5708	5
3170	5708	5713	5
3171	5713	5718	5
3172	5718	5723	5
3173	5723	5728	5
3174	5728	5733	5
3175	5733	5738	5
3176	5738	5743	5
3177	5743	5748	5
3178	5748	5753	5
3179	5753	5758	5
3180	5758	5763	5
3181	5763	5768	5
3182	5768	5773	5
3183	5773	5778	5
3184	5778	5783	5
3185	5783	5788	5
3186	5788	5793	5
3187	5793	5798	5
3188	5798	5803	5
3189	5803	5808	5
3190	5808	5813	5
3191	5813	5818	5
3192	5818	5823	5
3193	5823	5828	5
3194	5828	5833	5
3195	5833	5838	5
3196	5838	5843	5
3197	5843	5848	5
3198	5848	5853	5
3199	5853	5858	5
3200	5858	5863	5
3201	5863	5868	5
3202	5868	5873	5
3203	5873	5878	5
3204	5878	5883	5
3205	5883	5888	5
3206	5888	5893	5
3207	5893	5898	5
3208	5898	5903	5
3209	5903	5908	5
3210	5908	5913	5
3211	5913	5918	5
3212	5918	5923	5
3213	5923	5928	5
3214	5928	5933	5
3215	5933	5938	5
3216	5938	5943	5
3217	5943	5948	5
3218	5948	5953	5
3219	5953	5958	5
3220	5958	5963	5
3221	5963	5968	5
3222	5968	5973	5
3223	5973	5978	5
3224	5978	5983	5
3225	5983	5988	5
3226	5988	5993	5
3227	5993	5998	5
3228	5998	6003	5
3229	6003	6008	5
3230	6008	6013	5
3231	6013	6018	5
3232	6018	6023	5
3233	6023	6028	5
3234	6028	6033	5
3235	6033	6038	5
3236	6038	6043	5
3237	6043	6048	5
3238	6048	6053	5
3239	6053	6059	6
3240	6059	6065	6
3241	6065	6071	6
3242	6071	6077	6
3243	6077	6083	6
3244	6083	6089	6
3245	6089	6095	6
3246	6095	6101	6
3247	6101	6107	6
3248	6107	6113	6
3249	6113	6119	6
3250	6119	6125	6
3251	6125	6131	6
3252	6131	6137	6
3253	6137	6143	6
3254	6143	6149	6
3255	6149	6155	6
3256	6155	6161	6
3257	6161	6167	6
3258	6167	6173	6
3259	6173	6179	6
3260	6179	6185	6
3261	6185	6191	6
3262	6191	6197	6
3263	6197	6203	6
3264	6203	6209	6
3265	6209	6215	6
3266	6215	6221	6
3267	6221	6227	6
3268	6227	6233	6
3269	6233	6239	6
3270	6239	6245	6
3271	6245	6251	6
3272	6251	6257	6
3273	6257	6263	6
3274	6263	6269	6
3275	6269	6275	6
3276	6275	6281	6
3277	6281	6287	6
3278	6287	6293	6
3279	6293	6299	6
3280	6299	6305	6
3281	6305	6311	6
3282	6311	6317	6
3283	6317	6323	6
3284	6323	6329	6
3285	6329	6335	6
3286	6335	6341	6
3287	6341	6347	6
3288	6347	6353	6
3289	6353	6359	6
3290	6359	6365	6
3291	6365	6371	6
3292	6371	6377	6
3293	6377	6383	6
3294	6383	6389	6
3295	6389	6395	6
3296	6395	6401	6
3297	6401	6407	6
3298	6407	6413	6
3299	6413	6419	6
3300	6419	6425	6
3301	6425	6431	6
3302	6431	6437	6
3303	6437	6443	6
3304	6443	6449	6
3305	6449	6455	6
3306	6455	6461	6
3307	6461	6467	6
3308	6467	6473	6
3309	6473	6479	6
3310	6479	6485	6
3311	6485	6491	6
3312	6491	6497	6
3313	6497	6503	6
3314	6503	6509	6
3315	6509	6515	6
3316	6515	6521	6
3317	6521	6527	6
3318	6527	6533	6
3319	6533	6539	6
3320	6539	6545	6
3321	6545	6551	6
3322	6551	6557	6
3323	6557	6563	6
3324	6563	6569	6
3325	6569	6575	6
3326	6575	6581	6
3327	6581	6587	6
3328	6587	6593	6
3329	6593	6599	6
3330	6599	6605	6
3331	6605	6611	6
3332	6611	6617	6
3333	6617	6623	6
3334	6623	6629	6
3335	6629	6636	7
3336	6636	6643	7
3337	6643	6650	7
3338	6650	6657	7
3339	6657	6664	7
3340	6664	6671	7
3341	6671	6678	7
3342	6678	6685	7
3343	6685	6692	7
3344	6692	6699	7
3345	6699	6706	7
3346	6706	6713	7
3347	6713	6720	7
3348	6720	6727	7
3349	6727	6734	7
3350	6734	6741	7
3351	6741	6748	7
3352	6748	6755	7
3353	6755	6762	7
3354	6762	6769	7
3355	6769	6776	7
3356	6776	6783	7
3357	6783	6790	7
3358	6790	6797	7
3359	6797	6804	7
3360	6804	6811	7
3361	6811	6818	7
3362	6818	6825	7
3363	6825	6832	7
3364	6832	6839	7
3365	6839	6846	7
3366	6846	6853	7
3367	6853	6860	7
3368	6860	6867	7
3369	6867	6874	7
3370	6874	6881	7
3371	6881	6888	7
3372	6888	6895	7
3373	6895	6902	7
3374	6902	6909	7
3375	6909	6916	7
3376	6916	6923	7
3377	6923	6930	7
3378	6930	6937	7
3379	6937	6944	7
3380	6944	6951	7
3381	6951	6958	7
3382	6958	6965	7
3383	6965	6972	7
3384	6972	6979	7
3385	6979	6986	7
3386	6986	6993	7
3387	6993	7000	7
3388	7000	7007	7
3389	7007	7014	7
3390	7014	7021	7
3391	7021	7028	7
3392	7028	7035	7
3393	7035	7042	7
3394	7042	7049	7
3395	7049	7056	7
3396	7056	7063	7
3397	7063	7070	7
3398	7070	7077	7
3399	7077	7084	7
3400	7084	7091	7
3401	7091	7098	7
3402	7098	7105	7
3403	7105	7112	7
3404	7112	7119	7
3405	7119	7126	7
3406	7126	7133	7
3407	7133	7140	7
3408	7140	7147	7
3409	7147	7154	7
3410	7154	7161	7
3411	7161	7168	7
3412	7168	7175	7
3413	7175	7182	7
3414	7182	7189	7
3415	7189	7196	7
3416	7196	7203	7
3417	7203	7211	8
3418	7211	7219	8
3419	7219	7227	8
3420	7227	7235	8
3421	7235	7243	8
3422	7243	7251	8
3423	7251	7259	8
3424	7259	7267	8
3425	7267	7275	8
3426	7275	7283	8
3427	7283	7291	8
3428	7291	7299	8
3429	7299	7307	8
3430	7307	7315	8
3431	7315	7323	8
3432	7323	7331	8
3433	7331	7339	8
3434	7339	7347	8
3435	7347	7355	8
3436	7355	7363	8
3437	7363	7371	8
3438	7371	7379	8
3439	7379	7387	8
3440	7387	7395	8
3441	7395	7403	8
3442	7403	7411	8
3443	7411	7419	8
3444	7419	7427	8
3445	7427	7435	8
3446	7435	7443	8
3447	7443	7451	8
3448	7451	7459	8
3449	7459	7467	8
3450	7467	7475	8
3451	7475	7483	8
3452	7483	7491	8
3453	7491	7499	8
3454	7499	7507	8
3455	7507	7515	8
3456	7515	7523	8
3457	7523	7531	8
3458	7531	7539	8
3459	7539	7547	8
3460	7547	7555	8
3461	7555	7563	8
3462	7563	7571	8
3463	7571	7579	8
3464	7579	7587	8
3465	7587	7595	8
3466	7595	7603	8
3467	7603	7611	8
3468	7611	7619	8
3469	7619	7627	8
3470	7627	7635	8
3471	7635	7643	8
3472	7643	7651	8
3473	7651	7660	9
3474	7660	7669	9
3475	7669	7678	9
3476	7678	7687	9
3477	7687	7696	9
3478	7696	7705	9
3479	7705	7714	9
3480	7714	7723	9
3481	7723	7732	9
3482	7732	7741	9
3483	7741	7750	9
3484	7750	7759	9
3485	7759	7768	9
3486	7768	7777	9
3487	7777	7786	9
3488	7786	7795	9
3489	7795	7804	9
3490	7804	7813	9
3491	7813	7822	9
3492	7822	7831	9
3493	7831	7840	9
3494	7840	7849	9
3495	7849	7858	9
3496	7858	7867	9
3497	7867	7876	9
3498	7876	7885	9
3499	7885	7894	9
3500	7894	7903	9
3501	7903	7912	9
3502	7912	7921	9
3503	7921	7930	9
3504	7930	7939	9
3505	7939	7948	9
3506	7948	7957	9
3507	7957	7966	9
3508	7966	7975	9
3509	7975	7984	9
3510	7984	7993	9
3511	7993	8002	9
3512	8002	8011	9
3513	8011	8020	9
3514	8020	8029	9
3515	8029	8038	9
3516	8038	8047	9
3517	8047	8056	9
3518	8056	8066	10
3519	8066	8076	10
3520	8076	8086	10
3521	8086	8096	10
3522	8096	8106	10
3523	8106	8116	10
3524	8116	8126	10
3525	8126	8136	10
3526	8136	8146	10
3527	8146	8156	10
3528	8156	8166	10
3529	8166	8176	10
3530	8176	8186	10
3531	8186	8196	10
3532	8196	8206	10
3533	8206	8216	10
3534	8216	8226	10
3535	8226	8236	10
3536	8236	8246	10
3537	8246	8256	10
3538	8256	8266	10
3539	8266	8276	10
3540	8276	8286	10
3541	8286	8296	10
3542	8296	8306	10
3543	8306	8316	10
3544	8316	8326	10
3545	8326	8336	10
3546	8336	8346	10
3547	8346	8356	10
3548	8356	8366	10
3549	8366	8376	10
3550	8376	8386	10
3551	8386	8396	10
3552	8396	8406	10
3553	8406	8416	10
3554	8416	8426	10
3555	8426	8436	10
3556	8436	8446	10
3557	8446	8456	10
3558	8456	8466	10
3559	8466	8476	10
3560	8476	8486	10
3561	8486	8496	10
3562	8496	8506	10
3563	8506	8516	10
3564	8516	8526	10
3565	8526	8536	10
3566	8536	8546	10
3567	8546	8556	10
3568	8556	8566	10
3569	8566	8577	11
3570	8577	8588	11
3571	8588	8599	11
3572	8599	8610	11
3573	8610	8621	11
3574	8621	8632	11
3575	8632	8643	11
3576	8643	8654	11
3577	8654	8665	11
3578	8665	8676	11
3579	8676	8687	11
3580	8687	8698	11
3581	8698	8709	11
3582	8709	8720	11
3583	8720	8731	11
3584	8731	8742	11
3585	8742	8753	11
3586	8753	8764	11
3587	8764	8775	11
3588	8775	8786	11
3589	8786	8797	11
3590	8797	8808	11
3591	8808	8819	11
3592	8819	8830	11
3593	8830	8841	11
3594	8841	8852	11
3595	8852	8863	11
3596	8863	8874	11
3597	8874	8885	11
3598	8885	8896	11
3599	8896	8907	11
3600	8907	8918	11
3601	8918	8929	11
3602	8929	8940	11
3603	8940	8951	11
3604	8951	8962	11
3605	8962	8973	11
3606	8973	8984	11
3607	8984	8995	11
3608	8995	9007	12
3609	9007	9019	12
3610	9019	9031	12
3611	9031	9043	12
3612	9043	9055	12
3613	9055	9067	12
3614	9067	9079	12
3615	9079	9091	12
3616	9091	9103	12
3617	9103	9115	12
3618	9115	9127	12
3619	9127	9139	12
3620	9139	9151	12
3621	9151	9163	12
3622	9163	9175	12
3623	9175	9187	12
3624	9187	9199	12
3625	9199	9211	12
3626	9211	9223	12
3627	9223	9235	12
3628	9235	9247	12
3629	9247	9259	12
3630	9259	9271	12
3631	9271	9283	12
3632	9283	9295	12
3633	9295	9307	12
3634	9307	9319	12
3635	9319	9331	12
3636	9331	9343	12
3637	9343	9355	12
3638	9355	9367	12
3639	9367	9380	13
3640	9380	9393	13
3641	9393	9406	13
3642	9406	9419	13
3643	9419	9432	13
3644	9432	9445	13
3645	9445	9458	13
3646	9458	9471	13
3647	9471	9484	13
3648	9484	9497	13
3649	9497	9510	13
3650	9510	9523	13
3651	9523	9536	13
3652	9536	9549	13
3653	9549	9562	13
3654	9562	9575	13
3655	9575	9588	13
3656	9588	9601	13
3657	9601	9614	13
3658	9614	9627	13
3659	9627	9640	13
3660	9640	9653	13
3661	9653	9666	13
3662	9666	9679	13
3663	9679	9693	14
3664	9693	9707	14
3665	9707	9721	14
3666	9721	9735	14
3667	9735	9749	14
3668	9749	9763	14
3669	9763	9777	14
3670	9777	9791	14
3671	9791	9805	14
3672	9805	9819	14
3673	9819	9833	14
3674	9833	9847	14
3675	9847	9861	14
3676	9861	9875	14
3677	9875	9889	14
3678	9889	9903	14
3679	9903	9917	14
3680	9917	9931	14
3681	9931	9945	14
3682	9945	9959	14
3683	9959	9974	15
3684	9974	9989	15
3685	9989	10004	15
3686	10004	10019	15
3687	10019	10034	15
3688	10034	10049	15
3689	10049	10064	15
3690	10064	10079	15
3691	10079	10094	15
3692	10094	10109	15
3693	10109	10124	15
3694	10124	10139	15
3695	10139	10154	15
3696	10154	10169	15
3697	10169	10184	15
3698	10184	10199	15
