#
#N Pointing	tstart	tend	Obs time
#		s
1	210	212	2
2	212	214	2
3	214	216	2
4	216	218	2
5	218	220	2
6	220	222	2
7	222	224	2
8	224	226	2
9	226	228	2
10	228	230	2
11	230	232	2
12	232	234	2
13	234	236	2
14	236	238	2
15	238	240	2
16	240	242	2
17	242	244	2
18	244	246	2
19	246	248	2
20	248	250	2
21	250	252	2
22	252	254	2
23	254	256	2
24	256	258	2
25	258	260	2
26	260	262	2
27	262	264	2
28	264	266	2
29	266	268	2
30	268	270	2
31	270	272	2
32	272	274	2
33	274	276	2
34	276	278	2
35	278	280	2
36	280	282	2
37	282	284	2
38	284	286	2
39	286	288	2
40	288	290	2
41	290	292	2
42	292	294	2
43	294	296	2
44	296	298	2
45	298	300	2
46	300	302	2
47	302	304	2
48	304	306	2
49	306	308	2
50	308	310	2
51	310	312	2
52	312	314	2
53	314	316	2
54	316	318	2
55	318	320	2
56	320	322	2
57	322	324	2
58	324	326	2
59	326	328	2
60	328	330	2
61	330	332	2
62	332	334	2
63	334	336	2
64	336	338	2
65	338	340	2
66	340	342	2
67	342	344	2
68	344	346	2
69	346	348	2
70	348	350	2
71	350	352	2
72	352	354	2
73	354	356	2
74	356	358	2
75	358	360	2
76	360	362	2
77	362	364	2
78	364	366	2
79	366	368	2
80	368	370	2
81	370	372	2
82	372	374	2
83	374	376	2
84	376	378	2
85	378	380	2
86	380	382	2
87	382	384	2
88	384	386	2
89	386	388	2
90	388	390	2
91	390	392	2
92	392	394	2
93	394	396	2
94	396	398	2
95	398	400	2
96	400	402	2
97	402	404	2
98	404	406	2
99	406	408	2
100	408	410	2
101	410	412	2
102	412	414	2
103	414	416	2
104	416	418	2
105	418	420	2
106	420	422	2
107	422	424	2
108	424	426	2
109	426	428	2
110	428	430	2
111	430	432	2
112	432	434	2
113	434	436	2
114	436	438	2
115	438	440	2
116	440	442	2
117	442	444	2
118	444	446	2
119	446	448	2
120	448	450	2
121	450	452	2
122	452	454	2
123	454	456	2
124	456	458	2
125	458	460	2
126	460	462	2
127	462	464	2
128	464	466	2
129	466	468	2
130	468	470	2
131	470	472	2
132	472	474	2
133	474	476	2
134	476	478	2
135	478	480	2
136	480	482	2
137	482	484	2
138	484	486	2
139	486	488	2
140	488	490	2
141	490	492	2
142	492	494	2
143	494	496	2
144	496	498	2
145	498	500	2
146	500	502	2
147	502	504	2
148	504	506	2
149	506	508	2
150	508	510	2
151	510	512	2
152	512	514	2
153	514	516	2
154	516	518	2
155	518	520	2
156	520	522	2
157	522	524	2
158	524	526	2
159	526	528	2
160	528	530	2
161	530	532	2
162	532	534	2
163	534	536	2
164	536	538	2
165	538	540	2
166	540	542	2
167	542	544	2
168	544	546	2
169	546	548	2
170	548	550	2
171	550	552	2
172	552	554	2
173	554	556	2
174	556	558	2
175	558	560	2
176	560	562	2
177	562	564	2
178	564	566	2
179	566	568	2
180	568	570	2
181	570	572	2
182	572	574	2
183	574	576	2
184	576	578	2
185	578	580	2
186	580	582	2
187	582	584	2
188	584	586	2
189	586	588	2
190	588	590	2
191	590	592	2
192	592	594	2
193	594	596	2
194	596	598	2
195	598	600	2
196	600	602	2
197	602	604	2
198	604	606	2
199	606	608	2
200	608	610	2
201	610	612	2
202	612	614	2
203	614	616	2
204	616	618	2
205	618	620	2
206	620	622	2
207	622	624	2
208	624	626	2
209	626	628	2
210	628	630	2
211	630	632	2
212	632	634	2
213	634	637	3
214	637	640	3
215	640	643	3
216	643	646	3
217	646	649	3
218	649	652	3
219	652	655	3
220	655	658	3
221	658	661	3
222	661	664	3
223	664	667	3
224	667	670	3
225	670	673	3
226	673	676	3
227	676	679	3
228	679	682	3
229	682	685	3
230	685	688	3
231	688	691	3
232	691	694	3
233	694	697	3
234	697	700	3
235	700	703	3
236	703	706	3
237	706	709	3
238	709	712	3
239	712	715	3
240	715	718	3
241	718	721	3
242	721	724	3
243	724	727	3
244	727	730	3
245	730	733	3
246	733	736	3
247	736	739	3
248	739	742	3
249	742	745	3
250	745	748	3
251	748	751	3
252	751	754	3
253	754	757	3
254	757	760	3
255	760	763	3
256	763	766	3
257	766	769	3
258	769	772	3
259	772	775	3
260	775	778	3
261	778	781	3
262	781	784	3
263	784	787	3
264	787	790	3
265	790	793	3
266	793	796	3
267	796	799	3
268	799	802	3
269	802	805	3
270	805	808	3
271	808	811	3
272	811	814	3
273	814	817	3
274	817	820	3
275	820	823	3
276	823	826	3
277	826	829	3
278	829	832	3
279	832	835	3
280	835	838	3
281	838	841	3
282	841	844	3
283	844	847	3
284	847	850	3
285	850	853	3
286	853	856	3
287	856	859	3
288	859	862	3
289	862	865	3
290	865	868	3
291	868	871	3
292	871	874	3
293	874	877	3
294	877	880	3
295	880	883	3
296	883	886	3
297	886	889	3
298	889	892	3
299	892	895	3
300	895	898	3
301	898	901	3
302	901	904	3
303	904	907	3
304	907	910	3
305	910	913	3
306	913	916	3
307	916	919	3
308	919	922	3
309	922	925	3
310	925	928	3
311	928	931	3
312	931	934	3
313	934	937	3
314	937	940	3
315	940	943	3
316	943	946	3
317	946	949	3
318	949	953	4
319	953	957	4
320	957	961	4
321	961	965	4
322	965	969	4
323	969	973	4
324	973	977	4
325	977	981	4
326	981	985	4
327	985	989	4
328	989	993	4
329	993	997	4
330	997	1001	4
331	1001	1005	4
332	1005	1009	4
333	1009	1013	4
334	1013	1017	4
335	1017	1021	4
336	1021	1025	4
337	1025	1029	4
338	1029	1033	4
339	1033	1037	4
340	1037	1041	4
341	1041	1045	4
342	1045	1049	4
343	1049	1053	4
344	1053	1057	4
345	1057	1061	4
346	1061	1065	4
347	1065	1069	4
348	1069	1073	4
349	1073	1077	4
350	1077	1081	4
351	1081	1085	4
352	1085	1089	4
353	1089	1093	4
354	1093	1097	4
355	1097	1101	4
356	1101	1105	4
357	1105	1109	4
358	1109	1113	4
359	1113	1117	4
360	1117	1121	4
361	1121	1125	4
362	1125	1129	4
363	1129	1133	4
364	1133	1137	4
365	1137	1141	4
366	1141	1145	4
367	1145	1149	4
368	1149	1153	4
369	1153	1157	4
370	1157	1162	5
371	1162	1167	5
372	1167	1172	5
373	1172	1177	5
374	1177	1182	5
375	1182	1187	5
376	1187	1192	5
377	1192	1197	5
378	1197	1202	5
379	1202	1207	5
380	1207	1212	5
381	1212	1217	5
382	1217	1222	5
383	1222	1227	5
384	1227	1232	5
385	1232	1237	5
386	1237	1242	5
387	1242	1247	5
388	1247	1252	5
389	1252	1257	5
390	1257	1262	5
391	1262	1267	5
392	1267	1272	5
393	1272	1277	5
394	1277	1282	5
395	1282	1287	5
396	1287	1292	5
397	1292	1297	5
398	1297	1302	5
399	1302	1307	5
400	1307	1312	5
401	1312	1317	5
402	1317	1323	6
403	1323	1329	6
404	1329	1335	6
405	1335	1341	6
406	1341	1347	6
407	1347	1353	6
408	1353	1359	6
409	1359	1365	6
410	1365	1371	6
411	1371	1377	6
412	1377	1383	6
413	1383	1389	6
414	1389	1395	6
415	1395	1401	6
416	1401	1407	6
417	1407	1413	6
418	1413	1419	6
419	1419	1425	6
420	1425	1431	6
421	1431	1437	6
422	1437	1443	6
423	1443	1449	6
424	1449	1455	6
425	1455	1461	6
426	1461	1467	6
427	1467	1473	6
428	1473	1479	6
429	1479	1485	6
430	1485	1491	6
431	1491	1497	6
432	1497	1504	7
433	1504	1511	7
434	1511	1518	7
435	1518	1525	7
436	1525	1532	7
437	1532	1539	7
438	1539	1546	7
439	1546	1553	7
440	1553	1560	7
441	1560	1567	7
442	1567	1574	7
443	1574	1581	7
444	1581	1588	7
445	1588	1595	7
446	1595	1602	7
447	1602	1609	7
448	1609	1616	7
449	1616	1623	7
450	1623	1630	7
451	1630	1637	7
452	1637	1644	7
453	1644	1651	7
454	1651	1658	7
455	1658	1666	8
456	1666	1674	8
457	1674	1682	8
458	1682	1690	8
459	1690	1698	8
460	1698	1706	8
461	1706	1714	8
462	1714	1722	8
463	1722	1730	8
464	1730	1738	8
465	1738	1746	8
466	1746	1754	8
467	1754	1762	8
468	1762	1770	8
469	1770	1778	8
470	1778	1786	8
471	1786	1794	8
472	1794	1802	8
473	1802	1810	8
474	1810	1818	8
475	1818	1827	9
476	1827	1836	9
477	1836	1845	9
478	1845	1854	9
479	1854	1863	9
480	1863	1872	9
481	1872	1881	9
482	1881	1890	9
483	1890	1899	9
484	1899	1908	9
485	1908	1917	9
486	1917	1926	9
487	1926	1935	9
488	1935	1944	9
489	1944	1954	10
490	1954	1964	10
491	1964	1974	10
492	1974	1984	10
493	1984	1994	10
494	1994	2004	10
495	2004	2014	10
496	2014	2024	10
497	2024	2034	10
498	2034	2044	10
499	2044	2054	10
500	2054	2064	10
501	2064	2074	10
502	2074	2084	10
503	2084	2095	11
504	2095	2106	11
505	2106	2117	11
506	2117	2128	11
507	2128	2139	11
508	2139	2150	11
509	2150	2161	11
510	2161	2172	11
511	2172	2183	11
512	2183	2194	11
513	2194	2205	11
514	2205	2216	11
515	2216	2228	12
516	2228	2240	12
517	2240	2252	12
518	2252	2264	12
519	2264	2276	12
520	2276	2288	12
521	2288	2300	12
522	2300	2312	12
523	2312	2324	12
524	2324	2336	12
525	2336	2349	13
526	2349	2362	13
527	2362	2375	13
528	2375	2388	13
529	2388	2401	13
530	2401	2414	13
531	2414	2427	13
532	2427	2440	13
533	2440	2454	14
534	2454	2468	14
535	2468	2482	14
536	2482	2496	14
537	2496	2510	14
538	2510	2524	14
539	2524	2538	14
540	2538	2553	15
541	2553	2568	15
542	2568	2583	15
543	2583	2598	15
544	2598	2613	15
545	2613	2628	15
546	2628	2643	15
547	2643	2658	15
548	2658	2674	16
549	2674	2690	16
550	2690	2706	16
551	2706	2722	16
552	2722	2738	16
553	2738	2754	16
554	2754	2770	16
555	2770	2787	17
556	2787	2804	17
557	2804	2821	17
558	2821	2838	17
559	2838	2855	17
560	2855	2872	17
561	2872	2890	18
562	2890	2908	18
563	2908	2926	18
564	2926	2944	18
565	2944	2962	18
566	2962	2981	19
567	2981	3000	19
568	3000	3019	19
569	3019	3038	19
570	3038	3058	20
571	3058	3078	20
572	3078	3098	20
573	3098	3118	20
574	3118	3139	21
575	3139	3160	21
576	3160	3181	21
577	3181	3202	21
578	3202	3224	22
579	3224	3246	22
580	3246	3268	22
581	3268	3290	22
582	3290	3313	23
583	3313	3336	23
584	3336	3359	23
585	3359	3382	23
586	3382	3406	24
587	3406	3430	24
588	3430	3454	24
589	3454	3478	24
590	3478	3503	25
591	3503	3528	25
592	3528	3553	25
593	3553	3579	26
594	3579	3605	26
595	3605	3631	26
596	3631	3658	27
597	3658	3685	27
598	3685	3712	27
599	3712	3740	28
600	3740	3768	28
601	3768	3797	29
602	3797	3826	29
603	3826	3856	30
604	3856	3886	30
605	3886	3917	31
606	3917	3948	31
607	3948	3980	32
608	3980	4012	32
609	4012	4044	32
610	4044	4077	33
611	4077	4110	33
612	4110	4144	34
613	4144	4178	34
614	4178	4213	35
615	4213	4248	35
616	4248	4284	36
617	4284	4320	36
618	4320	4357	37
619	4357	4394	37
620	4394	4432	38
621	4432	4470	38
622	4470	4509	39
623	4509	4548	39
624	4548	4588	40
625	4588	4629	41
626	4629	4671	42
627	4671	4713	42
628	4713	4756	43
629	4756	4800	44
630	4800	4845	45
631	4845	4891	46
632	4891	4938	47
633	4938	4986	48
634	4986	5035	49
635	5035	5085	50
636	5085	5135	50
637	5135	5186	51
638	5186	5238	52
639	5238	5291	53
640	5291	5345	54
641	5345	5400	55
642	5400	5456	56
643	5456	5513	57
644	5513	5571	58
645	5571	5630	59
646	5630	5690	60
647	5690	5751	61
648	5751	5813	62
649	5813	5877	64
650	5877	5942	65
651	5942	6009	67
652	6009	6078	69
653	6078	6148	70
654	6148	6220	72
655	6220	6294	74
656	6294	6370	76
657	6370	6448	78
658	6448	6527	79
659	6527	6608	81
660	6608	6690	82
661	6690	6774	84
662	6774	6860	86
663	6860	6948	88
664	6948	7038	90
665	7038	7130	92
666	7130	7225	95
667	7225	7322	97
668	7322	7422	100
669	7422	7525	103
670	7525	7631	106
671	7631	7741	110
672	7741	7855	114
673	7855	7973	118
674	7973	8094	121
675	8094	8218	124
676	8218	8345	127
677	8345	8475	130
678	8475	8609	134
679	8609	8747	138
680	8747	8889	142
681	8889	9036	147
682	9036	9188	152
683	9188	9345	157
684	9345	9508	163
685	9508	9678	170
686	9678	9855	177
687	9855	10040	185
