#
#N Pointing	tstart	tend	Obs time
#		s
1	210	212	2
2	212	214	2
3	214	216	2
4	216	218	2
5	218	220	2
6	220	222	2
7	222	224	2
8	224	226	2
9	226	228	2
10	228	230	2
11	230	232	2
12	232	234	2
13	234	236	2
14	236	238	2
15	238	240	2
16	240	242	2
17	242	244	2
18	244	246	2
19	246	248	2
20	248	250	2
21	250	252	2
22	252	254	2
23	254	256	2
24	256	258	2
25	258	260	2
26	260	262	2
27	262	264	2
28	264	266	2
29	266	268	2
30	268	270	2
31	270	272	2
32	272	274	2
33	274	276	2
34	276	278	2
35	278	280	2
36	280	282	2
37	282	284	2
38	284	286	2
39	286	288	2
40	288	290	2
41	290	292	2
42	292	294	2
43	294	296	2
44	296	298	2
45	298	300	2
46	300	302	2
47	302	304	2
48	304	306	2
49	306	308	2
50	308	310	2
51	310	312	2
52	312	314	2
53	314	316	2
54	316	318	2
55	318	320	2
56	320	322	2
57	322	324	2
58	324	326	2
59	326	328	2
60	328	330	2
61	330	332	2
62	332	334	2
63	334	336	2
64	336	338	2
65	338	340	2
66	340	342	2
67	342	344	2
68	344	346	2
69	346	348	2
70	348	350	2
71	350	352	2
72	352	354	2
73	354	356	2
74	356	358	2
75	358	360	2
76	360	362	2
77	362	364	2
78	364	366	2
79	366	368	2
80	368	370	2
81	370	372	2
82	372	374	2
83	374	376	2
84	376	378	2
85	378	380	2
86	380	382	2
87	382	384	2
88	384	386	2
89	386	388	2
90	388	390	2
91	390	392	2
92	392	394	2
93	394	396	2
94	396	398	2
95	398	400	2
96	400	402	2
97	402	404	2
98	404	406	2
99	406	408	2
100	408	410	2
101	410	412	2
102	412	414	2
103	414	416	2
104	416	418	2
105	418	420	2
106	420	422	2
107	422	424	2
108	424	426	2
109	426	428	2
110	428	430	2
111	430	432	2
112	432	434	2
113	434	436	2
114	436	438	2
115	438	440	2
116	440	442	2
117	442	444	2
118	444	446	2
119	446	448	2
120	448	450	2
121	450	452	2
122	452	454	2
123	454	456	2
124	456	458	2
125	458	460	2
126	460	462	2
127	462	464	2
128	464	466	2
129	466	468	2
130	468	470	2
131	470	472	2
132	472	474	2
133	474	476	2
134	476	478	2
135	478	480	2
136	480	482	2
137	482	484	2
138	484	486	2
139	486	488	2
140	488	490	2
141	490	492	2
142	492	494	2
143	494	496	2
144	496	498	2
145	498	500	2
146	500	502	2
147	502	504	2
148	504	506	2
149	506	508	2
150	508	510	2
151	510	512	2
152	512	514	2
153	514	516	2
154	516	518	2
155	518	520	2
156	520	522	2
157	522	524	2
158	524	526	2
159	526	528	2
160	528	530	2
161	530	532	2
162	532	534	2
163	534	536	2
164	536	538	2
165	538	540	2
166	540	542	2
167	542	544	2
168	544	546	2
169	546	548	2
170	548	550	2
171	550	552	2
172	552	554	2
173	554	556	2
174	556	558	2
175	558	560	2
176	560	562	2
177	562	564	2
178	564	566	2
179	566	568	2
180	568	570	2
181	570	572	2
182	572	574	2
183	574	576	2
184	576	578	2
185	578	580	2
186	580	582	2
187	582	584	2
188	584	586	2
189	586	588	2
190	588	590	2
191	590	592	2
192	592	594	2
193	594	596	2
194	596	598	2
195	598	600	2
196	600	602	2
197	602	604	2
198	604	606	2
199	606	608	2
200	608	610	2
201	610	612	2
202	612	614	2
203	614	616	2
204	616	618	2
205	618	620	2
206	620	622	2
207	622	624	2
208	624	626	2
209	626	628	2
210	628	630	2
211	630	632	2
212	632	634	2
213	634	636	2
214	636	638	2
215	638	640	2
216	640	642	2
217	642	644	2
218	644	646	2
219	646	648	2
220	648	650	2
221	650	652	2
222	652	654	2
223	654	656	2
224	656	658	2
225	658	660	2
226	660	662	2
227	662	664	2
228	664	666	2
229	666	668	2
230	668	670	2
231	670	672	2
232	672	674	2
233	674	676	2
234	676	678	2
235	678	680	2
236	680	682	2
237	682	684	2
238	684	686	2
239	686	688	2
240	688	690	2
241	690	692	2
242	692	694	2
243	694	696	2
244	696	698	2
245	698	701	3
246	701	704	3
247	704	707	3
248	707	710	3
249	710	713	3
250	713	716	3
251	716	719	3
252	719	722	3
253	722	725	3
254	725	728	3
255	728	731	3
256	731	734	3
257	734	737	3
258	737	740	3
259	740	743	3
260	743	746	3
261	746	749	3
262	749	752	3
263	752	755	3
264	755	758	3
265	758	761	3
266	761	764	3
267	764	767	3
268	767	770	3
269	770	773	3
270	773	776	3
271	776	779	3
272	779	782	3
273	782	785	3
274	785	788	3
275	788	791	3
276	791	794	3
277	794	797	3
278	797	800	3
279	800	803	3
280	803	806	3
281	806	809	3
282	809	812	3
283	812	815	3
284	815	818	3
285	818	821	3
286	821	824	3
287	824	827	3
288	827	830	3
289	830	833	3
290	833	836	3
291	836	839	3
292	839	842	3
293	842	845	3
294	845	848	3
295	848	851	3
296	851	854	3
297	854	857	3
298	857	860	3
299	860	863	3
300	863	866	3
301	866	869	3
302	869	872	3
303	872	875	3
304	875	878	3
305	878	881	3
306	881	884	3
307	884	887	3
308	887	890	3
309	890	893	3
310	893	896	3
311	896	899	3
312	899	902	3
313	902	905	3
314	905	908	3
315	908	911	3
316	911	914	3
317	914	917	3
318	917	920	3
319	920	923	3
320	923	926	3
321	926	929	3
322	929	932	3
323	932	935	3
324	935	938	3
325	938	941	3
326	941	944	3
327	944	947	3
328	947	950	3
329	950	953	3
330	953	956	3
331	956	959	3
332	959	962	3
333	962	965	3
334	965	968	3
335	968	971	3
336	971	974	3
337	974	977	3
338	977	980	3
339	980	983	3
340	983	986	3
341	986	990	4
342	990	994	4
343	994	998	4
344	998	1002	4
345	1002	1006	4
346	1006	1010	4
347	1010	1014	4
348	1014	1018	4
349	1018	1022	4
350	1022	1026	4
351	1026	1030	4
352	1030	1034	4
353	1034	1038	4
354	1038	1042	4
355	1042	1046	4
356	1046	1050	4
357	1050	1054	4
358	1054	1058	4
359	1058	1062	4
360	1062	1066	4
361	1066	1070	4
362	1070	1074	4
363	1074	1078	4
364	1078	1082	4
365	1082	1086	4
366	1086	1090	4
367	1090	1094	4
368	1094	1098	4
369	1098	1102	4
370	1102	1106	4
371	1106	1110	4
372	1110	1114	4
373	1114	1118	4
374	1118	1122	4
375	1122	1126	4
376	1126	1130	4
377	1130	1134	4
378	1134	1138	4
379	1138	1142	4
380	1142	1146	4
381	1146	1150	4
382	1150	1154	4
383	1154	1158	4
384	1158	1162	4
385	1162	1166	4
386	1166	1170	4
387	1170	1174	4
388	1174	1178	4
389	1178	1182	4
390	1182	1186	4
391	1186	1190	4
392	1190	1194	4
393	1194	1198	4
394	1198	1202	4
395	1202	1206	4
396	1206	1210	4
397	1210	1214	4
398	1214	1218	4
399	1218	1222	4
400	1222	1226	4
401	1226	1230	4
402	1230	1235	5
403	1235	1240	5
404	1240	1245	5
405	1245	1250	5
406	1250	1255	5
407	1255	1260	5
408	1260	1265	5
409	1265	1270	5
410	1270	1275	5
411	1275	1280	5
412	1280	1285	5
413	1285	1290	5
414	1290	1295	5
415	1295	1300	5
416	1300	1305	5
417	1305	1310	5
418	1310	1315	5
419	1315	1320	5
420	1320	1325	5
421	1325	1330	5
422	1330	1335	5
423	1335	1340	5
424	1340	1345	5
425	1345	1350	5
426	1350	1355	5
427	1355	1360	5
428	1360	1365	5
429	1365	1370	5
430	1370	1375	5
431	1375	1380	5
432	1380	1385	5
433	1385	1390	5
434	1390	1395	5
435	1395	1400	5
436	1400	1405	5
437	1405	1410	5
438	1410	1415	5
439	1415	1421	6
440	1421	1427	6
441	1427	1433	6
442	1433	1439	6
443	1439	1445	6
444	1445	1451	6
445	1451	1457	6
446	1457	1463	6
447	1463	1469	6
448	1469	1475	6
449	1475	1481	6
450	1481	1487	6
451	1487	1493	6
452	1493	1499	6
453	1499	1505	6
454	1505	1511	6
455	1511	1517	6
456	1517	1523	6
457	1523	1529	6
458	1529	1535	6
459	1535	1541	6
460	1541	1547	6
461	1547	1554	7
462	1554	1561	7
463	1561	1568	7
464	1568	1575	7
465	1575	1582	7
466	1582	1589	7
467	1589	1596	7
468	1596	1603	7
469	1603	1610	7
470	1610	1617	7
471	1617	1624	7
472	1624	1631	7
473	1631	1638	7
474	1638	1645	7
475	1645	1652	7
476	1652	1659	7
477	1659	1666	7
478	1666	1673	7
479	1673	1680	7
480	1680	1687	7
481	1687	1694	7
482	1694	1701	7
483	1701	1708	7
484	1708	1716	8
485	1716	1724	8
486	1724	1732	8
487	1732	1740	8
488	1740	1748	8
489	1748	1756	8
490	1756	1764	8
491	1764	1772	8
492	1772	1780	8
493	1780	1788	8
494	1788	1796	8
495	1796	1804	8
496	1804	1812	8
497	1812	1820	8
498	1820	1828	8
499	1828	1836	8
500	1836	1844	8
501	1844	1852	8
502	1852	1860	8
503	1860	1868	8
504	1868	1877	9
505	1877	1886	9
506	1886	1895	9
507	1895	1904	9
508	1904	1913	9
509	1913	1922	9
510	1922	1931	9
511	1931	1940	9
512	1940	1949	9
513	1949	1958	9
514	1958	1967	9
515	1967	1976	9
516	1976	1985	9
517	1985	1994	9
518	1994	2004	10
519	2004	2014	10
520	2014	2024	10
521	2024	2034	10
522	2034	2044	10
523	2044	2054	10
524	2054	2064	10
525	2064	2074	10
526	2074	2084	10
527	2084	2094	10
528	2094	2104	10
529	2104	2114	10
530	2114	2124	10
531	2124	2134	10
532	2134	2144	10
533	2144	2154	10
534	2154	2165	11
535	2165	2176	11
536	2176	2187	11
537	2187	2198	11
538	2198	2209	11
539	2209	2220	11
540	2220	2231	11
541	2231	2242	11
542	2242	2253	11
543	2253	2264	11
544	2264	2275	11
545	2275	2286	11
546	2286	2298	12
547	2298	2310	12
548	2310	2322	12
549	2322	2334	12
550	2334	2346	12
551	2346	2358	12
552	2358	2370	12
553	2370	2382	12
554	2382	2394	12
555	2394	2406	12
556	2406	2419	13
557	2419	2432	13
558	2432	2445	13
559	2445	2458	13
560	2458	2471	13
561	2471	2484	13
562	2484	2497	13
563	2497	2511	14
564	2511	2525	14
565	2525	2539	14
566	2539	2553	14
567	2553	2567	14
568	2567	2581	14
569	2581	2595	14
570	2595	2609	14
571	2609	2623	14
572	2623	2637	14
573	2637	2652	15
574	2652	2667	15
575	2667	2682	15
576	2682	2697	15
577	2697	2712	15
578	2712	2727	15
579	2727	2742	15
580	2742	2757	15
581	2757	2773	16
582	2773	2789	16
583	2789	2805	16
584	2805	2821	16
585	2821	2837	16
586	2837	2853	16
587	2853	2869	16
588	2869	2886	17
589	2886	2903	17
590	2903	2920	17
591	2920	2937	17
592	2937	2954	17
593	2954	2972	18
594	2972	2990	18
595	2990	3008	18
596	3008	3026	18
597	3026	3044	18
598	3044	3063	19
599	3063	3082	19
600	3082	3101	19
601	3101	3120	19
602	3120	3139	19
603	3139	3159	20
604	3159	3179	20
605	3179	3199	20
606	3199	3219	20
607	3219	3240	21
608	3240	3261	21
609	3261	3282	21
610	3282	3303	21
611	3303	3324	21
612	3324	3345	21
613	3345	3367	22
614	3367	3389	22
615	3389	3411	22
616	3411	3433	22
617	3433	3456	23
618	3456	3479	23
619	3479	3502	23
620	3502	3525	23
621	3525	3549	24
622	3549	3573	24
623	3573	3597	24
624	3597	3621	24
625	3621	3646	25
626	3646	3671	25
627	3671	3696	25
628	3696	3722	26
629	3722	3748	26
630	3748	3774	26
631	3774	3801	27
632	3801	3828	27
633	3828	3856	28
634	3856	3884	28
635	3884	3912	28
636	3912	3941	29
637	3941	3970	29
638	3970	4000	30
639	4000	4030	30
640	4030	4061	31
641	4061	4092	31
642	4092	4123	31
643	4123	4155	32
644	4155	4187	32
645	4187	4219	32
646	4219	4252	33
647	4252	4285	33
648	4285	4319	34
649	4319	4353	34
650	4353	4388	35
651	4388	4423	35
652	4423	4459	36
653	4459	4495	36
654	4495	4532	37
655	4532	4569	37
656	4569	4607	38
657	4607	4645	38
658	4645	4684	39
659	4684	4724	40
660	4724	4764	40
661	4764	4805	41
662	4805	4847	42
663	4847	4890	43
664	4890	4933	43
665	4933	4977	44
666	4977	5022	45
667	5022	5068	46
668	5068	5115	47
669	5115	5162	47
670	5162	5210	48
671	5210	5259	49
672	5259	5309	50
673	5309	5359	50
674	5359	5410	51
675	5410	5462	52
676	5462	5515	53
677	5515	5569	54
678	5569	5624	55
679	5624	5680	56
680	5680	5737	57
681	5737	5795	58
682	5795	5854	59
683	5854	5914	60
684	5914	5976	62
685	5976	6039	63
686	6039	6104	65
687	6104	6170	66
688	6170	6238	68
689	6238	6308	70
690	6308	6380	72
691	6380	6453	73
692	6453	6527	74
693	6527	6603	76
694	6603	6680	77
695	6680	6759	79
696	6759	6839	80
697	6839	6921	82
698	6921	7005	84
699	7005	7091	86
700	7091	7179	88
701	7179	7269	90
702	7269	7362	93
703	7362	7457	95
704	7457	7555	98
705	7555	7656	101
706	7656	7760	104
707	7760	7868	108
708	7868	7979	111
709	7979	8093	114
710	8093	8210	117
711	8210	8330	120
712	8330	8453	123
713	8453	8579	126
714	8579	8709	130
715	8709	8843	134
716	8843	8981	138
717	8981	9123	142
718	9123	9270	147
719	9270	9423	153
720	9423	9581	158
721	9581	9746	165
722	9746	9918	172
723	9918	10098	180
