#
#N Pointing	tstart	tend	Obs time
#		s
1	210	211	1
2	211	212	1
3	212	213	1
4	213	214	1
5	214	215	1
6	215	216	1
7	216	217	1
8	217	218	1
9	218	219	1
10	219	220	1
11	220	221	1
12	221	222	1
13	222	223	1
14	223	224	1
15	224	225	1
16	225	226	1
17	226	227	1
18	227	228	1
19	228	229	1
20	229	230	1
21	230	231	1
22	231	232	1
23	232	233	1
24	233	234	1
25	234	235	1
26	235	236	1
27	236	237	1
28	237	238	1
29	238	239	1
30	239	240	1
31	240	241	1
32	241	242	1
33	242	243	1
34	243	244	1
35	244	245	1
36	245	246	1
37	246	247	1
38	247	248	1
39	248	249	1
40	249	250	1
41	250	251	1
42	251	252	1
43	252	253	1
44	253	254	1
45	254	255	1
46	255	256	1
47	256	257	1
48	257	258	1
49	258	259	1
50	259	260	1
51	260	261	1
52	261	262	1
53	262	263	1
54	263	264	1
55	264	265	1
56	265	266	1
57	266	267	1
58	267	268	1
59	268	269	1
60	269	270	1
61	270	271	1
62	271	272	1
63	272	273	1
64	273	274	1
65	274	275	1
66	275	276	1
67	276	277	1
68	277	278	1
69	278	279	1
70	279	280	1
71	280	281	1
72	281	282	1
73	282	283	1
74	283	284	1
75	284	285	1
76	285	286	1
77	286	287	1
78	287	288	1
79	288	289	1
80	289	290	1
81	290	291	1
82	291	292	1
83	292	293	1
84	293	294	1
85	294	295	1
86	295	296	1
87	296	297	1
88	297	298	1
89	298	299	1
90	299	300	1
91	300	301	1
92	301	302	1
93	302	303	1
94	303	304	1
95	304	305	1
96	305	306	1
97	306	307	1
98	307	308	1
99	308	309	1
100	309	310	1
101	310	311	1
102	311	312	1
103	312	313	1
104	313	314	1
105	314	315	1
106	315	316	1
107	316	317	1
108	317	318	1
109	318	319	1
110	319	320	1
111	320	321	1
112	321	322	1
113	322	323	1
114	323	324	1
115	324	325	1
116	325	326	1
117	326	327	1
118	327	328	1
119	328	329	1
120	329	330	1
121	330	331	1
122	331	332	1
123	332	333	1
124	333	334	1
125	334	335	1
126	335	336	1
127	336	337	1
128	337	338	1
129	338	339	1
130	339	340	1
131	340	341	1
132	341	342	1
133	342	343	1
134	343	344	1
135	344	345	1
136	345	346	1
137	346	347	1
138	347	348	1
139	348	349	1
140	349	350	1
141	350	351	1
142	351	352	1
143	352	353	1
144	353	354	1
145	354	355	1
146	355	356	1
147	356	357	1
148	357	358	1
149	358	359	1
150	359	360	1
151	360	361	1
152	361	362	1
153	362	363	1
154	363	364	1
155	364	365	1
156	365	366	1
157	366	367	1
158	367	368	1
159	368	369	1
160	369	370	1
161	370	371	1
162	371	372	1
163	372	373	1
164	373	374	1
165	374	375	1
166	375	376	1
167	376	377	1
168	377	378	1
169	378	379	1
170	379	380	1
171	380	381	1
172	381	382	1
173	382	383	1
174	383	384	1
175	384	385	1
176	385	386	1
177	386	387	1
178	387	388	1
179	388	389	1
180	389	390	1
181	390	391	1
182	391	392	1
183	392	393	1
184	393	394	1
185	394	395	1
186	395	396	1
187	396	397	1
188	397	398	1
189	398	399	1
190	399	400	1
191	400	401	1
192	401	402	1
193	402	403	1
194	403	404	1
195	404	405	1
196	405	406	1
197	406	407	1
198	407	408	1
199	408	409	1
200	409	410	1
201	410	411	1
202	411	412	1
203	412	413	1
204	413	414	1
205	414	415	1
206	415	416	1
207	416	417	1
208	417	418	1
209	418	419	1
210	419	420	1
211	420	421	1
212	421	422	1
213	422	423	1
214	423	424	1
215	424	425	1
216	425	426	1
217	426	427	1
218	427	428	1
219	428	429	1
220	429	430	1
221	430	431	1
222	431	432	1
223	432	433	1
224	433	434	1
225	434	435	1
226	435	436	1
227	436	437	1
228	437	438	1
229	438	439	1
230	439	440	1
231	440	441	1
232	441	442	1
233	442	443	1
234	443	444	1
235	444	445	1
236	445	446	1
237	446	447	1
238	447	448	1
239	448	449	1
240	449	450	1
241	450	451	1
242	451	452	1
243	452	453	1
244	453	454	1
245	454	455	1
246	455	456	1
247	456	457	1
248	457	458	1
249	458	459	1
250	459	460	1
251	460	461	1
252	461	462	1
253	462	463	1
254	463	464	1
255	464	465	1
256	465	466	1
257	466	467	1
258	467	468	1
259	468	469	1
260	469	470	1
261	470	471	1
262	471	472	1
263	472	473	1
264	473	474	1
265	474	475	1
266	475	476	1
267	476	477	1
268	477	478	1
269	478	479	1
270	479	480	1
271	480	481	1
272	481	482	1
273	482	483	1
274	483	484	1
275	484	485	1
276	485	486	1
277	486	487	1
278	487	488	1
279	488	489	1
280	489	490	1
281	490	491	1
282	491	492	1
283	492	493	1
284	493	494	1
285	494	495	1
286	495	496	1
287	496	497	1
288	497	498	1
289	498	499	1
290	499	500	1
291	500	501	1
292	501	502	1
293	502	503	1
294	503	504	1
295	504	505	1
296	505	506	1
297	506	507	1
298	507	508	1
299	508	509	1
300	509	510	1
301	510	511	1
302	511	512	1
303	512	513	1
304	513	514	1
305	514	515	1
306	515	516	1
307	516	517	1
308	517	518	1
309	518	519	1
310	519	520	1
311	520	521	1
312	521	522	1
313	522	523	1
314	523	524	1
315	524	525	1
316	525	526	1
317	526	527	1
318	527	528	1
319	528	529	1
320	529	530	1
321	530	531	1
322	531	532	1
323	532	533	1
324	533	534	1
325	534	535	1
326	535	536	1
327	536	537	1
328	537	538	1
329	538	539	1
330	539	540	1
331	540	541	1
332	541	542	1
333	542	543	1
334	543	544	1
335	544	545	1
336	545	546	1
337	546	547	1
338	547	548	1
339	548	549	1
340	549	550	1
341	550	551	1
342	551	552	1
343	552	553	1
344	553	554	1
345	554	555	1
346	555	556	1
347	556	557	1
348	557	558	1
349	558	559	1
350	559	560	1
351	560	561	1
352	561	562	1
353	562	563	1
354	563	564	1
355	564	565	1
356	565	566	1
357	566	567	1
358	567	568	1
359	568	569	1
360	569	570	1
361	570	571	1
362	571	572	1
363	572	573	1
364	573	574	1
365	574	575	1
366	575	576	1
367	576	577	1
368	577	578	1
369	578	579	1
370	579	580	1
371	580	581	1
372	581	582	1
373	582	583	1
374	583	584	1
375	584	585	1
376	585	586	1
377	586	587	1
378	587	588	1
379	588	589	1
380	589	590	1
381	590	591	1
382	591	592	1
383	592	593	1
384	593	594	1
385	594	595	1
386	595	596	1
387	596	597	1
388	597	598	1
389	598	599	1
390	599	600	1
391	600	601	1
392	601	602	1
393	602	603	1
394	603	604	1
395	604	605	1
396	605	606	1
397	606	607	1
398	607	608	1
399	608	609	1
400	609	610	1
401	610	611	1
402	611	612	1
403	612	613	1
404	613	614	1
405	614	615	1
406	615	616	1
407	616	617	1
408	617	618	1
409	618	619	1
410	619	620	1
411	620	621	1
412	621	622	1
413	622	623	1
414	623	624	1
415	624	625	1
416	625	626	1
417	626	627	1
418	627	628	1
419	628	629	1
420	629	630	1
421	630	631	1
422	631	632	1
423	632	633	1
424	633	634	1
425	634	635	1
426	635	636	1
427	636	637	1
428	637	638	1
429	638	639	1
430	639	640	1
431	640	641	1
432	641	642	1
433	642	643	1
434	643	644	1
435	644	645	1
436	645	646	1
437	646	647	1
438	647	648	1
439	648	649	1
440	649	650	1
441	650	651	1
442	651	652	1
443	652	653	1
444	653	654	1
445	654	655	1
446	655	656	1
447	656	657	1
448	657	658	1
449	658	659	1
450	659	660	1
451	660	661	1
452	661	662	1
453	662	663	1
454	663	664	1
455	664	665	1
456	665	666	1
457	666	667	1
458	667	668	1
459	668	669	1
460	669	670	1
461	670	671	1
462	671	672	1
463	672	673	1
464	673	674	1
465	674	675	1
466	675	676	1
467	676	677	1
468	677	678	1
469	678	679	1
470	679	680	1
471	680	681	1
472	681	682	1
473	682	683	1
474	683	684	1
475	684	685	1
476	685	686	1
477	686	687	1
478	687	688	1
479	688	689	1
480	689	690	1
481	690	691	1
482	691	692	1
483	692	693	1
484	693	694	1
485	694	695	1
486	695	696	1
487	696	697	1
488	697	698	1
489	698	699	1
490	699	700	1
491	700	701	1
492	701	702	1
493	702	703	1
494	703	704	1
495	704	705	1
496	705	706	1
497	706	707	1
498	707	708	1
499	708	709	1
500	709	710	1
501	710	711	1
502	711	712	1
503	712	713	1
504	713	714	1
505	714	715	1
506	715	716	1
507	716	717	1
508	717	718	1
509	718	719	1
510	719	720	1
511	720	721	1
512	721	722	1
513	722	723	1
514	723	724	1
515	724	725	1
516	725	726	1
517	726	727	1
518	727	728	1
519	728	729	1
520	729	730	1
521	730	731	1
522	731	732	1
523	732	733	1
524	733	734	1
525	734	735	1
526	735	736	1
527	736	737	1
528	737	738	1
529	738	739	1
530	739	740	1
531	740	741	1
532	741	742	1
533	742	743	1
534	743	744	1
535	744	745	1
536	745	746	1
537	746	747	1
538	747	748	1
539	748	749	1
540	749	750	1
541	750	751	1
542	751	752	1
543	752	753	1
544	753	754	1
545	754	755	1
546	755	756	1
547	756	757	1
548	757	758	1
549	758	759	1
550	759	760	1
551	760	761	1
552	761	762	1
553	762	763	1
554	763	764	1
555	764	765	1
556	765	766	1
557	766	767	1
558	767	768	1
559	768	769	1
560	769	770	1
561	770	771	1
562	771	772	1
563	772	773	1
564	773	774	1
565	774	775	1
566	775	776	1
567	776	777	1
568	777	778	1
569	778	779	1
570	779	780	1
571	780	781	1
572	781	782	1
573	782	783	1
574	783	784	1
575	784	785	1
576	785	786	1
577	786	787	1
578	787	788	1
579	788	789	1
580	789	790	1
581	790	791	1
582	791	792	1
583	792	793	1
584	793	794	1
585	794	795	1
586	795	796	1
587	796	797	1
588	797	798	1
589	798	799	1
590	799	800	1
591	800	801	1
592	801	802	1
593	802	803	1
594	803	804	1
595	804	805	1
596	805	806	1
597	806	807	1
598	807	808	1
599	808	809	1
600	809	810	1
601	810	811	1
602	811	812	1
603	812	813	1
604	813	814	1
605	814	815	1
606	815	816	1
607	816	817	1
608	817	818	1
609	818	819	1
610	819	820	1
611	820	821	1
612	821	822	1
613	822	823	1
614	823	824	1
615	824	825	1
616	825	826	1
617	826	827	1
618	827	828	1
619	828	829	1
620	829	830	1
621	830	831	1
622	831	832	1
623	832	833	1
624	833	834	1
625	834	835	1
626	835	836	1
627	836	837	1
628	837	838	1
629	838	839	1
630	839	840	1
631	840	841	1
632	841	842	1
633	842	843	1
634	843	844	1
635	844	845	1
636	845	846	1
637	846	847	1
638	847	848	1
639	848	849	1
640	849	850	1
641	850	851	1
642	851	852	1
643	852	853	1
644	853	854	1
645	854	855	1
646	855	856	1
647	856	857	1
648	857	858	1
649	858	859	1
650	859	860	1
651	860	861	1
652	861	862	1
653	862	863	1
654	863	864	1
655	864	865	1
656	865	866	1
657	866	867	1
658	867	868	1
659	868	869	1
660	869	870	1
661	870	871	1
662	871	872	1
663	872	873	1
664	873	874	1
665	874	875	1
666	875	876	1
667	876	877	1
668	877	878	1
669	878	879	1
670	879	880	1
671	880	881	1
672	881	882	1
673	882	883	1
674	883	884	1
675	884	885	1
676	885	886	1
677	886	887	1
678	887	888	1
679	888	889	1
680	889	890	1
681	890	891	1
682	891	892	1
683	892	893	1
684	893	894	1
685	894	895	1
686	895	896	1
687	896	897	1
688	897	898	1
689	898	899	1
690	899	900	1
691	900	901	1
692	901	902	1
693	902	903	1
694	903	904	1
695	904	905	1
696	905	906	1
697	906	907	1
698	907	908	1
699	908	909	1
700	909	910	1
701	910	911	1
702	911	912	1
703	912	913	1
704	913	914	1
705	914	915	1
706	915	916	1
707	916	917	1
708	917	918	1
709	918	919	1
710	919	920	1
711	920	921	1
712	921	922	1
713	922	923	1
714	923	924	1
715	924	925	1
716	925	926	1
717	926	927	1
718	927	928	1
719	928	929	1
720	929	930	1
721	930	931	1
722	931	932	1
723	932	933	1
724	933	934	1
725	934	935	1
726	935	936	1
727	936	937	1
728	937	938	1
729	938	939	1
730	939	940	1
731	940	941	1
732	941	943	2
733	943	945	2
734	945	947	2
735	947	949	2
736	949	951	2
737	951	953	2
738	953	955	2
739	955	957	2
740	957	959	2
741	959	961	2
742	961	963	2
743	963	965	2
744	965	967	2
745	967	969	2
746	969	971	2
747	971	973	2
748	973	975	2
749	975	977	2
750	977	979	2
751	979	981	2
752	981	983	2
753	983	985	2
754	985	987	2
755	987	989	2
756	989	991	2
757	991	993	2
758	993	995	2
759	995	997	2
760	997	999	2
761	999	1001	2
762	1001	1003	2
763	1003	1005	2
764	1005	1007	2
765	1007	1009	2
766	1009	1011	2
767	1011	1013	2
768	1013	1015	2
769	1015	1017	2
770	1017	1019	2
771	1019	1021	2
772	1021	1023	2
773	1023	1025	2
774	1025	1027	2
775	1027	1029	2
776	1029	1031	2
777	1031	1033	2
778	1033	1035	2
779	1035	1037	2
780	1037	1039	2
781	1039	1041	2
782	1041	1043	2
783	1043	1045	2
784	1045	1047	2
785	1047	1049	2
786	1049	1051	2
787	1051	1053	2
788	1053	1055	2
789	1055	1057	2
790	1057	1059	2
791	1059	1061	2
792	1061	1063	2
793	1063	1065	2
794	1065	1067	2
795	1067	1069	2
796	1069	1071	2
797	1071	1073	2
798	1073	1075	2
799	1075	1077	2
800	1077	1079	2
801	1079	1081	2
802	1081	1083	2
803	1083	1085	2
804	1085	1087	2
805	1087	1089	2
806	1089	1091	2
807	1091	1093	2
808	1093	1095	2
809	1095	1097	2
810	1097	1099	2
811	1099	1101	2
812	1101	1103	2
813	1103	1105	2
814	1105	1107	2
815	1107	1109	2
816	1109	1111	2
817	1111	1113	2
818	1113	1115	2
819	1115	1117	2
820	1117	1119	2
821	1119	1121	2
822	1121	1123	2
823	1123	1125	2
824	1125	1127	2
825	1127	1129	2
826	1129	1131	2
827	1131	1133	2
828	1133	1135	2
829	1135	1137	2
830	1137	1139	2
831	1139	1141	2
832	1141	1143	2
833	1143	1145	2
834	1145	1147	2
835	1147	1149	2
836	1149	1151	2
837	1151	1153	2
838	1153	1155	2
839	1155	1157	2
840	1157	1159	2
841	1159	1161	2
842	1161	1163	2
843	1163	1165	2
844	1165	1167	2
845	1167	1169	2
846	1169	1171	2
847	1171	1173	2
848	1173	1175	2
849	1175	1177	2
850	1177	1179	2
851	1179	1181	2
852	1181	1183	2
853	1183	1185	2
854	1185	1187	2
855	1187	1189	2
856	1189	1191	2
857	1191	1193	2
858	1193	1195	2
859	1195	1197	2
860	1197	1199	2
861	1199	1201	2
862	1201	1203	2
863	1203	1205	2
864	1205	1207	2
865	1207	1209	2
866	1209	1211	2
867	1211	1213	2
868	1213	1215	2
869	1215	1217	2
870	1217	1219	2
871	1219	1221	2
872	1221	1223	2
873	1223	1225	2
874	1225	1227	2
875	1227	1229	2
876	1229	1231	2
877	1231	1233	2
878	1233	1235	2
879	1235	1237	2
880	1237	1239	2
881	1239	1241	2
882	1241	1243	2
883	1243	1245	2
884	1245	1247	2
885	1247	1249	2
886	1249	1251	2
887	1251	1253	2
888	1253	1255	2
889	1255	1257	2
890	1257	1259	2
891	1259	1261	2
892	1261	1263	2
893	1263	1265	2
894	1265	1267	2
895	1267	1269	2
896	1269	1271	2
897	1271	1273	2
898	1273	1275	2
899	1275	1277	2
900	1277	1279	2
901	1279	1281	2
902	1281	1283	2
903	1283	1285	2
904	1285	1287	2
905	1287	1289	2
906	1289	1291	2
907	1291	1293	2
908	1293	1295	2
909	1295	1297	2
910	1297	1299	2
911	1299	1301	2
912	1301	1303	2
913	1303	1305	2
914	1305	1307	2
915	1307	1309	2
916	1309	1311	2
917	1311	1313	2
918	1313	1315	2
919	1315	1317	2
920	1317	1319	2
921	1319	1321	2
922	1321	1323	2
923	1323	1325	2
924	1325	1327	2
925	1327	1329	2
926	1329	1331	2
927	1331	1333	2
928	1333	1335	2
929	1335	1337	2
930	1337	1339	2
931	1339	1341	2
932	1341	1343	2
933	1343	1345	2
934	1345	1347	2
935	1347	1349	2
936	1349	1351	2
937	1351	1353	2
938	1353	1355	2
939	1355	1357	2
940	1357	1359	2
941	1359	1361	2
942	1361	1363	2
943	1363	1365	2
944	1365	1367	2
945	1367	1369	2
946	1369	1371	2
947	1371	1373	2
948	1373	1375	2
949	1375	1377	2
950	1377	1379	2
951	1379	1381	2
952	1381	1383	2
953	1383	1385	2
954	1385	1387	2
955	1387	1389	2
956	1389	1391	2
957	1391	1393	2
958	1393	1395	2
959	1395	1397	2
960	1397	1399	2
961	1399	1401	2
962	1401	1403	2
963	1403	1405	2
964	1405	1407	2
965	1407	1409	2
966	1409	1411	2
967	1411	1413	2
968	1413	1415	2
969	1415	1417	2
970	1417	1419	2
971	1419	1421	2
972	1421	1423	2
973	1423	1425	2
974	1425	1427	2
975	1427	1429	2
976	1429	1431	2
977	1431	1433	2
978	1433	1435	2
979	1435	1437	2
980	1437	1439	2
981	1439	1441	2
982	1441	1443	2
983	1443	1445	2
984	1445	1447	2
985	1447	1449	2
986	1449	1451	2
987	1451	1453	2
988	1453	1455	2
989	1455	1457	2
990	1457	1459	2
991	1459	1461	2
992	1461	1463	2
993	1463	1465	2
994	1465	1467	2
995	1467	1469	2
996	1469	1471	2
997	1471	1473	2
998	1473	1475	2
999	1475	1477	2
1000	1477	1479	2
1001	1479	1481	2
1002	1481	1483	2
1003	1483	1485	2
1004	1485	1487	2
1005	1487	1489	2
1006	1489	1491	2
1007	1491	1493	2
1008	1493	1495	2
1009	1495	1497	2
1010	1497	1499	2
1011	1499	1501	2
1012	1501	1503	2
1013	1503	1505	2
1014	1505	1507	2
1015	1507	1509	2
1016	1509	1511	2
1017	1511	1513	2
1018	1513	1515	2
1019	1515	1517	2
1020	1517	1519	2
1021	1519	1521	2
1022	1521	1523	2
1023	1523	1525	2
1024	1525	1527	2
1025	1527	1529	2
1026	1529	1531	2
1027	1531	1533	2
1028	1533	1535	2
1029	1535	1537	2
1030	1537	1539	2
1031	1539	1541	2
1032	1541	1543	2
1033	1543	1545	2
1034	1545	1547	2
1035	1547	1549	2
1036	1549	1551	2
1037	1551	1553	2
1038	1553	1555	2
1039	1555	1557	2
1040	1557	1559	2
1041	1559	1561	2
1042	1561	1563	2
1043	1563	1565	2
1044	1565	1567	2
1045	1567	1569	2
1046	1569	1571	2
1047	1571	1573	2
1048	1573	1575	2
1049	1575	1577	2
1050	1577	1579	2
1051	1579	1581	2
1052	1581	1583	2
1053	1583	1585	2
1054	1585	1587	2
1055	1587	1589	2
1056	1589	1591	2
1057	1591	1593	2
1058	1593	1595	2
1059	1595	1597	2
1060	1597	1599	2
1061	1599	1601	2
1062	1601	1603	2
1063	1603	1605	2
1064	1605	1607	2
1065	1607	1609	2
1066	1609	1611	2
1067	1611	1613	2
1068	1613	1615	2
1069	1615	1617	2
1070	1617	1619	2
1071	1619	1621	2
1072	1621	1623	2
1073	1623	1625	2
1074	1625	1627	2
1075	1627	1629	2
1076	1629	1631	2
1077	1631	1633	2
1078	1633	1635	2
1079	1635	1637	2
1080	1637	1639	2
1081	1639	1641	2
1082	1641	1643	2
1083	1643	1645	2
1084	1645	1647	2
1085	1647	1649	2
1086	1649	1651	2
1087	1651	1653	2
1088	1653	1655	2
1089	1655	1657	2
1090	1657	1659	2
1091	1659	1661	2
1092	1661	1663	2
1093	1663	1665	2
1094	1665	1667	2
1095	1667	1669	2
1096	1669	1671	2
1097	1671	1673	2
1098	1673	1675	2
1099	1675	1677	2
1100	1677	1679	2
1101	1679	1681	2
1102	1681	1683	2
1103	1683	1685	2
1104	1685	1687	2
1105	1687	1689	2
1106	1689	1691	2
1107	1691	1693	2
1108	1693	1695	2
1109	1695	1697	2
1110	1697	1699	2
1111	1699	1701	2
1112	1701	1703	2
1113	1703	1705	2
1114	1705	1707	2
1115	1707	1709	2
1116	1709	1711	2
1117	1711	1713	2
1118	1713	1715	2
1119	1715	1717	2
1120	1717	1719	2
1121	1719	1721	2
1122	1721	1723	2
1123	1723	1725	2
1124	1725	1727	2
1125	1727	1729	2
1126	1729	1731	2
1127	1731	1733	2
1128	1733	1735	2
1129	1735	1737	2
1130	1737	1739	2
1131	1739	1741	2
1132	1741	1743	2
1133	1743	1745	2
1134	1745	1747	2
1135	1747	1749	2
1136	1749	1751	2
1137	1751	1753	2
1138	1753	1755	2
1139	1755	1757	2
1140	1757	1759	2
1141	1759	1761	2
1142	1761	1763	2
1143	1763	1765	2
1144	1765	1767	2
1145	1767	1769	2
1146	1769	1771	2
1147	1771	1773	2
1148	1773	1775	2
1149	1775	1777	2
1150	1777	1779	2
1151	1779	1781	2
1152	1781	1783	2
1153	1783	1785	2
1154	1785	1787	2
1155	1787	1789	2
1156	1789	1791	2
1157	1791	1793	2
1158	1793	1795	2
1159	1795	1797	2
1160	1797	1799	2
1161	1799	1801	2
1162	1801	1803	2
1163	1803	1805	2
1164	1805	1807	2
1165	1807	1809	2
1166	1809	1811	2
1167	1811	1813	2
1168	1813	1815	2
1169	1815	1817	2
1170	1817	1819	2
1171	1819	1821	2
1172	1821	1823	2
1173	1823	1825	2
1174	1825	1827	2
1175	1827	1829	2
1176	1829	1831	2
1177	1831	1833	2
1178	1833	1835	2
1179	1835	1837	2
1180	1837	1839	2
1181	1839	1841	2
1182	1841	1843	2
1183	1843	1845	2
1184	1845	1847	2
1185	1847	1849	2
1186	1849	1851	2
1187	1851	1853	2
1188	1853	1855	2
1189	1855	1857	2
1190	1857	1859	2
1191	1859	1861	2
1192	1861	1863	2
1193	1863	1865	2
1194	1865	1867	2
1195	1867	1869	2
1196	1869	1871	2
1197	1871	1873	2
1198	1873	1875	2
1199	1875	1877	2
1200	1877	1879	2
1201	1879	1881	2
1202	1881	1883	2
1203	1883	1885	2
1204	1885	1887	2
1205	1887	1889	2
1206	1889	1891	2
1207	1891	1893	2
1208	1893	1895	2
1209	1895	1897	2
1210	1897	1899	2
1211	1899	1901	2
1212	1901	1903	2
1213	1903	1905	2
1214	1905	1907	2
1215	1907	1909	2
1216	1909	1911	2
1217	1911	1913	2
1218	1913	1915	2
1219	1915	1917	2
1220	1917	1919	2
1221	1919	1921	2
1222	1921	1923	2
1223	1923	1925	2
1224	1925	1927	2
1225	1927	1929	2
1226	1929	1931	2
1227	1931	1933	2
1228	1933	1935	2
1229	1935	1937	2
1230	1937	1939	2
1231	1939	1941	2
1232	1941	1943	2
1233	1943	1945	2
1234	1945	1947	2
1235	1947	1949	2
1236	1949	1951	2
1237	1951	1953	2
1238	1953	1955	2
1239	1955	1957	2
1240	1957	1959	2
1241	1959	1961	2
1242	1961	1963	2
1243	1963	1965	2
1244	1965	1967	2
1245	1967	1969	2
1246	1969	1971	2
1247	1971	1973	2
1248	1973	1975	2
1249	1975	1977	2
1250	1977	1979	2
1251	1979	1981	2
1252	1981	1983	2
1253	1983	1985	2
1254	1985	1987	2
1255	1987	1989	2
1256	1989	1991	2
1257	1991	1993	2
1258	1993	1995	2
1259	1995	1997	2
1260	1997	1999	2
1261	1999	2001	2
1262	2001	2003	2
1263	2003	2005	2
1264	2005	2007	2
1265	2007	2009	2
1266	2009	2011	2
1267	2011	2013	2
1268	2013	2015	2
1269	2015	2017	2
1270	2017	2019	2
1271	2019	2021	2
1272	2021	2023	2
1273	2023	2025	2
1274	2025	2027	2
1275	2027	2029	2
1276	2029	2031	2
1277	2031	2033	2
1278	2033	2035	2
1279	2035	2037	2
1280	2037	2039	2
1281	2039	2041	2
1282	2041	2043	2
1283	2043	2045	2
1284	2045	2047	2
1285	2047	2049	2
1286	2049	2051	2
1287	2051	2053	2
1288	2053	2055	2
1289	2055	2057	2
1290	2057	2059	2
1291	2059	2061	2
1292	2061	2063	2
1293	2063	2065	2
1294	2065	2067	2
1295	2067	2069	2
1296	2069	2071	2
1297	2071	2073	2
1298	2073	2075	2
1299	2075	2077	2
1300	2077	2079	2
1301	2079	2081	2
1302	2081	2083	2
1303	2083	2085	2
1304	2085	2087	2
1305	2087	2089	2
1306	2089	2091	2
1307	2091	2093	2
1308	2093	2095	2
1309	2095	2097	2
1310	2097	2099	2
1311	2099	2101	2
1312	2101	2103	2
1313	2103	2105	2
1314	2105	2107	2
1315	2107	2109	2
1316	2109	2111	2
1317	2111	2113	2
1318	2113	2115	2
1319	2115	2117	2
1320	2117	2119	2
1321	2119	2121	2
1322	2121	2123	2
1323	2123	2125	2
1324	2125	2127	2
1325	2127	2129	2
1326	2129	2131	2
1327	2131	2133	2
1328	2133	2135	2
1329	2135	2137	2
1330	2137	2139	2
1331	2139	2141	2
1332	2141	2143	2
1333	2143	2145	2
1334	2145	2147	2
1335	2147	2149	2
1336	2149	2151	2
1337	2151	2153	2
1338	2153	2155	2
1339	2155	2157	2
1340	2157	2159	2
1341	2159	2161	2
1342	2161	2163	2
1343	2163	2165	2
1344	2165	2167	2
1345	2167	2169	2
1346	2169	2171	2
1347	2171	2173	2
1348	2173	2175	2
1349	2175	2177	2
1350	2177	2179	2
1351	2179	2181	2
1352	2181	2183	2
1353	2183	2185	2
1354	2185	2187	2
1355	2187	2189	2
1356	2189	2191	2
1357	2191	2193	2
1358	2193	2195	2
1359	2195	2197	2
1360	2197	2199	2
1361	2199	2201	2
1362	2201	2203	2
1363	2203	2205	2
1364	2205	2207	2
1365	2207	2209	2
1366	2209	2211	2
1367	2211	2213	2
1368	2213	2215	2
1369	2215	2217	2
1370	2217	2219	2
1371	2219	2221	2
1372	2221	2223	2
1373	2223	2225	2
1374	2225	2227	2
1375	2227	2229	2
1376	2229	2231	2
1377	2231	2233	2
1378	2233	2235	2
1379	2235	2237	2
1380	2237	2239	2
1381	2239	2241	2
1382	2241	2243	2
1383	2243	2245	2
1384	2245	2247	2
1385	2247	2249	2
1386	2249	2251	2
1387	2251	2253	2
1388	2253	2255	2
1389	2255	2257	2
1390	2257	2259	2
1391	2259	2261	2
1392	2261	2263	2
1393	2263	2265	2
1394	2265	2267	2
1395	2267	2269	2
1396	2269	2271	2
1397	2271	2273	2
1398	2273	2275	2
1399	2275	2277	2
1400	2277	2279	2
1401	2279	2281	2
1402	2281	2283	2
1403	2283	2285	2
1404	2285	2287	2
1405	2287	2289	2
1406	2289	2291	2
1407	2291	2293	2
1408	2293	2295	2
1409	2295	2297	2
1410	2297	2299	2
1411	2299	2301	2
1412	2301	2303	2
1413	2303	2305	2
1414	2305	2307	2
1415	2307	2309	2
1416	2309	2311	2
1417	2311	2313	2
1418	2313	2315	2
1419	2315	2317	2
1420	2317	2319	2
1421	2319	2321	2
1422	2321	2323	2
1423	2323	2325	2
1424	2325	2327	2
1425	2327	2329	2
1426	2329	2331	2
1427	2331	2333	2
1428	2333	2335	2
1429	2335	2337	2
1430	2337	2339	2
1431	2339	2341	2
1432	2341	2343	2
1433	2343	2345	2
1434	2345	2347	2
1435	2347	2349	2
1436	2349	2351	2
1437	2351	2353	2
1438	2353	2355	2
1439	2355	2357	2
1440	2357	2359	2
1441	2359	2361	2
1442	2361	2363	2
1443	2363	2365	2
1444	2365	2367	2
1445	2367	2369	2
1446	2369	2371	2
1447	2371	2373	2
1448	2373	2375	2
1449	2375	2377	2
1450	2377	2379	2
1451	2379	2381	2
1452	2381	2383	2
1453	2383	2385	2
1454	2385	2387	2
1455	2387	2389	2
1456	2389	2392	3
1457	2392	2395	3
1458	2395	2398	3
1459	2398	2401	3
1460	2401	2404	3
1461	2404	2407	3
1462	2407	2410	3
1463	2410	2413	3
1464	2413	2416	3
1465	2416	2419	3
1466	2419	2422	3
1467	2422	2425	3
1468	2425	2428	3
1469	2428	2431	3
1470	2431	2434	3
1471	2434	2437	3
1472	2437	2440	3
1473	2440	2443	3
1474	2443	2446	3
1475	2446	2449	3
1476	2449	2452	3
1477	2452	2455	3
1478	2455	2458	3
1479	2458	2461	3
1480	2461	2464	3
1481	2464	2467	3
1482	2467	2470	3
1483	2470	2473	3
1484	2473	2476	3
1485	2476	2479	3
1486	2479	2482	3
1487	2482	2485	3
1488	2485	2488	3
1489	2488	2491	3
1490	2491	2494	3
1491	2494	2497	3
1492	2497	2500	3
1493	2500	2503	3
1494	2503	2506	3
1495	2506	2509	3
1496	2509	2512	3
1497	2512	2515	3
1498	2515	2518	3
1499	2518	2521	3
1500	2521	2524	3
1501	2524	2527	3
1502	2527	2530	3
1503	2530	2533	3
1504	2533	2536	3
1505	2536	2539	3
1506	2539	2542	3
1507	2542	2545	3
1508	2545	2548	3
1509	2548	2551	3
1510	2551	2554	3
1511	2554	2557	3
1512	2557	2560	3
1513	2560	2563	3
1514	2563	2566	3
1515	2566	2569	3
1516	2569	2572	3
1517	2572	2575	3
1518	2575	2578	3
1519	2578	2581	3
1520	2581	2584	3
1521	2584	2587	3
1522	2587	2590	3
1523	2590	2593	3
1524	2593	2596	3
1525	2596	2599	3
1526	2599	2602	3
1527	2602	2605	3
1528	2605	2608	3
1529	2608	2611	3
1530	2611	2614	3
1531	2614	2617	3
1532	2617	2620	3
1533	2620	2623	3
1534	2623	2626	3
1535	2626	2629	3
1536	2629	2632	3
1537	2632	2635	3
1538	2635	2638	3
1539	2638	2641	3
1540	2641	2644	3
1541	2644	2647	3
1542	2647	2650	3
1543	2650	2653	3
1544	2653	2656	3
1545	2656	2659	3
1546	2659	2662	3
1547	2662	2665	3
1548	2665	2668	3
1549	2668	2671	3
1550	2671	2674	3
1551	2674	2677	3
1552	2677	2680	3
1553	2680	2683	3
1554	2683	2686	3
1555	2686	2689	3
1556	2689	2692	3
1557	2692	2695	3
1558	2695	2698	3
1559	2698	2701	3
1560	2701	2704	3
1561	2704	2707	3
1562	2707	2710	3
1563	2710	2713	3
1564	2713	2716	3
1565	2716	2719	3
1566	2719	2722	3
1567	2722	2725	3
1568	2725	2728	3
1569	2728	2731	3
1570	2731	2734	3
1571	2734	2737	3
1572	2737	2740	3
1573	2740	2743	3
1574	2743	2746	3
1575	2746	2749	3
1576	2749	2752	3
1577	2752	2755	3
1578	2755	2758	3
1579	2758	2761	3
1580	2761	2764	3
1581	2764	2767	3
1582	2767	2770	3
1583	2770	2773	3
1584	2773	2776	3
1585	2776	2779	3
1586	2779	2782	3
1587	2782	2785	3
1588	2785	2788	3
1589	2788	2791	3
1590	2791	2794	3
1591	2794	2797	3
1592	2797	2800	3
1593	2800	2803	3
1594	2803	2806	3
1595	2806	2809	3
1596	2809	2812	3
1597	2812	2815	3
1598	2815	2818	3
1599	2818	2821	3
1600	2821	2824	3
1601	2824	2827	3
1602	2827	2830	3
1603	2830	2833	3
1604	2833	2836	3
1605	2836	2839	3
1606	2839	2842	3
1607	2842	2845	3
1608	2845	2848	3
1609	2848	2851	3
1610	2851	2854	3
1611	2854	2857	3
1612	2857	2860	3
1613	2860	2863	3
1614	2863	2866	3
1615	2866	2869	3
1616	2869	2872	3
1617	2872	2875	3
1618	2875	2878	3
1619	2878	2881	3
1620	2881	2884	3
1621	2884	2887	3
1622	2887	2890	3
1623	2890	2893	3
1624	2893	2896	3
1625	2896	2899	3
1626	2899	2902	3
1627	2902	2905	3
1628	2905	2908	3
1629	2908	2911	3
1630	2911	2914	3
1631	2914	2917	3
1632	2917	2920	3
1633	2920	2923	3
1634	2923	2926	3
1635	2926	2929	3
1636	2929	2932	3
1637	2932	2935	3
1638	2935	2938	3
1639	2938	2941	3
1640	2941	2944	3
1641	2944	2947	3
1642	2947	2950	3
1643	2950	2953	3
1644	2953	2956	3
1645	2956	2959	3
1646	2959	2962	3
1647	2962	2965	3
1648	2965	2968	3
1649	2968	2971	3
1650	2971	2974	3
1651	2974	2977	3
1652	2977	2980	3
1653	2980	2983	3
1654	2983	2986	3
1655	2986	2989	3
1656	2989	2992	3
1657	2992	2995	3
1658	2995	2998	3
1659	2998	3001	3
1660	3001	3004	3
1661	3004	3007	3
1662	3007	3010	3
1663	3010	3013	3
1664	3013	3016	3
1665	3016	3019	3
1666	3019	3022	3
1667	3022	3025	3
1668	3025	3028	3
1669	3028	3031	3
1670	3031	3034	3
1671	3034	3037	3
1672	3037	3040	3
1673	3040	3043	3
1674	3043	3046	3
1675	3046	3049	3
1676	3049	3052	3
1677	3052	3055	3
1678	3055	3058	3
1679	3058	3061	3
1680	3061	3064	3
1681	3064	3067	3
1682	3067	3070	3
1683	3070	3073	3
1684	3073	3076	3
1685	3076	3079	3
1686	3079	3082	3
1687	3082	3085	3
1688	3085	3088	3
1689	3088	3091	3
1690	3091	3094	3
1691	3094	3097	3
1692	3097	3100	3
1693	3100	3103	3
1694	3103	3106	3
1695	3106	3109	3
1696	3109	3112	3
1697	3112	3115	3
1698	3115	3118	3
1699	3118	3121	3
1700	3121	3124	3
1701	3124	3127	3
1702	3127	3130	3
1703	3130	3133	3
1704	3133	3136	3
1705	3136	3139	3
1706	3139	3142	3
1707	3142	3145	3
1708	3145	3148	3
1709	3148	3151	3
1710	3151	3154	3
1711	3154	3157	3
1712	3157	3160	3
1713	3160	3163	3
1714	3163	3166	3
1715	3166	3169	3
1716	3169	3172	3
1717	3172	3175	3
1718	3175	3178	3
1719	3178	3181	3
1720	3181	3184	3
1721	3184	3187	3
1722	3187	3190	3
1723	3190	3193	3
1724	3193	3196	3
1725	3196	3199	3
1726	3199	3202	3
1727	3202	3205	3
1728	3205	3208	3
1729	3208	3211	3
1730	3211	3214	3
1731	3214	3217	3
1732	3217	3220	3
1733	3220	3223	3
1734	3223	3226	3
1735	3226	3229	3
1736	3229	3232	3
1737	3232	3235	3
1738	3235	3238	3
1739	3238	3241	3
1740	3241	3244	3
1741	3244	3247	3
1742	3247	3250	3
1743	3250	3253	3
1744	3253	3256	3
1745	3256	3259	3
1746	3259	3262	3
1747	3262	3265	3
1748	3265	3268	3
1749	3268	3271	3
1750	3271	3274	3
1751	3274	3277	3
1752	3277	3280	3
1753	3280	3283	3
1754	3283	3286	3
1755	3286	3289	3
1756	3289	3292	3
1757	3292	3295	3
1758	3295	3298	3
1759	3298	3301	3
1760	3301	3304	3
1761	3304	3307	3
1762	3307	3310	3
1763	3310	3313	3
1764	3313	3316	3
1765	3316	3319	3
1766	3319	3322	3
1767	3322	3325	3
1768	3325	3328	3
1769	3328	3331	3
1770	3331	3334	3
1771	3334	3337	3
1772	3337	3340	3
1773	3340	3343	3
1774	3343	3346	3
1775	3346	3349	3
1776	3349	3352	3
1777	3352	3355	3
1778	3355	3358	3
1779	3358	3361	3
1780	3361	3364	3
1781	3364	3367	3
1782	3367	3370	3
1783	3370	3373	3
1784	3373	3376	3
1785	3376	3379	3
1786	3379	3382	3
1787	3382	3385	3
1788	3385	3388	3
1789	3388	3391	3
1790	3391	3394	3
1791	3394	3397	3
1792	3397	3400	3
1793	3400	3403	3
1794	3403	3406	3
1795	3406	3409	3
1796	3409	3412	3
1797	3412	3415	3
1798	3415	3419	4
1799	3419	3423	4
1800	3423	3427	4
1801	3427	3431	4
1802	3431	3435	4
1803	3435	3439	4
1804	3439	3443	4
1805	3443	3447	4
1806	3447	3451	4
1807	3451	3455	4
1808	3455	3459	4
1809	3459	3463	4
1810	3463	3467	4
1811	3467	3471	4
1812	3471	3475	4
1813	3475	3479	4
1814	3479	3483	4
1815	3483	3487	4
1816	3487	3491	4
1817	3491	3495	4
1818	3495	3499	4
1819	3499	3503	4
1820	3503	3507	4
1821	3507	3511	4
1822	3511	3515	4
1823	3515	3519	4
1824	3519	3523	4
1825	3523	3527	4
1826	3527	3531	4
1827	3531	3535	4
1828	3535	3539	4
1829	3539	3543	4
1830	3543	3547	4
1831	3547	3551	4
1832	3551	3555	4
1833	3555	3559	4
1834	3559	3563	4
1835	3563	3567	4
1836	3567	3571	4
1837	3571	3575	4
1838	3575	3579	4
1839	3579	3583	4
1840	3583	3587	4
1841	3587	3591	4
1842	3591	3595	4
1843	3595	3599	4
1844	3599	3603	4
1845	3603	3607	4
1846	3607	3611	4
1847	3611	3615	4
1848	3615	3619	4
1849	3619	3623	4
1850	3623	3627	4
1851	3627	3631	4
1852	3631	3635	4
1853	3635	3639	4
1854	3639	3643	4
1855	3643	3647	4
1856	3647	3651	4
1857	3651	3655	4
1858	3655	3659	4
1859	3659	3663	4
1860	3663	3667	4
1861	3667	3671	4
1862	3671	3675	4
1863	3675	3679	4
1864	3679	3683	4
1865	3683	3687	4
1866	3687	3691	4
1867	3691	3695	4
1868	3695	3699	4
1869	3699	3703	4
1870	3703	3707	4
1871	3707	3711	4
1872	3711	3715	4
1873	3715	3719	4
1874	3719	3723	4
1875	3723	3727	4
1876	3727	3731	4
1877	3731	3735	4
1878	3735	3739	4
1879	3739	3743	4
1880	3743	3747	4
1881	3747	3751	4
1882	3751	3755	4
1883	3755	3759	4
1884	3759	3763	4
1885	3763	3767	4
1886	3767	3771	4
1887	3771	3775	4
1888	3775	3779	4
1889	3779	3783	4
1890	3783	3787	4
1891	3787	3791	4
1892	3791	3795	4
1893	3795	3799	4
1894	3799	3803	4
1895	3803	3807	4
1896	3807	3811	4
1897	3811	3815	4
1898	3815	3819	4
1899	3819	3823	4
1900	3823	3827	4
1901	3827	3831	4
1902	3831	3835	4
1903	3835	3839	4
1904	3839	3843	4
1905	3843	3847	4
1906	3847	3851	4
1907	3851	3855	4
1908	3855	3859	4
1909	3859	3863	4
1910	3863	3867	4
1911	3867	3871	4
1912	3871	3875	4
1913	3875	3879	4
1914	3879	3883	4
1915	3883	3887	4
1916	3887	3891	4
1917	3891	3895	4
1918	3895	3899	4
1919	3899	3903	4
1920	3903	3907	4
1921	3907	3911	4
1922	3911	3915	4
1923	3915	3919	4
1924	3919	3923	4
1925	3923	3927	4
1926	3927	3931	4
1927	3931	3935	4
1928	3935	3939	4
1929	3939	3943	4
1930	3943	3947	4
1931	3947	3951	4
1932	3951	3955	4
1933	3955	3959	4
1934	3959	3963	4
1935	3963	3967	4
1936	3967	3971	4
1937	3971	3975	4
1938	3975	3979	4
1939	3979	3983	4
1940	3983	3987	4
1941	3987	3991	4
1942	3991	3995	4
1943	3995	3999	4
1944	3999	4003	4
1945	4003	4007	4
1946	4007	4011	4
1947	4011	4015	4
1948	4015	4019	4
1949	4019	4023	4
1950	4023	4027	4
1951	4027	4032	5
1952	4032	4037	5
1953	4037	4042	5
1954	4042	4047	5
1955	4047	4052	5
1956	4052	4057	5
1957	4057	4062	5
1958	4062	4067	5
1959	4067	4072	5
1960	4072	4077	5
1961	4077	4082	5
1962	4082	4087	5
1963	4087	4092	5
1964	4092	4097	5
1965	4097	4102	5
1966	4102	4107	5
1967	4107	4112	5
1968	4112	4117	5
1969	4117	4122	5
1970	4122	4127	5
1971	4127	4132	5
1972	4132	4137	5
1973	4137	4142	5
1974	4142	4147	5
1975	4147	4152	5
1976	4152	4157	5
1977	4157	4162	5
1978	4162	4167	5
1979	4167	4172	5
1980	4172	4177	5
1981	4177	4182	5
1982	4182	4187	5
1983	4187	4192	5
1984	4192	4197	5
1985	4197	4202	5
1986	4202	4207	5
1987	4207	4212	5
1988	4212	4217	5
1989	4217	4222	5
1990	4222	4227	5
1991	4227	4232	5
1992	4232	4237	5
1993	4237	4242	5
1994	4242	4247	5
1995	4247	4252	5
1996	4252	4257	5
1997	4257	4262	5
1998	4262	4267	5
1999	4267	4272	5
2000	4272	4277	5
2001	4277	4282	5
2002	4282	4287	5
2003	4287	4292	5
2004	4292	4297	5
2005	4297	4302	5
2006	4302	4307	5
2007	4307	4312	5
2008	4312	4317	5
2009	4317	4322	5
2010	4322	4327	5
2011	4327	4332	5
2012	4332	4337	5
2013	4337	4342	5
2014	4342	4347	5
2015	4347	4352	5
2016	4352	4357	5
2017	4357	4362	5
2018	4362	4367	5
2019	4367	4372	5
2020	4372	4377	5
2021	4377	4382	5
2022	4382	4387	5
2023	4387	4392	5
2024	4392	4397	5
2025	4397	4402	5
2026	4402	4407	5
2027	4407	4412	5
2028	4412	4417	5
2029	4417	4422	5
2030	4422	4427	5
2031	4427	4432	5
2032	4432	4437	5
2033	4437	4442	5
2034	4442	4447	5
2035	4447	4452	5
2036	4452	4457	5
2037	4457	4462	5
2038	4462	4467	5
2039	4467	4472	5
2040	4472	4477	5
2041	4477	4482	5
2042	4482	4487	5
2043	4487	4492	5
2044	4492	4497	5
2045	4497	4502	5
2046	4502	4507	5
2047	4507	4512	5
2048	4512	4517	5
2049	4517	4522	5
2050	4522	4527	5
2051	4527	4532	5
2052	4532	4537	5
2053	4537	4542	5
2054	4542	4547	5
2055	4547	4552	5
2056	4552	4557	5
2057	4557	4562	5
2058	4562	4567	5
2059	4567	4572	5
2060	4572	4577	5
2061	4577	4582	5
2062	4582	4587	5
2063	4587	4592	5
2064	4592	4597	5
2065	4597	4602	5
2066	4602	4607	5
2067	4607	4612	5
2068	4612	4617	5
2069	4617	4622	5
2070	4622	4627	5
2071	4627	4632	5
2072	4632	4637	5
2073	4637	4642	5
2074	4642	4647	5
2075	4647	4652	5
2076	4652	4657	5
2077	4657	4662	5
2078	4662	4667	5
2079	4667	4672	5
2080	4672	4677	5
2081	4677	4682	5
2082	4682	4687	5
2083	4687	4692	5
2084	4692	4697	5
2085	4697	4702	5
2086	4702	4707	5
2087	4707	4712	5
2088	4712	4717	5
2089	4717	4722	5
2090	4722	4727	5
2091	4727	4732	5
2092	4732	4737	5
2093	4737	4742	5
2094	4742	4747	5
2095	4747	4752	5
2096	4752	4757	5
2097	4757	4763	6
2098	4763	4769	6
2099	4769	4775	6
2100	4775	4781	6
2101	4781	4787	6
2102	4787	4793	6
2103	4793	4799	6
2104	4799	4805	6
2105	4805	4811	6
2106	4811	4817	6
2107	4817	4823	6
2108	4823	4829	6
2109	4829	4835	6
2110	4835	4841	6
2111	4841	4847	6
2112	4847	4853	6
2113	4853	4859	6
2114	4859	4865	6
2115	4865	4871	6
2116	4871	4877	6
2117	4877	4883	6
2118	4883	4889	6
2119	4889	4895	6
2120	4895	4901	6
2121	4901	4907	6
2122	4907	4913	6
2123	4913	4919	6
2124	4919	4925	6
2125	4925	4931	6
2126	4931	4937	6
2127	4937	4943	6
2128	4943	4949	6
2129	4949	4955	6
2130	4955	4961	6
2131	4961	4967	6
2132	4967	4973	6
2133	4973	4979	6
2134	4979	4985	6
2135	4985	4991	6
2136	4991	4997	6
2137	4997	5003	6
2138	5003	5009	6
2139	5009	5015	6
2140	5015	5021	6
2141	5021	5027	6
2142	5027	5033	6
2143	5033	5039	6
2144	5039	5045	6
2145	5045	5051	6
2146	5051	5057	6
2147	5057	5063	6
2148	5063	5069	6
2149	5069	5075	6
2150	5075	5081	6
2151	5081	5087	6
2152	5087	5093	6
2153	5093	5099	6
2154	5099	5105	6
2155	5105	5111	6
2156	5111	5117	6
2157	5117	5123	6
2158	5123	5129	6
2159	5129	5135	6
2160	5135	5141	6
2161	5141	5147	6
2162	5147	5153	6
2163	5153	5159	6
2164	5159	5165	6
2165	5165	5171	6
2166	5171	5177	6
2167	5177	5183	6
2168	5183	5189	6
2169	5189	5195	6
2170	5195	5201	6
2171	5201	5207	6
2172	5207	5213	6
2173	5213	5219	6
2174	5219	5225	6
2175	5225	5231	6
2176	5231	5237	6
2177	5237	5243	6
2178	5243	5249	6
2179	5249	5255	6
2180	5255	5261	6
2181	5261	5267	6
2182	5267	5273	6
2183	5273	5279	6
2184	5279	5285	6
2185	5285	5291	6
2186	5291	5297	6
2187	5297	5303	6
2188	5303	5309	6
2189	5309	5315	6
2190	5315	5321	6
2191	5321	5327	6
2192	5327	5333	6
2193	5333	5339	6
2194	5339	5345	6
2195	5345	5351	6
2196	5351	5357	6
2197	5357	5363	6
2198	5363	5369	6
2199	5369	5375	6
2200	5375	5381	6
2201	5381	5387	6
2202	5387	5394	7
2203	5394	5401	7
2204	5401	5408	7
2205	5408	5415	7
2206	5415	5422	7
2207	5422	5429	7
2208	5429	5436	7
2209	5436	5443	7
2210	5443	5450	7
2211	5450	5457	7
2212	5457	5464	7
2213	5464	5471	7
2214	5471	5478	7
2215	5478	5485	7
2216	5485	5492	7
2217	5492	5499	7
2218	5499	5506	7
2219	5506	5513	7
2220	5513	5520	7
2221	5520	5527	7
2222	5527	5534	7
2223	5534	5541	7
2224	5541	5548	7
2225	5548	5555	7
2226	5555	5562	7
2227	5562	5569	7
2228	5569	5576	7
2229	5576	5583	7
2230	5583	5590	7
2231	5590	5597	7
2232	5597	5604	7
2233	5604	5611	7
2234	5611	5618	7
2235	5618	5625	7
2236	5625	5632	7
2237	5632	5639	7
2238	5639	5646	7
2239	5646	5653	7
2240	5653	5660	7
2241	5660	5667	7
2242	5667	5674	7
2243	5674	5681	7
2244	5681	5688	7
2245	5688	5695	7
2246	5695	5702	7
2247	5702	5709	7
2248	5709	5716	7
2249	5716	5723	7
2250	5723	5730	7
2251	5730	5737	7
2252	5737	5744	7
2253	5744	5751	7
2254	5751	5758	7
2255	5758	5765	7
2256	5765	5772	7
2257	5772	5779	7
2258	5779	5786	7
2259	5786	5793	7
2260	5793	5800	7
2261	5800	5807	7
2262	5807	5814	7
2263	5814	5821	7
2264	5821	5828	7
2265	5828	5835	7
2266	5835	5842	7
2267	5842	5849	7
2268	5849	5856	7
2269	5856	5863	7
2270	5863	5870	7
2271	5870	5877	7
2272	5877	5884	7
2273	5884	5891	7
2274	5891	5898	7
2275	5898	5905	7
2276	5905	5912	7
2277	5912	5919	7
2278	5919	5926	7
2279	5926	5933	7
2280	5933	5940	7
2281	5940	5947	7
2282	5947	5954	7
2283	5954	5962	8
2284	5962	5970	8
2285	5970	5978	8
2286	5978	5986	8
2287	5986	5994	8
2288	5994	6002	8
2289	6002	6010	8
2290	6010	6018	8
2291	6018	6026	8
2292	6026	6034	8
2293	6034	6042	8
2294	6042	6050	8
2295	6050	6058	8
2296	6058	6066	8
2297	6066	6074	8
2298	6074	6082	8
2299	6082	6090	8
2300	6090	6098	8
2301	6098	6106	8
2302	6106	6114	8
2303	6114	6122	8
2304	6122	6130	8
2305	6130	6138	8
2306	6138	6146	8
2307	6146	6154	8
2308	6154	6162	8
2309	6162	6170	8
2310	6170	6178	8
2311	6178	6186	8
2312	6186	6194	8
2313	6194	6202	8
2314	6202	6210	8
2315	6210	6218	8
2316	6218	6226	8
2317	6226	6234	8
2318	6234	6242	8
2319	6242	6250	8
2320	6250	6258	8
2321	6258	6266	8
2322	6266	6274	8
2323	6274	6282	8
2324	6282	6290	8
2325	6290	6298	8
2326	6298	6306	8
2327	6306	6314	8
2328	6314	6322	8
2329	6322	6330	8
2330	6330	6338	8
2331	6338	6346	8
2332	6346	6354	8
2333	6354	6362	8
2334	6362	6370	8
2335	6370	6378	8
2336	6378	6386	8
2337	6386	6394	8
2338	6394	6402	8
2339	6402	6410	8
2340	6410	6418	8
2341	6418	6426	8
2342	6426	6434	8
2343	6434	6443	9
2344	6443	6452	9
2345	6452	6461	9
2346	6461	6470	9
2347	6470	6479	9
2348	6479	6488	9
2349	6488	6497	9
2350	6497	6506	9
2351	6506	6515	9
2352	6515	6524	9
2353	6524	6533	9
2354	6533	6542	9
2355	6542	6551	9
2356	6551	6560	9
2357	6560	6569	9
2358	6569	6578	9
2359	6578	6587	9
2360	6587	6596	9
2361	6596	6605	9
2362	6605	6614	9
2363	6614	6623	9
2364	6623	6632	9
2365	6632	6641	9
2366	6641	6650	9
2367	6650	6659	9
2368	6659	6668	9
2369	6668	6677	9
2370	6677	6686	9
2371	6686	6695	9
2372	6695	6704	9
2373	6704	6713	9
2374	6713	6722	9
2375	6722	6731	9
2376	6731	6740	9
2377	6740	6749	9
2378	6749	6758	9
2379	6758	6767	9
2380	6767	6776	9
2381	6776	6785	9
2382	6785	6794	9
2383	6794	6803	9
2384	6803	6812	9
2385	6812	6821	9
2386	6821	6830	9
2387	6830	6839	9
2388	6839	6848	9
2389	6848	6857	9
2390	6857	6866	9
2391	6866	6875	9
2392	6875	6884	9
2393	6884	6893	9
2394	6893	6902	9
2395	6902	6911	9
2396	6911	6920	9
2397	6920	6929	9
2398	6929	6938	9
2399	6938	6947	9
2400	6947	6956	9
2401	6956	6965	9
2402	6965	6974	9
2403	6974	6984	10
2404	6984	6994	10
2405	6994	7004	10
2406	7004	7014	10
2407	7014	7024	10
2408	7024	7034	10
2409	7034	7044	10
2410	7044	7054	10
2411	7054	7064	10
2412	7064	7074	10
2413	7074	7084	10
2414	7084	7094	10
2415	7094	7104	10
2416	7104	7114	10
2417	7114	7124	10
2418	7124	7134	10
2419	7134	7144	10
2420	7144	7154	10
2421	7154	7164	10
2422	7164	7174	10
2423	7174	7184	10
2424	7184	7194	10
2425	7194	7204	10
2426	7204	7214	10
2427	7214	7224	10
2428	7224	7234	10
2429	7234	7244	10
2430	7244	7254	10
2431	7254	7264	10
2432	7264	7274	10
2433	7274	7284	10
2434	7284	7294	10
2435	7294	7304	10
2436	7304	7314	10
2437	7314	7324	10
2438	7324	7334	10
2439	7334	7344	10
2440	7344	7354	10
2441	7354	7364	10
2442	7364	7374	10
2443	7374	7384	10
2444	7384	7394	10
2445	7394	7404	10
2446	7404	7414	10
2447	7414	7424	10
2448	7424	7435	11
2449	7435	7446	11
2450	7446	7457	11
2451	7457	7468	11
2452	7468	7479	11
2453	7479	7490	11
2454	7490	7501	11
2455	7501	7512	11
2456	7512	7523	11
2457	7523	7534	11
2458	7534	7545	11
2459	7545	7556	11
2460	7556	7567	11
2461	7567	7578	11
2462	7578	7589	11
2463	7589	7600	11
2464	7600	7611	11
2465	7611	7622	11
2466	7622	7633	11
2467	7633	7644	11
2468	7644	7655	11
2469	7655	7666	11
2470	7666	7677	11
2471	7677	7688	11
2472	7688	7699	11
2473	7699	7710	11
2474	7710	7721	11
2475	7721	7732	11
2476	7732	7743	11
2477	7743	7754	11
2478	7754	7765	11
2479	7765	7776	11
2480	7776	7787	11
2481	7787	7798	11
2482	7798	7809	11
2483	7809	7821	12
2484	7821	7833	12
2485	7833	7845	12
2486	7845	7857	12
2487	7857	7869	12
2488	7869	7881	12
2489	7881	7893	12
2490	7893	7905	12
2491	7905	7917	12
2492	7917	7929	12
2493	7929	7941	12
2494	7941	7953	12
2495	7953	7965	12
2496	7965	7977	12
2497	7977	7989	12
2498	7989	8001	12
2499	8001	8013	12
2500	8013	8025	12
2501	8025	8037	12
2502	8037	8049	12
2503	8049	8061	12
2504	8061	8073	12
2505	8073	8085	12
2506	8085	8097	12
2507	8097	8109	12
2508	8109	8121	12
2509	8121	8133	12
2510	8133	8145	12
2511	8145	8157	12
2512	8157	8169	12
2513	8169	8181	12
2514	8181	8193	12
2515	8193	8205	12
2516	8205	8217	12
2517	8217	8229	12
2518	8229	8242	13
2519	8242	8255	13
2520	8255	8268	13
2521	8268	8281	13
2522	8281	8294	13
2523	8294	8307	13
2524	8307	8320	13
2525	8320	8333	13
2526	8333	8346	13
2527	8346	8359	13
2528	8359	8372	13
2529	8372	8385	13
2530	8385	8398	13
2531	8398	8411	13
2532	8411	8424	13
2533	8424	8437	13
2534	8437	8450	13
2535	8450	8463	13
2536	8463	8476	13
2537	8476	8489	13
2538	8489	8502	13
2539	8502	8515	13
2540	8515	8528	13
2541	8528	8541	13
2542	8541	8554	13
2543	8554	8567	13
2544	8567	8580	13
2545	8580	8593	13
2546	8593	8606	13
2547	8606	8619	13
2548	8619	8632	13
2549	8632	8645	13
2550	8645	8658	13
2551	8658	8671	13
2552	8671	8685	14
2553	8685	8699	14
2554	8699	8713	14
2555	8713	8727	14
2556	8727	8741	14
2557	8741	8755	14
2558	8755	8769	14
2559	8769	8783	14
2560	8783	8797	14
2561	8797	8811	14
2562	8811	8825	14
2563	8825	8839	14
2564	8839	8853	14
2565	8853	8867	14
2566	8867	8881	14
2567	8881	8895	14
2568	8895	8909	14
2569	8909	8923	14
2570	8923	8937	14
2571	8937	8951	14
2572	8951	8965	14
2573	8965	8979	14
2574	8979	8993	14
2575	8993	9007	14
2576	9007	9021	14
2577	9021	9035	14
2578	9035	9049	14
2579	9049	9063	14
2580	9063	9078	15
2581	9078	9093	15
2582	9093	9108	15
2583	9108	9123	15
2584	9123	9138	15
2585	9138	9153	15
2586	9153	9168	15
2587	9168	9183	15
2588	9183	9198	15
2589	9198	9213	15
2590	9213	9228	15
2591	9228	9243	15
2592	9243	9258	15
2593	9258	9273	15
2594	9273	9288	15
2595	9288	9303	15
2596	9303	9318	15
2597	9318	9333	15
2598	9333	9348	15
2599	9348	9363	15
2600	9363	9378	15
2601	9378	9393	15
2602	9393	9408	15
2603	9408	9424	16
2604	9424	9440	16
2605	9440	9456	16
2606	9456	9472	16
2607	9472	9488	16
2608	9488	9504	16
2609	9504	9520	16
2610	9520	9536	16
2611	9536	9552	16
2612	9552	9568	16
2613	9568	9584	16
2614	9584	9600	16
2615	9600	9616	16
2616	9616	9632	16
2617	9632	9648	16
2618	9648	9664	16
2619	9664	9680	16
2620	9680	9696	16
2621	9696	9712	16
2622	9712	9729	17
2623	9729	9746	17
2624	9746	9763	17
2625	9763	9780	17
2626	9780	9797	17
2627	9797	9814	17
2628	9814	9831	17
2629	9831	9848	17
2630	9848	9865	17
2631	9865	9882	17
2632	9882	9899	17
2633	9899	9916	17
2634	9916	9933	17
2635	9933	9950	17
2636	9950	9967	17
2637	9967	9984	17
2638	9984	10002	18
2639	10002	10020	18
2640	10020	10038	18
2641	10038	10056	18
2642	10056	10074	18
2643	10074	10092	18
2644	10092	10110	18
2645	10110	10128	18
2646	10128	10146	18
2647	10146	10164	18
2648	10164	10182	18
2649	10182	10200	18
