#
#N Pointing	tstart	tend	Obs time
#		s
1	210	211	1
2	211	212	1
3	212	213	1
4	213	214	1
5	214	215	1
6	215	216	1
7	216	217	1
8	217	218	1
9	218	219	1
10	219	220	1
11	220	221	1
12	221	222	1
13	222	223	1
14	223	224	1
15	224	225	1
16	225	226	1
17	226	227	1
18	227	228	1
19	228	229	1
20	229	230	1
21	230	231	1
22	231	232	1
23	232	233	1
24	233	234	1
25	234	235	1
26	235	236	1
27	236	237	1
28	237	238	1
29	238	239	1
30	239	240	1
31	240	241	1
32	241	242	1
33	242	243	1
34	243	244	1
35	244	245	1
36	245	246	1
37	246	247	1
38	247	248	1
39	248	249	1
40	249	250	1
41	250	251	1
42	251	252	1
43	252	253	1
44	253	254	1
45	254	255	1
46	255	256	1
47	256	257	1
48	257	258	1
49	258	259	1
50	259	260	1
51	260	261	1
52	261	262	1
53	262	263	1
54	263	264	1
55	264	265	1
56	265	266	1
57	266	267	1
58	267	268	1
59	268	269	1
60	269	270	1
61	270	271	1
62	271	272	1
63	272	273	1
64	273	274	1
65	274	275	1
66	275	276	1
67	276	277	1
68	277	278	1
69	278	279	1
70	279	280	1
71	280	281	1
72	281	282	1
73	282	283	1
74	283	284	1
75	284	285	1
76	285	286	1
77	286	287	1
78	287	288	1
79	288	289	1
80	289	290	1
81	290	291	1
82	291	292	1
83	292	293	1
84	293	294	1
85	294	295	1
86	295	296	1
87	296	297	1
88	297	298	1
89	298	299	1
90	299	300	1
91	300	301	1
92	301	302	1
93	302	303	1
94	303	304	1
95	304	305	1
96	305	306	1
97	306	307	1
98	307	308	1
99	308	309	1
100	309	310	1
101	310	311	1
102	311	312	1
103	312	313	1
104	313	314	1
105	314	315	1
106	315	316	1
107	316	317	1
108	317	318	1
109	318	319	1
110	319	320	1
111	320	321	1
112	321	322	1
113	322	323	1
114	323	324	1
115	324	325	1
116	325	326	1
117	326	327	1
118	327	328	1
119	328	329	1
120	329	330	1
121	330	331	1
122	331	332	1
123	332	333	1
124	333	334	1
125	334	335	1
126	335	336	1
127	336	337	1
128	337	338	1
129	338	339	1
130	339	340	1
131	340	341	1
132	341	342	1
133	342	343	1
134	343	344	1
135	344	345	1
136	345	346	1
137	346	347	1
138	347	348	1
139	348	349	1
140	349	350	1
141	350	351	1
142	351	352	1
143	352	353	1
144	353	354	1
145	354	355	1
146	355	356	1
147	356	357	1
148	357	358	1
149	358	359	1
150	359	360	1
151	360	361	1
152	361	362	1
153	362	363	1
154	363	364	1
155	364	365	1
156	365	366	1
157	366	367	1
158	367	368	1
159	368	369	1
160	369	370	1
161	370	371	1
162	371	372	1
163	372	373	1
164	373	374	1
165	374	375	1
166	375	376	1
167	376	377	1
168	377	378	1
169	378	379	1
170	379	380	1
171	380	381	1
172	381	382	1
173	382	383	1
174	383	384	1
175	384	385	1
176	385	386	1
177	386	387	1
178	387	388	1
179	388	389	1
180	389	390	1
181	390	391	1
182	391	392	1
183	392	393	1
184	393	394	1
185	394	395	1
186	395	396	1
187	396	397	1
188	397	398	1
189	398	399	1
190	399	400	1
191	400	401	1
192	401	402	1
193	402	403	1
194	403	404	1
195	404	405	1
196	405	406	1
197	406	407	1
198	407	408	1
199	408	409	1
200	409	410	1
201	410	411	1
202	411	412	1
203	412	413	1
204	413	414	1
205	414	415	1
206	415	416	1
207	416	417	1
208	417	418	1
209	418	419	1
210	419	420	1
211	420	421	1
212	421	422	1
213	422	423	1
214	423	424	1
215	424	425	1
216	425	426	1
217	426	427	1
218	427	428	1
219	428	429	1
220	429	430	1
221	430	431	1
222	431	432	1
223	432	433	1
224	433	434	1
225	434	435	1
226	435	436	1
227	436	437	1
228	437	438	1
229	438	439	1
230	439	440	1
231	440	441	1
232	441	442	1
233	442	443	1
234	443	444	1
235	444	445	1
236	445	446	1
237	446	447	1
238	447	448	1
239	448	449	1
240	449	450	1
241	450	451	1
242	451	452	1
243	452	453	1
244	453	454	1
245	454	455	1
246	455	456	1
247	456	457	1
248	457	458	1
249	458	459	1
250	459	460	1
251	460	461	1
252	461	462	1
253	462	463	1
254	463	464	1
255	464	465	1
256	465	466	1
257	466	467	1
258	467	468	1
259	468	469	1
260	469	470	1
261	470	471	1
262	471	472	1
263	472	473	1
264	473	474	1
265	474	475	1
266	475	476	1
267	476	477	1
268	477	478	1
269	478	479	1
270	479	480	1
271	480	481	1
272	481	482	1
273	482	483	1
274	483	484	1
275	484	485	1
276	485	486	1
277	486	487	1
278	487	488	1
279	488	489	1
280	489	490	1
281	490	491	1
282	491	492	1
283	492	493	1
284	493	494	1
285	494	495	1
286	495	496	1
287	496	497	1
288	497	498	1
289	498	499	1
290	499	500	1
291	500	501	1
292	501	502	1
293	502	503	1
294	503	504	1
295	504	505	1
296	505	506	1
297	506	507	1
298	507	508	1
299	508	509	1
300	509	510	1
301	510	511	1
302	511	512	1
303	512	513	1
304	513	514	1
305	514	515	1
306	515	516	1
307	516	517	1
308	517	518	1
309	518	519	1
310	519	520	1
311	520	521	1
312	521	522	1
313	522	523	1
314	523	524	1
315	524	525	1
316	525	526	1
317	526	527	1
318	527	528	1
319	528	529	1
320	529	530	1
321	530	531	1
322	531	532	1
323	532	533	1
324	533	534	1
325	534	535	1
326	535	536	1
327	536	537	1
328	537	538	1
329	538	539	1
330	539	540	1
331	540	541	1
332	541	542	1
333	542	543	1
334	543	544	1
335	544	545	1
336	545	546	1
337	546	547	1
338	547	548	1
339	548	549	1
340	549	550	1
341	550	551	1
342	551	552	1
343	552	553	1
344	553	554	1
345	554	555	1
346	555	556	1
347	556	557	1
348	557	558	1
349	558	559	1
350	559	560	1
351	560	561	1
352	561	562	1
353	562	563	1
354	563	564	1
355	564	565	1
356	565	566	1
357	566	567	1
358	567	568	1
359	568	569	1
360	569	570	1
361	570	571	1
362	571	572	1
363	572	573	1
364	573	574	1
365	574	575	1
366	575	576	1
367	576	577	1
368	577	578	1
369	578	579	1
370	579	580	1
371	580	581	1
372	581	582	1
373	582	583	1
374	583	584	1
375	584	585	1
376	585	586	1
377	586	587	1
378	587	588	1
379	588	589	1
380	589	590	1
381	590	591	1
382	591	592	1
383	592	593	1
384	593	594	1
385	594	595	1
386	595	596	1
387	596	597	1
388	597	598	1
389	598	599	1
390	599	600	1
391	600	601	1
392	601	602	1
393	602	603	1
394	603	604	1
395	604	605	1
396	605	606	1
397	606	607	1
398	607	608	1
399	608	609	1
400	609	610	1
401	610	611	1
402	611	612	1
403	612	613	1
404	613	614	1
405	614	615	1
406	615	616	1
407	616	617	1
408	617	618	1
409	618	619	1
410	619	620	1
411	620	621	1
412	621	622	1
413	622	623	1
414	623	624	1
415	624	625	1
416	625	626	1
417	626	627	1
418	627	628	1
419	628	629	1
420	629	630	1
421	630	631	1
422	631	632	1
423	632	633	1
424	633	634	1
425	634	635	1
426	635	636	1
427	636	637	1
428	637	638	1
429	638	639	1
430	639	640	1
431	640	641	1
432	641	642	1
433	642	643	1
434	643	644	1
435	644	645	1
436	645	646	1
437	646	647	1
438	647	648	1
439	648	649	1
440	649	650	1
441	650	651	1
442	651	652	1
443	652	653	1
444	653	654	1
445	654	655	1
446	655	656	1
447	656	657	1
448	657	658	1
449	658	659	1
450	659	660	1
451	660	661	1
452	661	662	1
453	662	663	1
454	663	664	1
455	664	665	1
456	665	666	1
457	666	667	1
458	667	668	1
459	668	669	1
460	669	670	1
461	670	671	1
462	671	672	1
463	672	673	1
464	673	674	1
465	674	675	1
466	675	676	1
467	676	677	1
468	677	678	1
469	678	679	1
470	679	680	1
471	680	681	1
472	681	682	1
473	682	683	1
474	683	684	1
475	684	685	1
476	685	686	1
477	686	687	1
478	687	688	1
479	688	689	1
480	689	690	1
481	690	691	1
482	691	692	1
483	692	693	1
484	693	694	1
485	694	695	1
486	695	696	1
487	696	697	1
488	697	698	1
489	698	699	1
490	699	700	1
491	700	701	1
492	701	702	1
493	702	703	1
494	703	704	1
495	704	705	1
496	705	706	1
497	706	707	1
498	707	708	1
499	708	709	1
500	709	710	1
501	710	711	1
502	711	712	1
503	712	713	1
504	713	714	1
505	714	715	1
506	715	716	1
507	716	717	1
508	717	718	1
509	718	719	1
510	719	720	1
511	720	721	1
512	721	722	1
513	722	723	1
514	723	724	1
515	724	725	1
516	725	726	1
517	726	727	1
518	727	728	1
519	728	729	1
520	729	730	1
521	730	731	1
522	731	732	1
523	732	733	1
524	733	734	1
525	734	735	1
526	735	736	1
527	736	737	1
528	737	738	1
529	738	739	1
530	739	740	1
531	740	741	1
532	741	742	1
533	742	743	1
534	743	744	1
535	744	745	1
536	745	746	1
537	746	747	1
538	747	748	1
539	748	749	1
540	749	750	1
541	750	751	1
542	751	752	1
543	752	753	1
544	753	754	1
545	754	755	1
546	755	756	1
547	756	757	1
548	757	758	1
549	758	759	1
550	759	760	1
551	760	761	1
552	761	762	1
553	762	763	1
554	763	764	1
555	764	765	1
556	765	766	1
557	766	767	1
558	767	768	1
559	768	769	1
560	769	770	1
561	770	771	1
562	771	772	1
563	772	773	1
564	773	774	1
565	774	775	1
566	775	776	1
567	776	777	1
568	777	778	1
569	778	779	1
570	779	780	1
571	780	781	1
572	781	782	1
573	782	783	1
574	783	784	1
575	784	785	1
576	785	786	1
577	786	787	1
578	787	788	1
579	788	789	1
580	789	790	1
581	790	791	1
582	791	792	1
583	792	793	1
584	793	794	1
585	794	795	1
586	795	796	1
587	796	797	1
588	797	798	1
589	798	799	1
590	799	800	1
591	800	801	1
592	801	802	1
593	802	803	1
594	803	804	1
595	804	805	1
596	805	806	1
597	806	807	1
598	807	808	1
599	808	809	1
600	809	810	1
601	810	811	1
602	811	812	1
603	812	813	1
604	813	814	1
605	814	815	1
606	815	816	1
607	816	817	1
608	817	818	1
609	818	819	1
610	819	820	1
611	820	821	1
612	821	822	1
613	822	823	1
614	823	824	1
615	824	825	1
616	825	826	1
617	826	827	1
618	827	828	1
619	828	829	1
620	829	830	1
621	830	831	1
622	831	832	1
623	832	833	1
624	833	834	1
625	834	835	1
626	835	836	1
627	836	837	1
628	837	838	1
629	838	839	1
630	839	840	1
631	840	841	1
632	841	842	1
633	842	843	1
634	843	844	1
635	844	845	1
636	845	846	1
637	846	847	1
638	847	848	1
639	848	849	1
640	849	850	1
641	850	851	1
642	851	852	1
643	852	853	1
644	853	854	1
645	854	855	1
646	855	856	1
647	856	857	1
648	857	858	1
649	858	859	1
650	859	860	1
651	860	861	1
652	861	862	1
653	862	863	1
654	863	864	1
655	864	865	1
656	865	866	1
657	866	867	1
658	867	868	1
659	868	869	1
660	869	870	1
661	870	871	1
662	871	872	1
663	872	873	1
664	873	874	1
665	874	875	1
666	875	876	1
667	876	877	1
668	877	878	1
669	878	879	1
670	879	880	1
671	880	881	1
672	881	882	1
673	882	883	1
674	883	884	1
675	884	885	1
676	885	886	1
677	886	887	1
678	887	888	1
679	888	889	1
680	889	890	1
681	890	891	1
682	891	892	1
683	892	893	1
684	893	894	1
685	894	895	1
686	895	896	1
687	896	897	1
688	897	898	1
689	898	899	1
690	899	900	1
691	900	901	1
692	901	902	1
693	902	903	1
694	903	904	1
695	904	905	1
696	905	906	1
697	906	907	1
698	907	908	1
699	908	909	1
700	909	910	1
701	910	911	1
702	911	912	1
703	912	913	1
704	913	914	1
705	914	915	1
706	915	916	1
707	916	917	1
708	917	918	1
709	918	919	1
710	919	920	1
711	920	921	1
712	921	922	1
713	922	923	1
714	923	924	1
715	924	925	1
716	925	926	1
717	926	927	1
718	927	928	1
719	928	929	1
720	929	930	1
721	930	931	1
722	931	932	1
723	932	933	1
724	933	934	1
725	934	935	1
726	935	936	1
727	936	937	1
728	937	938	1
729	938	939	1
730	939	940	1
731	940	941	1
732	941	942	1
733	942	943	1
734	943	944	1
735	944	945	1
736	945	946	1
737	946	947	1
738	947	948	1
739	948	949	1
740	949	950	1
741	950	951	1
742	951	952	1
743	952	953	1
744	953	954	1
745	954	955	1
746	955	956	1
747	956	957	1
748	957	958	1
749	958	959	1
750	959	960	1
751	960	961	1
752	961	962	1
753	962	963	1
754	963	964	1
755	964	965	1
756	965	966	1
757	966	967	1
758	967	968	1
759	968	969	1
760	969	970	1
761	970	971	1
762	971	972	1
763	972	973	1
764	973	974	1
765	974	975	1
766	975	976	1
767	976	977	1
768	977	978	1
769	978	979	1
770	979	980	1
771	980	981	1
772	981	982	1
773	982	983	1
774	983	984	1
775	984	985	1
776	985	986	1
777	986	987	1
778	987	988	1
779	988	989	1
780	989	990	1
781	990	991	1
782	991	992	1
783	992	993	1
784	993	994	1
785	994	995	1
786	995	996	1
787	996	997	1
788	997	998	1
789	998	999	1
790	999	1000	1
791	1000	1001	1
792	1001	1002	1
793	1002	1003	1
794	1003	1004	1
795	1004	1005	1
796	1005	1006	1
797	1006	1007	1
798	1007	1008	1
799	1008	1009	1
800	1009	1010	1
801	1010	1011	1
802	1011	1012	1
803	1012	1013	1
804	1013	1014	1
805	1014	1015	1
806	1015	1016	1
807	1016	1017	1
808	1017	1018	1
809	1018	1019	1
810	1019	1020	1
811	1020	1021	1
812	1021	1022	1
813	1022	1023	1
814	1023	1024	1
815	1024	1025	1
816	1025	1026	1
817	1026	1027	1
818	1027	1028	1
819	1028	1029	1
820	1029	1030	1
821	1030	1031	1
822	1031	1032	1
823	1032	1033	1
824	1033	1034	1
825	1034	1035	1
826	1035	1036	1
827	1036	1037	1
828	1037	1038	1
829	1038	1039	1
830	1039	1040	1
831	1040	1041	1
832	1041	1042	1
833	1042	1043	1
834	1043	1044	1
835	1044	1045	1
836	1045	1046	1
837	1046	1047	1
838	1047	1048	1
839	1048	1049	1
840	1049	1050	1
841	1050	1051	1
842	1051	1052	1
843	1052	1053	1
844	1053	1054	1
845	1054	1055	1
846	1055	1056	1
847	1056	1057	1
848	1057	1058	1
849	1058	1059	1
850	1059	1060	1
851	1060	1061	1
852	1061	1062	1
853	1062	1063	1
854	1063	1064	1
855	1064	1065	1
856	1065	1066	1
857	1066	1067	1
858	1067	1068	1
859	1068	1069	1
860	1069	1070	1
861	1070	1071	1
862	1071	1072	1
863	1072	1073	1
864	1073	1074	1
865	1074	1075	1
866	1075	1076	1
867	1076	1077	1
868	1077	1078	1
869	1078	1079	1
870	1079	1080	1
871	1080	1081	1
872	1081	1082	1
873	1082	1083	1
874	1083	1084	1
875	1084	1085	1
876	1085	1086	1
877	1086	1087	1
878	1087	1088	1
879	1088	1089	1
880	1089	1090	1
881	1090	1091	1
882	1091	1092	1
883	1092	1093	1
884	1093	1094	1
885	1094	1095	1
886	1095	1096	1
887	1096	1097	1
888	1097	1098	1
889	1098	1099	1
890	1099	1100	1
891	1100	1101	1
892	1101	1102	1
893	1102	1103	1
894	1103	1104	1
895	1104	1105	1
896	1105	1106	1
897	1106	1107	1
898	1107	1108	1
899	1108	1109	1
900	1109	1110	1
901	1110	1111	1
902	1111	1112	1
903	1112	1113	1
904	1113	1114	1
905	1114	1115	1
906	1115	1116	1
907	1116	1117	1
908	1117	1118	1
909	1118	1119	1
910	1119	1120	1
911	1120	1121	1
912	1121	1122	1
913	1122	1123	1
914	1123	1124	1
915	1124	1125	1
916	1125	1126	1
917	1126	1127	1
918	1127	1128	1
919	1128	1129	1
920	1129	1130	1
921	1130	1131	1
922	1131	1132	1
923	1132	1133	1
924	1133	1134	1
925	1134	1135	1
926	1135	1136	1
927	1136	1137	1
928	1137	1138	1
929	1138	1139	1
930	1139	1140	1
931	1140	1141	1
932	1141	1142	1
933	1142	1143	1
934	1143	1144	1
935	1144	1145	1
936	1145	1146	1
937	1146	1147	1
938	1147	1148	1
939	1148	1149	1
940	1149	1150	1
941	1150	1151	1
942	1151	1152	1
943	1152	1153	1
944	1153	1154	1
945	1154	1155	1
946	1155	1156	1
947	1156	1157	1
948	1157	1158	1
949	1158	1159	1
950	1159	1160	1
951	1160	1161	1
952	1161	1162	1
953	1162	1163	1
954	1163	1164	1
955	1164	1165	1
956	1165	1166	1
957	1166	1167	1
958	1167	1168	1
959	1168	1169	1
960	1169	1170	1
961	1170	1171	1
962	1171	1172	1
963	1172	1173	1
964	1173	1174	1
965	1174	1175	1
966	1175	1176	1
967	1176	1177	1
968	1177	1178	1
969	1178	1179	1
970	1179	1180	1
971	1180	1181	1
972	1181	1182	1
973	1182	1183	1
974	1183	1184	1
975	1184	1185	1
976	1185	1186	1
977	1186	1187	1
978	1187	1188	1
979	1188	1189	1
980	1189	1190	1
981	1190	1191	1
982	1191	1192	1
983	1192	1193	1
984	1193	1194	1
985	1194	1195	1
986	1195	1196	1
987	1196	1197	1
988	1197	1198	1
989	1198	1199	1
990	1199	1200	1
991	1200	1201	1
992	1201	1202	1
993	1202	1203	1
994	1203	1204	1
995	1204	1205	1
996	1205	1206	1
997	1206	1207	1
998	1207	1208	1
999	1208	1209	1
1000	1209	1210	1
1001	1210	1211	1
1002	1211	1212	1
1003	1212	1213	1
1004	1213	1214	1
1005	1214	1215	1
1006	1215	1216	1
1007	1216	1217	1
1008	1217	1218	1
1009	1218	1219	1
1010	1219	1220	1
1011	1220	1221	1
1012	1221	1222	1
1013	1222	1223	1
1014	1223	1224	1
1015	1224	1225	1
1016	1225	1226	1
1017	1226	1227	1
1018	1227	1228	1
1019	1228	1229	1
1020	1229	1230	1
1021	1230	1231	1
1022	1231	1232	1
1023	1232	1233	1
1024	1233	1234	1
1025	1234	1235	1
1026	1235	1236	1
1027	1236	1237	1
1028	1237	1238	1
1029	1238	1239	1
1030	1239	1240	1
1031	1240	1241	1
1032	1241	1242	1
1033	1242	1243	1
1034	1243	1244	1
1035	1244	1245	1
1036	1245	1246	1
1037	1246	1247	1
1038	1247	1248	1
1039	1248	1249	1
1040	1249	1250	1
1041	1250	1251	1
1042	1251	1252	1
1043	1252	1253	1
1044	1253	1254	1
1045	1254	1255	1
1046	1255	1256	1
1047	1256	1257	1
1048	1257	1258	1
1049	1258	1259	1
1050	1259	1260	1
1051	1260	1261	1
1052	1261	1262	1
1053	1262	1263	1
1054	1263	1264	1
1055	1264	1265	1
1056	1265	1266	1
1057	1266	1267	1
1058	1267	1268	1
1059	1268	1269	1
1060	1269	1270	1
1061	1270	1271	1
1062	1271	1272	1
1063	1272	1273	1
1064	1273	1274	1
1065	1274	1275	1
1066	1275	1276	1
1067	1276	1277	1
1068	1277	1278	1
1069	1278	1279	1
1070	1279	1280	1
1071	1280	1281	1
1072	1281	1282	1
1073	1282	1283	1
1074	1283	1284	1
1075	1284	1285	1
1076	1285	1286	1
1077	1286	1287	1
1078	1287	1288	1
1079	1288	1289	1
1080	1289	1290	1
1081	1290	1291	1
1082	1291	1292	1
1083	1292	1293	1
1084	1293	1294	1
1085	1294	1295	1
1086	1295	1296	1
1087	1296	1297	1
1088	1297	1298	1
1089	1298	1299	1
1090	1299	1300	1
1091	1300	1301	1
1092	1301	1302	1
1093	1302	1303	1
1094	1303	1304	1
1095	1304	1305	1
1096	1305	1306	1
1097	1306	1307	1
1098	1307	1308	1
1099	1308	1309	1
1100	1309	1310	1
1101	1310	1311	1
1102	1311	1312	1
1103	1312	1313	1
1104	1313	1314	1
1105	1314	1315	1
1106	1315	1316	1
1107	1316	1317	1
1108	1317	1318	1
1109	1318	1319	1
1110	1319	1320	1
1111	1320	1321	1
1112	1321	1322	1
1113	1322	1323	1
1114	1323	1324	1
1115	1324	1325	1
1116	1325	1326	1
1117	1326	1327	1
1118	1327	1328	1
1119	1328	1329	1
1120	1329	1330	1
1121	1330	1331	1
1122	1331	1332	1
1123	1332	1333	1
1124	1333	1334	1
1125	1334	1335	1
1126	1335	1336	1
1127	1336	1337	1
1128	1337	1338	1
1129	1338	1339	1
1130	1339	1340	1
1131	1340	1341	1
1132	1341	1342	1
1133	1342	1343	1
1134	1343	1344	1
1135	1344	1345	1
1136	1345	1346	1
1137	1346	1347	1
1138	1347	1348	1
1139	1348	1349	1
1140	1349	1350	1
1141	1350	1351	1
1142	1351	1352	1
1143	1352	1353	1
1144	1353	1354	1
1145	1354	1355	1
1146	1355	1356	1
1147	1356	1357	1
1148	1357	1358	1
1149	1358	1359	1
1150	1359	1360	1
1151	1360	1361	1
1152	1361	1362	1
1153	1362	1363	1
1154	1363	1364	1
1155	1364	1365	1
1156	1365	1366	1
1157	1366	1367	1
1158	1367	1368	1
1159	1368	1369	1
1160	1369	1370	1
1161	1370	1371	1
1162	1371	1372	1
1163	1372	1373	1
1164	1373	1374	1
1165	1374	1375	1
1166	1375	1376	1
1167	1376	1377	1
1168	1377	1378	1
1169	1378	1379	1
1170	1379	1380	1
1171	1380	1381	1
1172	1381	1382	1
1173	1382	1383	1
1174	1383	1384	1
1175	1384	1385	1
1176	1385	1386	1
1177	1386	1387	1
1178	1387	1388	1
1179	1388	1389	1
1180	1389	1390	1
1181	1390	1391	1
1182	1391	1392	1
1183	1392	1393	1
1184	1393	1394	1
1185	1394	1395	1
1186	1395	1396	1
1187	1396	1397	1
1188	1397	1398	1
1189	1398	1399	1
1190	1399	1400	1
1191	1400	1401	1
1192	1401	1402	1
1193	1402	1403	1
1194	1403	1404	1
1195	1404	1405	1
1196	1405	1406	1
1197	1406	1407	1
1198	1407	1408	1
1199	1408	1409	1
1200	1409	1410	1
1201	1410	1411	1
1202	1411	1412	1
1203	1412	1413	1
1204	1413	1414	1
1205	1414	1415	1
1206	1415	1416	1
1207	1416	1417	1
1208	1417	1418	1
1209	1418	1419	1
1210	1419	1420	1
1211	1420	1421	1
1212	1421	1422	1
1213	1422	1423	1
1214	1423	1424	1
1215	1424	1425	1
1216	1425	1426	1
1217	1426	1427	1
1218	1427	1428	1
1219	1428	1429	1
1220	1429	1430	1
1221	1430	1431	1
1222	1431	1432	1
1223	1432	1433	1
1224	1433	1434	1
1225	1434	1435	1
1226	1435	1436	1
1227	1436	1437	1
1228	1437	1438	1
1229	1438	1439	1
1230	1439	1440	1
1231	1440	1441	1
1232	1441	1442	1
1233	1442	1443	1
1234	1443	1444	1
1235	1444	1445	1
1236	1445	1446	1
1237	1446	1447	1
1238	1447	1448	1
1239	1448	1449	1
1240	1449	1450	1
1241	1450	1451	1
1242	1451	1452	1
1243	1452	1453	1
1244	1453	1454	1
1245	1454	1455	1
1246	1455	1456	1
1247	1456	1457	1
1248	1457	1458	1
1249	1458	1459	1
1250	1459	1460	1
1251	1460	1461	1
1252	1461	1462	1
1253	1462	1463	1
1254	1463	1464	1
1255	1464	1465	1
1256	1465	1466	1
1257	1466	1467	1
1258	1467	1468	1
1259	1468	1469	1
1260	1469	1470	1
1261	1470	1471	1
1262	1471	1472	1
1263	1472	1473	1
1264	1473	1474	1
1265	1474	1475	1
1266	1475	1476	1
1267	1476	1477	1
1268	1477	1478	1
1269	1478	1479	1
1270	1479	1480	1
1271	1480	1481	1
1272	1481	1482	1
1273	1482	1483	1
1274	1483	1484	1
1275	1484	1485	1
1276	1485	1486	1
1277	1486	1487	1
1278	1487	1488	1
1279	1488	1489	1
1280	1489	1490	1
1281	1490	1491	1
1282	1491	1492	1
1283	1492	1493	1
1284	1493	1494	1
1285	1494	1495	1
1286	1495	1496	1
1287	1496	1497	1
1288	1497	1498	1
1289	1498	1499	1
1290	1499	1500	1
1291	1500	1501	1
1292	1501	1502	1
1293	1502	1503	1
1294	1503	1504	1
1295	1504	1505	1
1296	1505	1506	1
1297	1506	1507	1
1298	1507	1508	1
1299	1508	1509	1
1300	1509	1510	1
1301	1510	1511	1
1302	1511	1512	1
1303	1512	1513	1
1304	1513	1514	1
1305	1514	1515	1
1306	1515	1516	1
1307	1516	1517	1
1308	1517	1518	1
1309	1518	1519	1
1310	1519	1520	1
1311	1520	1521	1
1312	1521	1522	1
1313	1522	1523	1
1314	1523	1524	1
1315	1524	1525	1
1316	1525	1526	1
1317	1526	1527	1
1318	1527	1528	1
1319	1528	1529	1
1320	1529	1530	1
1321	1530	1531	1
1322	1531	1532	1
1323	1532	1533	1
1324	1533	1534	1
1325	1534	1535	1
1326	1535	1536	1
1327	1536	1537	1
1328	1537	1538	1
1329	1538	1539	1
1330	1539	1540	1
1331	1540	1541	1
1332	1541	1542	1
1333	1542	1543	1
1334	1543	1544	1
1335	1544	1545	1
1336	1545	1546	1
1337	1546	1547	1
1338	1547	1548	1
1339	1548	1549	1
1340	1549	1550	1
1341	1550	1551	1
1342	1551	1552	1
1343	1552	1553	1
1344	1553	1554	1
1345	1554	1555	1
1346	1555	1556	1
1347	1556	1557	1
1348	1557	1558	1
1349	1558	1559	1
1350	1559	1560	1
1351	1560	1561	1
1352	1561	1562	1
1353	1562	1563	1
1354	1563	1564	1
1355	1564	1565	1
1356	1565	1566	1
1357	1566	1567	1
1358	1567	1568	1
1359	1568	1569	1
1360	1569	1570	1
1361	1570	1571	1
1362	1571	1572	1
1363	1572	1573	1
1364	1573	1574	1
1365	1574	1575	1
1366	1575	1576	1
1367	1576	1577	1
1368	1577	1578	1
1369	1578	1579	1
1370	1579	1580	1
1371	1580	1581	1
1372	1581	1582	1
1373	1582	1583	1
1374	1583	1584	1
1375	1584	1585	1
1376	1585	1586	1
1377	1586	1587	1
1378	1587	1588	1
1379	1588	1589	1
1380	1589	1590	1
1381	1590	1591	1
1382	1591	1592	1
1383	1592	1593	1
1384	1593	1594	1
1385	1594	1595	1
1386	1595	1596	1
1387	1596	1597	1
1388	1597	1598	1
1389	1598	1599	1
1390	1599	1600	1
1391	1600	1601	1
1392	1601	1602	1
1393	1602	1603	1
1394	1603	1604	1
1395	1604	1605	1
1396	1605	1606	1
1397	1606	1607	1
1398	1607	1608	1
1399	1608	1609	1
1400	1609	1610	1
1401	1610	1611	1
1402	1611	1612	1
1403	1612	1613	1
1404	1613	1614	1
1405	1614	1615	1
1406	1615	1616	1
1407	1616	1617	1
1408	1617	1618	1
1409	1618	1619	1
1410	1619	1620	1
1411	1620	1621	1
1412	1621	1622	1
1413	1622	1623	1
1414	1623	1624	1
1415	1624	1625	1
1416	1625	1626	1
1417	1626	1627	1
1418	1627	1628	1
1419	1628	1629	1
1420	1629	1630	1
1421	1630	1631	1
1422	1631	1632	1
1423	1632	1633	1
1424	1633	1634	1
1425	1634	1635	1
1426	1635	1636	1
1427	1636	1637	1
1428	1637	1638	1
1429	1638	1639	1
1430	1639	1640	1
1431	1640	1641	1
1432	1641	1642	1
1433	1642	1643	1
1434	1643	1644	1
1435	1644	1645	1
1436	1645	1646	1
1437	1646	1647	1
1438	1647	1648	1
1439	1648	1649	1
1440	1649	1650	1
1441	1650	1651	1
1442	1651	1652	1
1443	1652	1653	1
1444	1653	1654	1
1445	1654	1655	1
1446	1655	1656	1
1447	1656	1657	1
1448	1657	1658	1
1449	1658	1659	1
1450	1659	1660	1
1451	1660	1661	1
1452	1661	1662	1
1453	1662	1663	1
1454	1663	1664	1
1455	1664	1665	1
1456	1665	1666	1
1457	1666	1667	1
1458	1667	1668	1
1459	1668	1669	1
1460	1669	1670	1
1461	1670	1671	1
1462	1671	1672	1
1463	1672	1673	1
1464	1673	1674	1
1465	1674	1675	1
1466	1675	1676	1
1467	1676	1677	1
1468	1677	1678	1
1469	1678	1679	1
1470	1679	1680	1
1471	1680	1681	1
1472	1681	1682	1
1473	1682	1683	1
1474	1683	1684	1
1475	1684	1685	1
1476	1685	1686	1
1477	1686	1687	1
1478	1687	1688	1
1479	1688	1689	1
1480	1689	1690	1
1481	1690	1691	1
1482	1691	1692	1
1483	1692	1693	1
1484	1693	1694	1
1485	1694	1695	1
1486	1695	1696	1
1487	1696	1697	1
1488	1697	1698	1
1489	1698	1699	1
1490	1699	1700	1
1491	1700	1701	1
1492	1701	1702	1
1493	1702	1703	1
1494	1703	1704	1
1495	1704	1705	1
1496	1705	1706	1
1497	1706	1707	1
1498	1707	1708	1
1499	1708	1709	1
1500	1709	1710	1
1501	1710	1711	1
1502	1711	1712	1
1503	1712	1713	1
1504	1713	1714	1
1505	1714	1715	1
1506	1715	1716	1
1507	1716	1717	1
1508	1717	1718	1
1509	1718	1719	1
1510	1719	1720	1
1511	1720	1721	1
1512	1721	1722	1
1513	1722	1723	1
1514	1723	1724	1
1515	1724	1725	1
1516	1725	1726	1
1517	1726	1727	1
1518	1727	1728	1
1519	1728	1729	1
1520	1729	1730	1
1521	1730	1731	1
1522	1731	1732	1
1523	1732	1733	1
1524	1733	1734	1
1525	1734	1735	1
1526	1735	1736	1
1527	1736	1737	1
1528	1737	1738	1
1529	1738	1739	1
1530	1739	1740	1
1531	1740	1741	1
1532	1741	1742	1
1533	1742	1743	1
1534	1743	1744	1
1535	1744	1745	1
1536	1745	1746	1
1537	1746	1747	1
1538	1747	1748	1
1539	1748	1749	1
1540	1749	1750	1
1541	1750	1751	1
1542	1751	1752	1
1543	1752	1753	1
1544	1753	1754	1
1545	1754	1755	1
1546	1755	1756	1
1547	1756	1757	1
1548	1757	1758	1
1549	1758	1759	1
1550	1759	1760	1
1551	1760	1761	1
1552	1761	1762	1
1553	1762	1763	1
1554	1763	1764	1
1555	1764	1765	1
1556	1765	1766	1
1557	1766	1767	1
1558	1767	1768	1
1559	1768	1769	1
1560	1769	1770	1
1561	1770	1771	1
1562	1771	1772	1
1563	1772	1773	1
1564	1773	1774	1
1565	1774	1775	1
1566	1775	1776	1
1567	1776	1777	1
1568	1777	1778	1
1569	1778	1779	1
1570	1779	1780	1
1571	1780	1781	1
1572	1781	1782	1
1573	1782	1783	1
1574	1783	1784	1
1575	1784	1785	1
1576	1785	1786	1
1577	1786	1787	1
1578	1787	1788	1
1579	1788	1789	1
1580	1789	1790	1
1581	1790	1791	1
1582	1791	1792	1
1583	1792	1793	1
1584	1793	1794	1
1585	1794	1795	1
1586	1795	1796	1
1587	1796	1797	1
1588	1797	1798	1
1589	1798	1799	1
1590	1799	1800	1
1591	1800	1801	1
1592	1801	1802	1
1593	1802	1803	1
1594	1803	1804	1
1595	1804	1805	1
1596	1805	1806	1
1597	1806	1807	1
1598	1807	1808	1
1599	1808	1809	1
1600	1809	1810	1
1601	1810	1811	1
1602	1811	1812	1
1603	1812	1813	1
1604	1813	1814	1
1605	1814	1815	1
1606	1815	1816	1
1607	1816	1817	1
1608	1817	1818	1
1609	1818	1819	1
1610	1819	1820	1
1611	1820	1821	1
1612	1821	1822	1
1613	1822	1823	1
1614	1823	1824	1
1615	1824	1825	1
1616	1825	1826	1
1617	1826	1827	1
1618	1827	1828	1
1619	1828	1829	1
1620	1829	1830	1
1621	1830	1831	1
1622	1831	1832	1
1623	1832	1833	1
1624	1833	1834	1
1625	1834	1835	1
1626	1835	1836	1
1627	1836	1837	1
1628	1837	1838	1
1629	1838	1839	1
1630	1839	1840	1
1631	1840	1841	1
1632	1841	1842	1
1633	1842	1843	1
1634	1843	1844	1
1635	1844	1845	1
1636	1845	1846	1
1637	1846	1847	1
1638	1847	1848	1
1639	1848	1849	1
1640	1849	1850	1
1641	1850	1851	1
1642	1851	1852	1
1643	1852	1853	1
1644	1853	1854	1
1645	1854	1855	1
1646	1855	1856	1
1647	1856	1857	1
1648	1857	1858	1
1649	1858	1859	1
1650	1859	1860	1
1651	1860	1861	1
1652	1861	1862	1
1653	1862	1863	1
1654	1863	1864	1
1655	1864	1865	1
1656	1865	1866	1
1657	1866	1867	1
1658	1867	1868	1
1659	1868	1869	1
1660	1869	1870	1
1661	1870	1871	1
1662	1871	1872	1
1663	1872	1873	1
1664	1873	1874	1
1665	1874	1875	1
1666	1875	1876	1
1667	1876	1877	1
1668	1877	1878	1
1669	1878	1879	1
1670	1879	1880	1
1671	1880	1881	1
1672	1881	1882	1
1673	1882	1883	1
1674	1883	1884	1
1675	1884	1885	1
1676	1885	1886	1
1677	1886	1887	1
1678	1887	1888	1
1679	1888	1889	1
1680	1889	1890	1
1681	1890	1891	1
1682	1891	1892	1
1683	1892	1893	1
1684	1893	1894	1
1685	1894	1895	1
1686	1895	1896	1
1687	1896	1897	1
1688	1897	1898	1
1689	1898	1899	1
1690	1899	1900	1
1691	1900	1901	1
1692	1901	1902	1
1693	1902	1903	1
1694	1903	1904	1
1695	1904	1905	1
1696	1905	1906	1
1697	1906	1907	1
1698	1907	1908	1
1699	1908	1909	1
1700	1909	1910	1
1701	1910	1911	1
1702	1911	1912	1
1703	1912	1913	1
1704	1913	1914	1
1705	1914	1915	1
1706	1915	1916	1
1707	1916	1917	1
1708	1917	1918	1
1709	1918	1919	1
1710	1919	1920	1
1711	1920	1921	1
1712	1921	1922	1
1713	1922	1923	1
1714	1923	1924	1
1715	1924	1925	1
1716	1925	1926	1
1717	1926	1927	1
1718	1927	1928	1
1719	1928	1929	1
1720	1929	1930	1
1721	1930	1931	1
1722	1931	1932	1
1723	1932	1933	1
1724	1933	1934	1
1725	1934	1935	1
1726	1935	1936	1
1727	1936	1937	1
1728	1937	1938	1
1729	1938	1939	1
1730	1939	1940	1
1731	1940	1941	1
1732	1941	1942	1
1733	1942	1943	1
1734	1943	1944	1
1735	1944	1945	1
1736	1945	1946	1
1737	1946	1947	1
1738	1947	1948	1
1739	1948	1949	1
1740	1949	1950	1
1741	1950	1951	1
1742	1951	1952	1
1743	1952	1953	1
1744	1953	1954	1
1745	1954	1955	1
1746	1955	1956	1
1747	1956	1957	1
1748	1957	1958	1
1749	1958	1959	1
1750	1959	1960	1
1751	1960	1961	1
1752	1961	1962	1
1753	1962	1963	1
1754	1963	1964	1
1755	1964	1965	1
1756	1965	1966	1
1757	1966	1967	1
1758	1967	1968	1
1759	1968	1969	1
1760	1969	1970	1
1761	1970	1971	1
1762	1971	1972	1
1763	1972	1973	1
1764	1973	1974	1
1765	1974	1975	1
1766	1975	1976	1
1767	1976	1977	1
1768	1977	1978	1
1769	1978	1979	1
1770	1979	1980	1
1771	1980	1981	1
1772	1981	1982	1
1773	1982	1983	1
1774	1983	1984	1
1775	1984	1985	1
1776	1985	1986	1
1777	1986	1987	1
1778	1987	1988	1
1779	1988	1989	1
1780	1989	1990	1
1781	1990	1991	1
1782	1991	1992	1
1783	1992	1993	1
1784	1993	1994	1
1785	1994	1995	1
1786	1995	1996	1
1787	1996	1997	1
1788	1997	1998	1
1789	1998	1999	1
1790	1999	2000	1
1791	2000	2001	1
1792	2001	2002	1
1793	2002	2003	1
1794	2003	2004	1
1795	2004	2005	1
1796	2005	2006	1
1797	2006	2007	1
1798	2007	2008	1
1799	2008	2009	1
1800	2009	2010	1
1801	2010	2011	1
1802	2011	2012	1
1803	2012	2013	1
1804	2013	2014	1
1805	2014	2015	1
1806	2015	2016	1
1807	2016	2017	1
1808	2017	2018	1
1809	2018	2019	1
1810	2019	2020	1
1811	2020	2021	1
1812	2021	2022	1
1813	2022	2023	1
1814	2023	2024	1
1815	2024	2025	1
1816	2025	2026	1
1817	2026	2027	1
1818	2027	2028	1
1819	2028	2029	1
1820	2029	2030	1
1821	2030	2031	1
1822	2031	2032	1
1823	2032	2033	1
1824	2033	2034	1
1825	2034	2035	1
1826	2035	2036	1
1827	2036	2037	1
1828	2037	2038	1
1829	2038	2039	1
1830	2039	2040	1
1831	2040	2041	1
1832	2041	2042	1
1833	2042	2043	1
1834	2043	2044	1
1835	2044	2045	1
1836	2045	2046	1
1837	2046	2047	1
1838	2047	2048	1
1839	2048	2049	1
1840	2049	2050	1
1841	2050	2051	1
1842	2051	2052	1
1843	2052	2053	1
1844	2053	2054	1
1845	2054	2055	1
1846	2055	2056	1
1847	2056	2057	1
1848	2057	2058	1
1849	2058	2059	1
1850	2059	2060	1
1851	2060	2061	1
1852	2061	2062	1
1853	2062	2063	1
1854	2063	2064	1
1855	2064	2065	1
1856	2065	2066	1
1857	2066	2067	1
1858	2067	2068	1
1859	2068	2069	1
1860	2069	2070	1
1861	2070	2071	1
1862	2071	2072	1
1863	2072	2073	1
1864	2073	2074	1
1865	2074	2075	1
1866	2075	2076	1
1867	2076	2077	1
1868	2077	2078	1
1869	2078	2079	1
1870	2079	2080	1
1871	2080	2081	1
1872	2081	2082	1
1873	2082	2083	1
1874	2083	2084	1
1875	2084	2085	1
1876	2085	2086	1
1877	2086	2087	1
1878	2087	2088	1
1879	2088	2089	1
1880	2089	2090	1
1881	2090	2091	1
1882	2091	2092	1
1883	2092	2093	1
1884	2093	2094	1
1885	2094	2095	1
1886	2095	2096	1
1887	2096	2097	1
1888	2097	2098	1
1889	2098	2099	1
1890	2099	2100	1
1891	2100	2101	1
1892	2101	2102	1
1893	2102	2103	1
1894	2103	2104	1
1895	2104	2105	1
1896	2105	2106	1
1897	2106	2107	1
1898	2107	2108	1
1899	2108	2109	1
1900	2109	2110	1
1901	2110	2111	1
1902	2111	2112	1
1903	2112	2113	1
1904	2113	2114	1
1905	2114	2115	1
1906	2115	2116	1
1907	2116	2117	1
1908	2117	2118	1
1909	2118	2119	1
1910	2119	2120	1
1911	2120	2121	1
1912	2121	2122	1
1913	2122	2123	1
1914	2123	2124	1
1915	2124	2125	1
1916	2125	2126	1
1917	2126	2127	1
1918	2127	2128	1
1919	2128	2129	1
1920	2129	2130	1
1921	2130	2131	1
1922	2131	2132	1
1923	2132	2133	1
1924	2133	2134	1
1925	2134	2135	1
1926	2135	2136	1
1927	2136	2137	1
1928	2137	2138	1
1929	2138	2139	1
1930	2139	2140	1
1931	2140	2141	1
1932	2141	2142	1
1933	2142	2143	1
1934	2143	2144	1
1935	2144	2145	1
1936	2145	2146	1
1937	2146	2147	1
1938	2147	2148	1
1939	2148	2149	1
1940	2149	2150	1
1941	2150	2151	1
1942	2151	2152	1
1943	2152	2153	1
1944	2153	2154	1
1945	2154	2155	1
1946	2155	2156	1
1947	2156	2157	1
1948	2157	2158	1
1949	2158	2159	1
1950	2159	2160	1
1951	2160	2161	1
1952	2161	2162	1
1953	2162	2163	1
1954	2163	2164	1
1955	2164	2165	1
1956	2165	2166	1
1957	2166	2167	1
1958	2167	2168	1
1959	2168	2169	1
1960	2169	2170	1
1961	2170	2171	1
1962	2171	2172	1
1963	2172	2173	1
1964	2173	2174	1
1965	2174	2175	1
1966	2175	2176	1
1967	2176	2177	1
1968	2177	2178	1
1969	2178	2179	1
1970	2179	2180	1
1971	2180	2181	1
1972	2181	2182	1
1973	2182	2183	1
1974	2183	2184	1
1975	2184	2185	1
1976	2185	2186	1
1977	2186	2187	1
1978	2187	2188	1
1979	2188	2189	1
1980	2189	2190	1
1981	2190	2191	1
1982	2191	2192	1
1983	2192	2193	1
1984	2193	2194	1
1985	2194	2195	1
1986	2195	2196	1
1987	2196	2197	1
1988	2197	2198	1
1989	2198	2199	1
1990	2199	2200	1
1991	2200	2201	1
1992	2201	2202	1
1993	2202	2203	1
1994	2203	2204	1
1995	2204	2205	1
1996	2205	2206	1
1997	2206	2207	1
1998	2207	2208	1
1999	2208	2209	1
2000	2209	2210	1
2001	2210	2211	1
2002	2211	2212	1
2003	2212	2213	1
2004	2213	2214	1
2005	2214	2215	1
2006	2215	2216	1
2007	2216	2217	1
2008	2217	2218	1
2009	2218	2219	1
2010	2219	2220	1
2011	2220	2221	1
2012	2221	2222	1
2013	2222	2223	1
2014	2223	2224	1
2015	2224	2225	1
2016	2225	2226	1
2017	2226	2227	1
2018	2227	2228	1
2019	2228	2229	1
2020	2229	2230	1
2021	2230	2231	1
2022	2231	2232	1
2023	2232	2233	1
2024	2233	2234	1
2025	2234	2235	1
2026	2235	2236	1
2027	2236	2237	1
2028	2237	2238	1
2029	2238	2239	1
2030	2239	2240	1
2031	2240	2241	1
2032	2241	2242	1
2033	2242	2243	1
2034	2243	2244	1
2035	2244	2245	1
2036	2245	2246	1
2037	2246	2247	1
2038	2247	2248	1
2039	2248	2249	1
2040	2249	2250	1
2041	2250	2251	1
2042	2251	2252	1
2043	2252	2253	1
2044	2253	2254	1
2045	2254	2255	1
2046	2255	2256	1
2047	2256	2257	1
2048	2257	2258	1
2049	2258	2259	1
2050	2259	2260	1
2051	2260	2261	1
2052	2261	2262	1
2053	2262	2263	1
2054	2263	2264	1
2055	2264	2265	1
2056	2265	2266	1
2057	2266	2267	1
2058	2267	2268	1
2059	2268	2269	1
2060	2269	2270	1
2061	2270	2271	1
2062	2271	2272	1
2063	2272	2273	1
2064	2273	2274	1
2065	2274	2275	1
2066	2275	2276	1
2067	2276	2277	1
2068	2277	2278	1
2069	2278	2279	1
2070	2279	2280	1
2071	2280	2281	1
2072	2281	2282	1
2073	2282	2283	1
2074	2283	2284	1
2075	2284	2285	1
2076	2285	2286	1
2077	2286	2287	1
2078	2287	2288	1
2079	2288	2289	1
2080	2289	2290	1
2081	2290	2291	1
2082	2291	2292	1
2083	2292	2293	1
2084	2293	2294	1
2085	2294	2295	1
2086	2295	2296	1
2087	2296	2297	1
2088	2297	2298	1
2089	2298	2299	1
2090	2299	2300	1
2091	2300	2301	1
2092	2301	2302	1
2093	2302	2303	1
2094	2303	2304	1
2095	2304	2305	1
2096	2305	2306	1
2097	2306	2307	1
2098	2307	2308	1
2099	2308	2309	1
2100	2309	2310	1
2101	2310	2311	1
2102	2311	2312	1
2103	2312	2313	1
2104	2313	2314	1
2105	2314	2315	1
2106	2315	2316	1
2107	2316	2317	1
2108	2317	2318	1
2109	2318	2319	1
2110	2319	2320	1
2111	2320	2321	1
2112	2321	2322	1
2113	2322	2323	1
2114	2323	2324	1
2115	2324	2325	1
2116	2325	2326	1
2117	2326	2327	1
2118	2327	2328	1
2119	2328	2329	1
2120	2329	2330	1
2121	2330	2331	1
2122	2331	2332	1
2123	2332	2333	1
2124	2333	2334	1
2125	2334	2335	1
2126	2335	2336	1
2127	2336	2337	1
2128	2337	2338	1
2129	2338	2339	1
2130	2339	2340	1
2131	2340	2341	1
2132	2341	2342	1
2133	2342	2343	1
2134	2343	2344	1
2135	2344	2345	1
2136	2345	2346	1
2137	2346	2347	1
2138	2347	2348	1
2139	2348	2349	1
2140	2349	2350	1
2141	2350	2351	1
2142	2351	2352	1
2143	2352	2353	1
2144	2353	2354	1
2145	2354	2355	1
2146	2355	2356	1
2147	2356	2357	1
2148	2357	2358	1
2149	2358	2359	1
2150	2359	2360	1
2151	2360	2361	1
2152	2361	2362	1
2153	2362	2363	1
2154	2363	2364	1
2155	2364	2365	1
2156	2365	2366	1
2157	2366	2367	1
2158	2367	2368	1
2159	2368	2369	1
2160	2369	2370	1
2161	2370	2371	1
2162	2371	2372	1
2163	2372	2373	1
2164	2373	2374	1
2165	2374	2375	1
2166	2375	2376	1
2167	2376	2377	1
2168	2377	2378	1
2169	2378	2379	1
2170	2379	2380	1
2171	2380	2381	1
2172	2381	2382	1
2173	2382	2383	1
2174	2383	2384	1
2175	2384	2385	1
2176	2385	2386	1
2177	2386	2387	1
2178	2387	2388	1
2179	2388	2389	1
2180	2389	2390	1
2181	2390	2391	1
2182	2391	2392	1
2183	2392	2393	1
2184	2393	2394	1
2185	2394	2395	1
2186	2395	2396	1
2187	2396	2397	1
2188	2397	2398	1
2189	2398	2399	1
2190	2399	2400	1
2191	2400	2401	1
2192	2401	2402	1
2193	2402	2403	1
2194	2403	2404	1
2195	2404	2405	1
2196	2405	2406	1
2197	2406	2407	1
2198	2407	2408	1
2199	2408	2409	1
2200	2409	2410	1
2201	2410	2411	1
2202	2411	2412	1
2203	2412	2413	1
2204	2413	2414	1
2205	2414	2415	1
2206	2415	2416	1
2207	2416	2417	1
2208	2417	2418	1
2209	2418	2419	1
2210	2419	2420	1
2211	2420	2421	1
2212	2421	2422	1
2213	2422	2423	1
2214	2423	2424	1
2215	2424	2425	1
2216	2425	2426	1
2217	2426	2427	1
2218	2427	2428	1
2219	2428	2429	1
2220	2429	2430	1
2221	2430	2431	1
2222	2431	2432	1
2223	2432	2433	1
2224	2433	2434	1
2225	2434	2435	1
2226	2435	2436	1
2227	2436	2437	1
2228	2437	2438	1
2229	2438	2439	1
2230	2439	2440	1
2231	2440	2441	1
2232	2441	2442	1
2233	2442	2443	1
2234	2443	2444	1
2235	2444	2445	1
2236	2445	2446	1
2237	2446	2447	1
2238	2447	2448	1
2239	2448	2449	1
2240	2449	2450	1
2241	2450	2451	1
2242	2451	2452	1
2243	2452	2453	1
2244	2453	2454	1
2245	2454	2455	1
2246	2455	2456	1
2247	2456	2457	1
2248	2457	2458	1
2249	2458	2459	1
2250	2459	2460	1
2251	2460	2461	1
2252	2461	2462	1
2253	2462	2463	1
2254	2463	2464	1
2255	2464	2465	1
2256	2465	2466	1
2257	2466	2467	1
2258	2467	2468	1
2259	2468	2469	1
2260	2469	2470	1
2261	2470	2471	1
2262	2471	2472	1
2263	2472	2473	1
2264	2473	2474	1
2265	2474	2475	1
2266	2475	2476	1
2267	2476	2477	1
2268	2477	2478	1
2269	2478	2479	1
2270	2479	2480	1
2271	2480	2481	1
2272	2481	2482	1
2273	2482	2483	1
2274	2483	2484	1
2275	2484	2485	1
2276	2485	2486	1
2277	2486	2487	1
2278	2487	2488	1
2279	2488	2489	1
2280	2489	2490	1
2281	2490	2491	1
2282	2491	2492	1
2283	2492	2493	1
2284	2493	2494	1
2285	2494	2495	1
2286	2495	2496	1
2287	2496	2497	1
2288	2497	2498	1
2289	2498	2499	1
2290	2499	2500	1
2291	2500	2501	1
2292	2501	2502	1
2293	2502	2503	1
2294	2503	2504	1
2295	2504	2505	1
2296	2505	2506	1
2297	2506	2507	1
2298	2507	2508	1
2299	2508	2509	1
2300	2509	2510	1
2301	2510	2511	1
2302	2511	2512	1
2303	2512	2513	1
2304	2513	2514	1
2305	2514	2515	1
2306	2515	2516	1
2307	2516	2517	1
2308	2517	2518	1
2309	2518	2519	1
2310	2519	2520	1
2311	2520	2521	1
2312	2521	2522	1
2313	2522	2523	1
2314	2523	2524	1
2315	2524	2525	1
2316	2525	2526	1
2317	2526	2527	1
2318	2527	2528	1
2319	2528	2529	1
2320	2529	2530	1
2321	2530	2531	1
2322	2531	2532	1
2323	2532	2533	1
2324	2533	2534	1
2325	2534	2535	1
2326	2535	2536	1
2327	2536	2537	1
2328	2537	2538	1
2329	2538	2539	1
2330	2539	2540	1
2331	2540	2541	1
2332	2541	2542	1
2333	2542	2543	1
2334	2543	2544	1
2335	2544	2545	1
2336	2545	2546	1
2337	2546	2547	1
2338	2547	2548	1
2339	2548	2549	1
2340	2549	2550	1
2341	2550	2551	1
2342	2551	2552	1
2343	2552	2553	1
2344	2553	2554	1
2345	2554	2555	1
2346	2555	2556	1
2347	2556	2557	1
2348	2557	2558	1
2349	2558	2559	1
2350	2559	2560	1
2351	2560	2561	1
2352	2561	2562	1
2353	2562	2563	1
2354	2563	2564	1
2355	2564	2565	1
2356	2565	2566	1
2357	2566	2567	1
2358	2567	2568	1
2359	2568	2569	1
2360	2569	2570	1
2361	2570	2571	1
2362	2571	2572	1
2363	2572	2573	1
2364	2573	2574	1
2365	2574	2575	1
2366	2575	2576	1
2367	2576	2577	1
2368	2577	2578	1
2369	2578	2579	1
2370	2579	2580	1
2371	2580	2581	1
2372	2581	2582	1
2373	2582	2583	1
2374	2583	2584	1
2375	2584	2585	1
2376	2585	2586	1
2377	2586	2587	1
2378	2587	2588	1
2379	2588	2589	1
2380	2589	2590	1
2381	2590	2591	1
2382	2591	2592	1
2383	2592	2593	1
2384	2593	2594	1
2385	2594	2595	1
2386	2595	2596	1
2387	2596	2597	1
2388	2597	2598	1
2389	2598	2599	1
2390	2599	2600	1
2391	2600	2601	1
2392	2601	2602	1
2393	2602	2603	1
2394	2603	2604	1
2395	2604	2605	1
2396	2605	2606	1
2397	2606	2607	1
2398	2607	2608	1
2399	2608	2609	1
2400	2609	2610	1
2401	2610	2611	1
2402	2611	2612	1
2403	2612	2613	1
2404	2613	2614	1
2405	2614	2615	1
2406	2615	2616	1
2407	2616	2617	1
2408	2617	2618	1
2409	2618	2619	1
2410	2619	2620	1
2411	2620	2621	1
2412	2621	2622	1
2413	2622	2623	1
2414	2623	2624	1
2415	2624	2625	1
2416	2625	2626	1
2417	2626	2627	1
2418	2627	2628	1
2419	2628	2629	1
2420	2629	2630	1
2421	2630	2631	1
2422	2631	2632	1
2423	2632	2633	1
2424	2633	2634	1
2425	2634	2635	1
2426	2635	2636	1
2427	2636	2637	1
2428	2637	2638	1
2429	2638	2639	1
2430	2639	2640	1
2431	2640	2641	1
2432	2641	2642	1
2433	2642	2643	1
2434	2643	2644	1
2435	2644	2645	1
2436	2645	2646	1
2437	2646	2647	1
2438	2647	2648	1
2439	2648	2649	1
2440	2649	2650	1
2441	2650	2651	1
2442	2651	2652	1
2443	2652	2653	1
2444	2653	2654	1
2445	2654	2655	1
2446	2655	2656	1
2447	2656	2657	1
2448	2657	2658	1
2449	2658	2659	1
2450	2659	2660	1
2451	2660	2661	1
2452	2661	2662	1
2453	2662	2663	1
2454	2663	2664	1
2455	2664	2665	1
2456	2665	2666	1
2457	2666	2667	1
2458	2667	2668	1
2459	2668	2669	1
2460	2669	2670	1
2461	2670	2671	1
2462	2671	2672	1
2463	2672	2673	1
2464	2673	2674	1
2465	2674	2675	1
2466	2675	2676	1
2467	2676	2677	1
2468	2677	2678	1
2469	2678	2679	1
2470	2679	2680	1
2471	2680	2681	1
2472	2681	2682	1
2473	2682	2683	1
2474	2683	2684	1
2475	2684	2685	1
2476	2685	2686	1
2477	2686	2687	1
2478	2687	2688	1
2479	2688	2689	1
2480	2689	2690	1
2481	2690	2691	1
2482	2691	2692	1
2483	2692	2693	1
2484	2693	2694	1
2485	2694	2695	1
2486	2695	2696	1
2487	2696	2697	1
2488	2697	2698	1
2489	2698	2699	1
2490	2699	2700	1
2491	2700	2701	1
2492	2701	2702	1
2493	2702	2703	1
2494	2703	2704	1
2495	2704	2705	1
2496	2705	2706	1
2497	2706	2707	1
2498	2707	2708	1
2499	2708	2709	1
2500	2709	2710	1
2501	2710	2711	1
2502	2711	2712	1
2503	2712	2713	1
2504	2713	2714	1
2505	2714	2715	1
2506	2715	2716	1
2507	2716	2717	1
2508	2717	2718	1
2509	2718	2719	1
2510	2719	2720	1
2511	2720	2721	1
2512	2721	2722	1
2513	2722	2723	1
2514	2723	2724	1
2515	2724	2725	1
2516	2725	2726	1
2517	2726	2727	1
2518	2727	2728	1
2519	2728	2729	1
2520	2729	2730	1
2521	2730	2731	1
2522	2731	2732	1
2523	2732	2733	1
2524	2733	2734	1
2525	2734	2735	1
2526	2735	2736	1
2527	2736	2737	1
2528	2737	2738	1
2529	2738	2739	1
2530	2739	2740	1
2531	2740	2741	1
2532	2741	2742	1
2533	2742	2743	1
2534	2743	2744	1
2535	2744	2745	1
2536	2745	2746	1
2537	2746	2747	1
2538	2747	2748	1
2539	2748	2749	1
2540	2749	2750	1
2541	2750	2751	1
2542	2751	2752	1
2543	2752	2753	1
2544	2753	2754	1
2545	2754	2755	1
2546	2755	2756	1
2547	2756	2757	1
2548	2757	2758	1
2549	2758	2759	1
2550	2759	2760	1
2551	2760	2761	1
2552	2761	2762	1
2553	2762	2763	1
2554	2763	2764	1
2555	2764	2765	1
2556	2765	2766	1
2557	2766	2767	1
2558	2767	2768	1
2559	2768	2769	1
2560	2769	2770	1
2561	2770	2771	1
2562	2771	2772	1
2563	2772	2773	1
2564	2773	2774	1
2565	2774	2775	1
2566	2775	2776	1
2567	2776	2777	1
2568	2777	2778	1
2569	2778	2779	1
2570	2779	2780	1
2571	2780	2781	1
2572	2781	2782	1
2573	2782	2783	1
2574	2783	2784	1
2575	2784	2785	1
2576	2785	2786	1
2577	2786	2787	1
2578	2787	2788	1
2579	2788	2789	1
2580	2789	2790	1
2581	2790	2791	1
2582	2791	2792	1
2583	2792	2793	1
2584	2793	2794	1
2585	2794	2795	1
2586	2795	2796	1
2587	2796	2797	1
2588	2797	2798	1
2589	2798	2799	1
2590	2799	2800	1
2591	2800	2801	1
2592	2801	2802	1
2593	2802	2803	1
2594	2803	2804	1
2595	2804	2805	1
2596	2805	2806	1
2597	2806	2807	1
2598	2807	2808	1
2599	2808	2809	1
2600	2809	2810	1
2601	2810	2811	1
2602	2811	2812	1
2603	2812	2813	1
2604	2813	2814	1
2605	2814	2815	1
2606	2815	2816	1
2607	2816	2817	1
2608	2817	2818	1
2609	2818	2819	1
2610	2819	2820	1
2611	2820	2821	1
2612	2821	2822	1
2613	2822	2823	1
2614	2823	2824	1
2615	2824	2825	1
2616	2825	2826	1
2617	2826	2827	1
2618	2827	2828	1
2619	2828	2829	1
2620	2829	2830	1
2621	2830	2831	1
2622	2831	2832	1
2623	2832	2833	1
2624	2833	2834	1
2625	2834	2835	1
2626	2835	2836	1
2627	2836	2837	1
2628	2837	2838	1
2629	2838	2839	1
2630	2839	2840	1
2631	2840	2841	1
2632	2841	2842	1
2633	2842	2843	1
2634	2843	2844	1
2635	2844	2845	1
2636	2845	2846	1
2637	2846	2847	1
2638	2847	2848	1
2639	2848	2849	1
2640	2849	2850	1
2641	2850	2851	1
2642	2851	2852	1
2643	2852	2853	1
2644	2853	2854	1
2645	2854	2855	1
2646	2855	2856	1
2647	2856	2857	1
2648	2857	2858	1
2649	2858	2859	1
2650	2859	2860	1
2651	2860	2861	1
2652	2861	2862	1
2653	2862	2863	1
2654	2863	2864	1
2655	2864	2865	1
2656	2865	2866	1
2657	2866	2867	1
2658	2867	2868	1
2659	2868	2869	1
2660	2869	2870	1
2661	2870	2871	1
2662	2871	2872	1
2663	2872	2873	1
2664	2873	2874	1
2665	2874	2875	1
2666	2875	2876	1
2667	2876	2877	1
2668	2877	2878	1
2669	2878	2879	1
2670	2879	2880	1
2671	2880	2881	1
2672	2881	2882	1
2673	2882	2883	1
2674	2883	2884	1
2675	2884	2885	1
2676	2885	2886	1
2677	2886	2887	1
2678	2887	2888	1
2679	2888	2889	1
2680	2889	2890	1
2681	2890	2891	1
2682	2891	2892	1
2683	2892	2893	1
2684	2893	2894	1
2685	2894	2895	1
2686	2895	2896	1
2687	2896	2897	1
2688	2897	2898	1
2689	2898	2899	1
2690	2899	2900	1
2691	2900	2901	1
2692	2901	2902	1
2693	2902	2903	1
2694	2903	2904	1
2695	2904	2905	1
2696	2905	2906	1
2697	2906	2907	1
2698	2907	2908	1
2699	2908	2909	1
2700	2909	2910	1
2701	2910	2911	1
2702	2911	2912	1
2703	2912	2913	1
2704	2913	2914	1
2705	2914	2915	1
2706	2915	2916	1
2707	2916	2917	1
2708	2917	2918	1
2709	2918	2919	1
2710	2919	2920	1
2711	2920	2921	1
2712	2921	2922	1
2713	2922	2923	1
2714	2923	2924	1
2715	2924	2925	1
2716	2925	2926	1
2717	2926	2927	1
2718	2927	2928	1
2719	2928	2929	1
2720	2929	2930	1
2721	2930	2931	1
2722	2931	2932	1
2723	2932	2933	1
2724	2933	2934	1
2725	2934	2935	1
2726	2935	2936	1
2727	2936	2937	1
2728	2937	2938	1
2729	2938	2939	1
2730	2939	2940	1
2731	2940	2941	1
2732	2941	2942	1
2733	2942	2943	1
2734	2943	2944	1
2735	2944	2945	1
2736	2945	2946	1
2737	2946	2947	1
2738	2947	2948	1
2739	2948	2949	1
2740	2949	2950	1
2741	2950	2951	1
2742	2951	2952	1
2743	2952	2953	1
2744	2953	2954	1
2745	2954	2955	1
2746	2955	2956	1
2747	2956	2957	1
2748	2957	2958	1
2749	2958	2959	1
2750	2959	2960	1
2751	2960	2961	1
2752	2961	2962	1
2753	2962	2963	1
2754	2963	2964	1
2755	2964	2965	1
2756	2965	2966	1
2757	2966	2967	1
2758	2967	2968	1
2759	2968	2969	1
2760	2969	2970	1
2761	2970	2971	1
2762	2971	2972	1
2763	2972	2973	1
2764	2973	2974	1
2765	2974	2975	1
2766	2975	2976	1
2767	2976	2977	1
2768	2977	2978	1
2769	2978	2979	1
2770	2979	2980	1
2771	2980	2981	1
2772	2981	2982	1
2773	2982	2983	1
2774	2983	2984	1
2775	2984	2985	1
2776	2985	2986	1
2777	2986	2987	1
2778	2987	2988	1
2779	2988	2989	1
2780	2989	2990	1
2781	2990	2991	1
2782	2991	2992	1
2783	2992	2993	1
2784	2993	2994	1
2785	2994	2995	1
2786	2995	2996	1
2787	2996	2997	1
2788	2997	2998	1
2789	2998	2999	1
2790	2999	3000	1
2791	3000	3001	1
2792	3001	3002	1
2793	3002	3003	1
2794	3003	3004	1
2795	3004	3005	1
2796	3005	3006	1
2797	3006	3007	1
2798	3007	3008	1
2799	3008	3009	1
2800	3009	3010	1
2801	3010	3011	1
2802	3011	3012	1
2803	3012	3013	1
2804	3013	3014	1
2805	3014	3015	1
2806	3015	3016	1
2807	3016	3017	1
2808	3017	3018	1
2809	3018	3019	1
2810	3019	3020	1
2811	3020	3021	1
2812	3021	3022	1
2813	3022	3023	1
2814	3023	3024	1
2815	3024	3025	1
2816	3025	3026	1
2817	3026	3027	1
2818	3027	3028	1
2819	3028	3029	1
2820	3029	3030	1
2821	3030	3031	1
2822	3031	3032	1
2823	3032	3033	1
2824	3033	3034	1
2825	3034	3035	1
2826	3035	3036	1
2827	3036	3037	1
2828	3037	3038	1
2829	3038	3039	1
2830	3039	3040	1
2831	3040	3041	1
2832	3041	3042	1
2833	3042	3043	1
2834	3043	3044	1
2835	3044	3045	1
2836	3045	3046	1
2837	3046	3047	1
2838	3047	3048	1
2839	3048	3049	1
2840	3049	3050	1
2841	3050	3051	1
2842	3051	3052	1
2843	3052	3053	1
2844	3053	3054	1
2845	3054	3055	1
2846	3055	3056	1
2847	3056	3057	1
2848	3057	3058	1
2849	3058	3059	1
2850	3059	3060	1
2851	3060	3061	1
2852	3061	3062	1
2853	3062	3063	1
2854	3063	3064	1
2855	3064	3065	1
2856	3065	3066	1
2857	3066	3067	1
2858	3067	3068	1
2859	3068	3069	1
2860	3069	3070	1
2861	3070	3071	1
2862	3071	3072	1
2863	3072	3073	1
2864	3073	3074	1
2865	3074	3075	1
2866	3075	3076	1
2867	3076	3077	1
2868	3077	3078	1
2869	3078	3079	1
2870	3079	3080	1
2871	3080	3081	1
2872	3081	3082	1
2873	3082	3083	1
2874	3083	3084	1
2875	3084	3085	1
2876	3085	3086	1
2877	3086	3087	1
2878	3087	3088	1
2879	3088	3089	1
2880	3089	3090	1
2881	3090	3091	1
2882	3091	3092	1
2883	3092	3093	1
2884	3093	3094	1
2885	3094	3095	1
2886	3095	3096	1
2887	3096	3097	1
2888	3097	3098	1
2889	3098	3099	1
2890	3099	3100	1
2891	3100	3101	1
2892	3101	3102	1
2893	3102	3103	1
2894	3103	3104	1
2895	3104	3105	1
2896	3105	3106	1
2897	3106	3107	1
2898	3107	3108	1
2899	3108	3109	1
2900	3109	3110	1
2901	3110	3111	1
2902	3111	3112	1
2903	3112	3113	1
2904	3113	3114	1
2905	3114	3115	1
2906	3115	3116	1
2907	3116	3117	1
2908	3117	3118	1
2909	3118	3119	1
2910	3119	3120	1
2911	3120	3121	1
2912	3121	3122	1
2913	3122	3123	1
2914	3123	3124	1
2915	3124	3125	1
2916	3125	3126	1
2917	3126	3127	1
2918	3127	3128	1
2919	3128	3129	1
2920	3129	3130	1
2921	3130	3131	1
2922	3131	3132	1
2923	3132	3133	1
2924	3133	3134	1
2925	3134	3135	1
2926	3135	3136	1
2927	3136	3137	1
2928	3137	3138	1
2929	3138	3139	1
2930	3139	3140	1
2931	3140	3141	1
2932	3141	3142	1
2933	3142	3143	1
2934	3143	3144	1
2935	3144	3145	1
2936	3145	3146	1
2937	3146	3147	1
2938	3147	3148	1
2939	3148	3149	1
2940	3149	3150	1
2941	3150	3151	1
2942	3151	3152	1
2943	3152	3153	1
2944	3153	3154	1
2945	3154	3155	1
2946	3155	3156	1
2947	3156	3157	1
2948	3157	3158	1
2949	3158	3159	1
2950	3159	3160	1
2951	3160	3161	1
2952	3161	3162	1
2953	3162	3163	1
2954	3163	3164	1
2955	3164	3165	1
2956	3165	3166	1
2957	3166	3167	1
2958	3167	3168	1
2959	3168	3169	1
2960	3169	3170	1
2961	3170	3171	1
2962	3171	3172	1
2963	3172	3173	1
2964	3173	3174	1
2965	3174	3175	1
2966	3175	3176	1
2967	3176	3177	1
2968	3177	3178	1
2969	3178	3179	1
2970	3179	3180	1
2971	3180	3181	1
2972	3181	3182	1
2973	3182	3183	1
2974	3183	3184	1
2975	3184	3185	1
2976	3185	3186	1
2977	3186	3187	1
2978	3187	3188	1
2979	3188	3189	1
2980	3189	3190	1
2981	3190	3191	1
2982	3191	3192	1
2983	3192	3193	1
2984	3193	3194	1
2985	3194	3195	1
2986	3195	3196	1
2987	3196	3197	1
2988	3197	3198	1
2989	3198	3199	1
2990	3199	3200	1
2991	3200	3201	1
2992	3201	3202	1
2993	3202	3203	1
2994	3203	3204	1
2995	3204	3205	1
2996	3205	3206	1
2997	3206	3207	1
2998	3207	3208	1
2999	3208	3209	1
3000	3209	3210	1
3001	3210	3211	1
3002	3211	3212	1
3003	3212	3213	1
3004	3213	3214	1
3005	3214	3215	1
3006	3215	3216	1
3007	3216	3217	1
3008	3217	3218	1
3009	3218	3219	1
3010	3219	3220	1
3011	3220	3221	1
3012	3221	3222	1
3013	3222	3223	1
3014	3223	3224	1
3015	3224	3225	1
3016	3225	3226	1
3017	3226	3227	1
3018	3227	3228	1
3019	3228	3229	1
3020	3229	3230	1
3021	3230	3231	1
3022	3231	3232	1
3023	3232	3233	1
3024	3233	3234	1
3025	3234	3235	1
3026	3235	3236	1
3027	3236	3237	1
3028	3237	3238	1
3029	3238	3239	1
3030	3239	3240	1
3031	3240	3241	1
3032	3241	3242	1
3033	3242	3243	1
3034	3243	3244	1
3035	3244	3245	1
3036	3245	3246	1
3037	3246	3247	1
3038	3247	3248	1
3039	3248	3249	1
3040	3249	3250	1
3041	3250	3251	1
3042	3251	3252	1
3043	3252	3253	1
3044	3253	3254	1
3045	3254	3255	1
3046	3255	3256	1
3047	3256	3257	1
3048	3257	3258	1
3049	3258	3259	1
3050	3259	3260	1
3051	3260	3261	1
3052	3261	3262	1
3053	3262	3263	1
3054	3263	3264	1
3055	3264	3265	1
3056	3265	3266	1
3057	3266	3267	1
3058	3267	3268	1
3059	3268	3269	1
3060	3269	3270	1
3061	3270	3271	1
3062	3271	3272	1
3063	3272	3273	1
3064	3273	3274	1
3065	3274	3275	1
3066	3275	3276	1
3067	3276	3277	1
3068	3277	3278	1
3069	3278	3279	1
3070	3279	3280	1
3071	3280	3281	1
3072	3281	3282	1
3073	3282	3283	1
3074	3283	3284	1
3075	3284	3285	1
3076	3285	3286	1
3077	3286	3287	1
3078	3287	3288	1
3079	3288	3289	1
3080	3289	3290	1
3081	3290	3291	1
3082	3291	3292	1
3083	3292	3293	1
3084	3293	3294	1
3085	3294	3295	1
3086	3295	3296	1
3087	3296	3297	1
3088	3297	3298	1
3089	3298	3299	1
3090	3299	3300	1
3091	3300	3301	1
3092	3301	3302	1
3093	3302	3303	1
3094	3303	3304	1
3095	3304	3305	1
3096	3305	3306	1
3097	3306	3307	1
3098	3307	3308	1
3099	3308	3309	1
3100	3309	3310	1
3101	3310	3311	1
3102	3311	3312	1
3103	3312	3313	1
3104	3313	3314	1
3105	3314	3315	1
3106	3315	3316	1
3107	3316	3317	1
3108	3317	3318	1
3109	3318	3319	1
3110	3319	3320	1
3111	3320	3321	1
3112	3321	3322	1
3113	3322	3323	1
3114	3323	3324	1
3115	3324	3325	1
3116	3325	3326	1
3117	3326	3327	1
3118	3327	3328	1
3119	3328	3329	1
3120	3329	3330	1
3121	3330	3331	1
3122	3331	3332	1
3123	3332	3333	1
3124	3333	3334	1
3125	3334	3335	1
3126	3335	3336	1
3127	3336	3337	1
3128	3337	3338	1
3129	3338	3339	1
3130	3339	3340	1
3131	3340	3341	1
3132	3341	3342	1
3133	3342	3343	1
3134	3343	3344	1
3135	3344	3345	1
3136	3345	3346	1
3137	3346	3347	1
3138	3347	3348	1
3139	3348	3349	1
3140	3349	3350	1
3141	3350	3351	1
3142	3351	3352	1
3143	3352	3353	1
3144	3353	3354	1
3145	3354	3355	1
3146	3355	3356	1
3147	3356	3357	1
3148	3357	3358	1
3149	3358	3359	1
3150	3359	3360	1
3151	3360	3361	1
3152	3361	3362	1
3153	3362	3363	1
3154	3363	3364	1
3155	3364	3365	1
3156	3365	3366	1
3157	3366	3367	1
3158	3367	3368	1
3159	3368	3369	1
3160	3369	3370	1
3161	3370	3371	1
3162	3371	3372	1
3163	3372	3373	1
3164	3373	3374	1
3165	3374	3375	1
3166	3375	3376	1
3167	3376	3377	1
3168	3377	3378	1
3169	3378	3379	1
3170	3379	3380	1
3171	3380	3381	1
3172	3381	3382	1
3173	3382	3383	1
3174	3383	3384	1
3175	3384	3385	1
3176	3385	3386	1
3177	3386	3387	1
3178	3387	3388	1
3179	3388	3389	1
3180	3389	3390	1
3181	3390	3391	1
3182	3391	3392	1
3183	3392	3393	1
3184	3393	3394	1
3185	3394	3395	1
3186	3395	3396	1
3187	3396	3397	1
3188	3397	3398	1
3189	3398	3399	1
3190	3399	3400	1
3191	3400	3401	1
3192	3401	3402	1
3193	3402	3403	1
3194	3403	3404	1
3195	3404	3405	1
3196	3405	3406	1
3197	3406	3407	1
3198	3407	3408	1
3199	3408	3409	1
3200	3409	3410	1
3201	3410	3411	1
3202	3411	3412	1
3203	3412	3413	1
3204	3413	3414	1
3205	3414	3415	1
3206	3415	3416	1
3207	3416	3417	1
3208	3417	3418	1
3209	3418	3419	1
3210	3419	3420	1
3211	3420	3421	1
3212	3421	3422	1
3213	3422	3423	1
3214	3423	3424	1
3215	3424	3425	1
3216	3425	3426	1
3217	3426	3427	1
3218	3427	3428	1
3219	3428	3429	1
3220	3429	3430	1
3221	3430	3431	1
3222	3431	3432	1
3223	3432	3433	1
3224	3433	3434	1
3225	3434	3435	1
3226	3435	3436	1
3227	3436	3437	1
3228	3437	3438	1
3229	3438	3439	1
3230	3439	3440	1
3231	3440	3441	1
3232	3441	3442	1
3233	3442	3443	1
3234	3443	3444	1
3235	3444	3445	1
3236	3445	3446	1
3237	3446	3447	1
3238	3447	3448	1
3239	3448	3449	1
3240	3449	3450	1
3241	3450	3451	1
3242	3451	3452	1
3243	3452	3453	1
3244	3453	3454	1
3245	3454	3455	1
3246	3455	3456	1
3247	3456	3457	1
3248	3457	3458	1
3249	3458	3459	1
3250	3459	3460	1
3251	3460	3461	1
3252	3461	3462	1
3253	3462	3463	1
3254	3463	3464	1
3255	3464	3465	1
3256	3465	3466	1
3257	3466	3467	1
3258	3467	3468	1
3259	3468	3469	1
3260	3469	3470	1
3261	3470	3471	1
3262	3471	3472	1
3263	3472	3473	1
3264	3473	3474	1
3265	3474	3475	1
3266	3475	3476	1
3267	3476	3477	1
3268	3477	3478	1
3269	3478	3479	1
3270	3479	3480	1
3271	3480	3481	1
3272	3481	3482	1
3273	3482	3483	1
3274	3483	3484	1
3275	3484	3485	1
3276	3485	3486	1
3277	3486	3487	1
3278	3487	3488	1
3279	3488	3489	1
3280	3489	3490	1
3281	3490	3491	1
3282	3491	3492	1
3283	3492	3493	1
3284	3493	3494	1
3285	3494	3495	1
3286	3495	3496	1
3287	3496	3497	1
3288	3497	3498	1
3289	3498	3499	1
3290	3499	3500	1
3291	3500	3501	1
3292	3501	3502	1
3293	3502	3503	1
3294	3503	3504	1
3295	3504	3505	1
3296	3505	3506	1
3297	3506	3507	1
3298	3507	3508	1
3299	3508	3509	1
3300	3509	3510	1
3301	3510	3511	1
3302	3511	3512	1
3303	3512	3513	1
3304	3513	3514	1
3305	3514	3515	1
3306	3515	3516	1
3307	3516	3517	1
3308	3517	3518	1
3309	3518	3519	1
3310	3519	3520	1
3311	3520	3521	1
3312	3521	3522	1
3313	3522	3523	1
3314	3523	3524	1
3315	3524	3525	1
3316	3525	3526	1
3317	3526	3527	1
3318	3527	3528	1
3319	3528	3529	1
3320	3529	3530	1
3321	3530	3531	1
3322	3531	3532	1
3323	3532	3533	1
3324	3533	3534	1
3325	3534	3535	1
3326	3535	3536	1
3327	3536	3537	1
3328	3537	3538	1
3329	3538	3539	1
3330	3539	3540	1
3331	3540	3541	1
3332	3541	3542	1
3333	3542	3543	1
3334	3543	3544	1
3335	3544	3545	1
3336	3545	3546	1
3337	3546	3547	1
3338	3547	3548	1
3339	3548	3549	1
3340	3549	3550	1
3341	3550	3551	1
3342	3551	3552	1
3343	3552	3553	1
3344	3553	3554	1
3345	3554	3555	1
3346	3555	3556	1
3347	3556	3557	1
3348	3557	3558	1
3349	3558	3559	1
3350	3559	3560	1
3351	3560	3561	1
3352	3561	3562	1
3353	3562	3563	1
3354	3563	3564	1
3355	3564	3565	1
3356	3565	3566	1
3357	3566	3567	1
3358	3567	3568	1
3359	3568	3569	1
3360	3569	3570	1
3361	3570	3571	1
3362	3571	3572	1
3363	3572	3573	1
3364	3573	3574	1
3365	3574	3575	1
3366	3575	3576	1
3367	3576	3577	1
3368	3577	3578	1
3369	3578	3579	1
3370	3579	3580	1
3371	3580	3581	1
3372	3581	3582	1
3373	3582	3583	1
3374	3583	3584	1
3375	3584	3585	1
3376	3585	3586	1
3377	3586	3587	1
3378	3587	3588	1
3379	3588	3589	1
3380	3589	3590	1
3381	3590	3591	1
3382	3591	3592	1
3383	3592	3593	1
3384	3593	3594	1
3385	3594	3595	1
3386	3595	3596	1
3387	3596	3597	1
3388	3597	3598	1
3389	3598	3599	1
3390	3599	3600	1
3391	3600	3601	1
3392	3601	3602	1
3393	3602	3603	1
3394	3603	3604	1
3395	3604	3605	1
3396	3605	3606	1
3397	3606	3607	1
3398	3607	3608	1
3399	3608	3609	1
3400	3609	3610	1
3401	3610	3611	1
3402	3611	3612	1
3403	3612	3613	1
3404	3613	3614	1
3405	3614	3615	1
3406	3615	3616	1
3407	3616	3617	1
3408	3617	3618	1
3409	3618	3619	1
3410	3619	3620	1
3411	3620	3621	1
3412	3621	3622	1
3413	3622	3623	1
3414	3623	3624	1
3415	3624	3625	1
3416	3625	3626	1
3417	3626	3627	1
3418	3627	3628	1
3419	3628	3629	1
3420	3629	3630	1
3421	3630	3631	1
3422	3631	3632	1
3423	3632	3633	1
3424	3633	3634	1
3425	3634	3635	1
3426	3635	3636	1
3427	3636	3637	1
3428	3637	3638	1
3429	3638	3639	1
3430	3639	3640	1
3431	3640	3641	1
3432	3641	3642	1
3433	3642	3643	1
3434	3643	3644	1
3435	3644	3645	1
3436	3645	3646	1
3437	3646	3647	1
3438	3647	3648	1
3439	3648	3649	1
3440	3649	3650	1
3441	3650	3651	1
3442	3651	3652	1
3443	3652	3653	1
3444	3653	3654	1
3445	3654	3655	1
3446	3655	3656	1
3447	3656	3657	1
3448	3657	3658	1
3449	3658	3659	1
3450	3659	3660	1
3451	3660	3661	1
3452	3661	3662	1
3453	3662	3663	1
3454	3663	3664	1
3455	3664	3665	1
3456	3665	3666	1
3457	3666	3667	1
3458	3667	3668	1
3459	3668	3669	1
3460	3669	3670	1
3461	3670	3671	1
3462	3671	3672	1
3463	3672	3673	1
3464	3673	3674	1
3465	3674	3675	1
3466	3675	3676	1
3467	3676	3677	1
3468	3677	3678	1
3469	3678	3679	1
3470	3679	3680	1
3471	3680	3681	1
3472	3681	3682	1
3473	3682	3683	1
3474	3683	3684	1
3475	3684	3685	1
3476	3685	3686	1
3477	3686	3687	1
3478	3687	3688	1
3479	3688	3689	1
3480	3689	3690	1
3481	3690	3691	1
3482	3691	3692	1
3483	3692	3693	1
3484	3693	3694	1
3485	3694	3695	1
3486	3695	3696	1
3487	3696	3697	1
3488	3697	3698	1
3489	3698	3699	1
3490	3699	3700	1
3491	3700	3701	1
3492	3701	3702	1
3493	3702	3703	1
3494	3703	3704	1
3495	3704	3705	1
3496	3705	3706	1
3497	3706	3707	1
3498	3707	3708	1
3499	3708	3709	1
3500	3709	3710	1
3501	3710	3711	1
3502	3711	3712	1
3503	3712	3713	1
3504	3713	3714	1
3505	3714	3715	1
3506	3715	3716	1
3507	3716	3717	1
3508	3717	3718	1
3509	3718	3719	1
3510	3719	3720	1
3511	3720	3721	1
3512	3721	3722	1
3513	3722	3723	1
3514	3723	3724	1
3515	3724	3725	1
3516	3725	3726	1
3517	3726	3727	1
3518	3727	3728	1
3519	3728	3729	1
3520	3729	3730	1
3521	3730	3731	1
3522	3731	3732	1
3523	3732	3733	1
3524	3733	3734	1
3525	3734	3735	1
3526	3735	3736	1
3527	3736	3737	1
3528	3737	3738	1
3529	3738	3739	1
3530	3739	3740	1
3531	3740	3741	1
3532	3741	3742	1
3533	3742	3743	1
3534	3743	3744	1
3535	3744	3745	1
3536	3745	3746	1
3537	3746	3748	2
3538	3748	3750	2
3539	3750	3752	2
3540	3752	3754	2
3541	3754	3756	2
3542	3756	3758	2
3543	3758	3760	2
3544	3760	3762	2
3545	3762	3764	2
3546	3764	3766	2
3547	3766	3768	2
3548	3768	3770	2
3549	3770	3772	2
3550	3772	3774	2
3551	3774	3776	2
3552	3776	3778	2
3553	3778	3780	2
3554	3780	3782	2
3555	3782	3784	2
3556	3784	3786	2
3557	3786	3788	2
3558	3788	3790	2
3559	3790	3792	2
3560	3792	3794	2
3561	3794	3796	2
3562	3796	3798	2
3563	3798	3800	2
3564	3800	3802	2
3565	3802	3804	2
3566	3804	3806	2
3567	3806	3808	2
3568	3808	3810	2
3569	3810	3812	2
3570	3812	3814	2
3571	3814	3816	2
3572	3816	3818	2
3573	3818	3820	2
3574	3820	3822	2
3575	3822	3824	2
3576	3824	3826	2
3577	3826	3828	2
3578	3828	3830	2
3579	3830	3832	2
3580	3832	3834	2
3581	3834	3836	2
3582	3836	3838	2
3583	3838	3840	2
3584	3840	3842	2
3585	3842	3844	2
3586	3844	3846	2
3587	3846	3848	2
3588	3848	3850	2
3589	3850	3852	2
3590	3852	3854	2
3591	3854	3856	2
3592	3856	3858	2
3593	3858	3860	2
3594	3860	3862	2
3595	3862	3864	2
3596	3864	3866	2
3597	3866	3868	2
3598	3868	3870	2
3599	3870	3872	2
3600	3872	3874	2
3601	3874	3876	2
3602	3876	3878	2
3603	3878	3880	2
3604	3880	3882	2
3605	3882	3884	2
3606	3884	3886	2
3607	3886	3888	2
3608	3888	3890	2
3609	3890	3892	2
3610	3892	3894	2
3611	3894	3896	2
3612	3896	3898	2
3613	3898	3900	2
3614	3900	3902	2
3615	3902	3904	2
3616	3904	3906	2
3617	3906	3908	2
3618	3908	3910	2
3619	3910	3912	2
3620	3912	3914	2
3621	3914	3916	2
3622	3916	3918	2
3623	3918	3920	2
3624	3920	3922	2
3625	3922	3924	2
3626	3924	3926	2
3627	3926	3928	2
3628	3928	3930	2
3629	3930	3932	2
3630	3932	3934	2
3631	3934	3936	2
3632	3936	3938	2
3633	3938	3940	2
3634	3940	3942	2
3635	3942	3944	2
3636	3944	3946	2
3637	3946	3948	2
3638	3948	3950	2
3639	3950	3952	2
3640	3952	3954	2
3641	3954	3956	2
3642	3956	3958	2
3643	3958	3960	2
3644	3960	3962	2
3645	3962	3964	2
3646	3964	3966	2
3647	3966	3968	2
3648	3968	3970	2
3649	3970	3972	2
3650	3972	3974	2
3651	3974	3976	2
3652	3976	3978	2
3653	3978	3980	2
3654	3980	3982	2
3655	3982	3984	2
3656	3984	3986	2
3657	3986	3988	2
3658	3988	3990	2
3659	3990	3992	2
3660	3992	3994	2
3661	3994	3996	2
3662	3996	3998	2
3663	3998	4000	2
3664	4000	4002	2
3665	4002	4004	2
3666	4004	4006	2
3667	4006	4008	2
3668	4008	4010	2
3669	4010	4012	2
3670	4012	4014	2
3671	4014	4016	2
3672	4016	4018	2
3673	4018	4020	2
3674	4020	4022	2
3675	4022	4024	2
3676	4024	4026	2
3677	4026	4028	2
3678	4028	4030	2
3679	4030	4032	2
3680	4032	4034	2
3681	4034	4036	2
3682	4036	4038	2
3683	4038	4040	2
3684	4040	4042	2
3685	4042	4044	2
3686	4044	4046	2
3687	4046	4048	2
3688	4048	4050	2
3689	4050	4052	2
3690	4052	4054	2
3691	4054	4056	2
3692	4056	4058	2
3693	4058	4060	2
3694	4060	4062	2
3695	4062	4064	2
3696	4064	4066	2
3697	4066	4068	2
3698	4068	4070	2
3699	4070	4072	2
3700	4072	4074	2
3701	4074	4076	2
3702	4076	4078	2
3703	4078	4080	2
3704	4080	4082	2
3705	4082	4084	2
3706	4084	4086	2
3707	4086	4088	2
3708	4088	4090	2
3709	4090	4092	2
3710	4092	4094	2
3711	4094	4096	2
3712	4096	4098	2
3713	4098	4100	2
3714	4100	4102	2
3715	4102	4104	2
3716	4104	4106	2
3717	4106	4108	2
3718	4108	4110	2
3719	4110	4112	2
3720	4112	4114	2
3721	4114	4116	2
3722	4116	4118	2
3723	4118	4120	2
3724	4120	4122	2
3725	4122	4124	2
3726	4124	4126	2
3727	4126	4128	2
3728	4128	4130	2
3729	4130	4132	2
3730	4132	4134	2
3731	4134	4136	2
3732	4136	4138	2
3733	4138	4140	2
3734	4140	4142	2
3735	4142	4144	2
3736	4144	4146	2
3737	4146	4148	2
3738	4148	4150	2
3739	4150	4152	2
3740	4152	4154	2
3741	4154	4156	2
3742	4156	4158	2
3743	4158	4160	2
3744	4160	4162	2
3745	4162	4164	2
3746	4164	4166	2
3747	4166	4168	2
3748	4168	4170	2
3749	4170	4172	2
3750	4172	4174	2
3751	4174	4176	2
3752	4176	4178	2
3753	4178	4180	2
3754	4180	4182	2
3755	4182	4184	2
3756	4184	4186	2
3757	4186	4188	2
3758	4188	4190	2
3759	4190	4192	2
3760	4192	4194	2
3761	4194	4196	2
3762	4196	4198	2
3763	4198	4200	2
3764	4200	4202	2
3765	4202	4204	2
3766	4204	4206	2
3767	4206	4208	2
3768	4208	4210	2
3769	4210	4212	2
3770	4212	4214	2
3771	4214	4216	2
3772	4216	4218	2
3773	4218	4220	2
3774	4220	4222	2
3775	4222	4224	2
3776	4224	4226	2
3777	4226	4228	2
3778	4228	4230	2
3779	4230	4232	2
3780	4232	4234	2
3781	4234	4236	2
3782	4236	4238	2
3783	4238	4240	2
3784	4240	4242	2
3785	4242	4244	2
3786	4244	4246	2
3787	4246	4248	2
3788	4248	4250	2
3789	4250	4252	2
3790	4252	4254	2
3791	4254	4256	2
3792	4256	4258	2
3793	4258	4260	2
3794	4260	4262	2
3795	4262	4264	2
3796	4264	4266	2
3797	4266	4268	2
3798	4268	4270	2
3799	4270	4272	2
3800	4272	4274	2
3801	4274	4276	2
3802	4276	4278	2
3803	4278	4280	2
3804	4280	4282	2
3805	4282	4284	2
3806	4284	4286	2
3807	4286	4288	2
3808	4288	4290	2
3809	4290	4292	2
3810	4292	4294	2
3811	4294	4296	2
3812	4296	4298	2
3813	4298	4300	2
3814	4300	4302	2
3815	4302	4304	2
3816	4304	4306	2
3817	4306	4308	2
3818	4308	4310	2
3819	4310	4312	2
3820	4312	4314	2
3821	4314	4316	2
3822	4316	4318	2
3823	4318	4320	2
3824	4320	4322	2
3825	4322	4324	2
3826	4324	4326	2
3827	4326	4328	2
3828	4328	4330	2
3829	4330	4332	2
3830	4332	4334	2
3831	4334	4336	2
3832	4336	4338	2
3833	4338	4340	2
3834	4340	4342	2
3835	4342	4344	2
3836	4344	4346	2
3837	4346	4348	2
3838	4348	4350	2
3839	4350	4352	2
3840	4352	4354	2
3841	4354	4356	2
3842	4356	4358	2
3843	4358	4360	2
3844	4360	4362	2
3845	4362	4364	2
3846	4364	4366	2
3847	4366	4368	2
3848	4368	4370	2
3849	4370	4372	2
3850	4372	4374	2
3851	4374	4376	2
3852	4376	4378	2
3853	4378	4380	2
3854	4380	4382	2
3855	4382	4384	2
3856	4384	4386	2
3857	4386	4388	2
3858	4388	4390	2
3859	4390	4392	2
3860	4392	4394	2
3861	4394	4396	2
3862	4396	4398	2
3863	4398	4400	2
3864	4400	4402	2
3865	4402	4404	2
3866	4404	4406	2
3867	4406	4408	2
3868	4408	4410	2
3869	4410	4412	2
3870	4412	4414	2
3871	4414	4416	2
3872	4416	4418	2
3873	4418	4420	2
3874	4420	4422	2
3875	4422	4424	2
3876	4424	4426	2
3877	4426	4428	2
3878	4428	4430	2
3879	4430	4432	2
3880	4432	4434	2
3881	4434	4436	2
3882	4436	4438	2
3883	4438	4440	2
3884	4440	4442	2
3885	4442	4444	2
3886	4444	4446	2
3887	4446	4448	2
3888	4448	4450	2
3889	4450	4452	2
3890	4452	4454	2
3891	4454	4456	2
3892	4456	4458	2
3893	4458	4460	2
3894	4460	4462	2
3895	4462	4464	2
3896	4464	4466	2
3897	4466	4468	2
3898	4468	4470	2
3899	4470	4472	2
3900	4472	4474	2
3901	4474	4476	2
3902	4476	4478	2
3903	4478	4480	2
3904	4480	4482	2
3905	4482	4484	2
3906	4484	4486	2
3907	4486	4488	2
3908	4488	4490	2
3909	4490	4492	2
3910	4492	4494	2
3911	4494	4496	2
3912	4496	4498	2
3913	4498	4500	2
3914	4500	4502	2
3915	4502	4504	2
3916	4504	4506	2
3917	4506	4508	2
3918	4508	4510	2
3919	4510	4512	2
3920	4512	4514	2
3921	4514	4516	2
3922	4516	4518	2
3923	4518	4520	2
3924	4520	4522	2
3925	4522	4524	2
3926	4524	4526	2
3927	4526	4528	2
3928	4528	4530	2
3929	4530	4532	2
3930	4532	4534	2
3931	4534	4536	2
3932	4536	4538	2
3933	4538	4540	2
3934	4540	4542	2
3935	4542	4544	2
3936	4544	4546	2
3937	4546	4548	2
3938	4548	4550	2
3939	4550	4552	2
3940	4552	4554	2
3941	4554	4556	2
3942	4556	4558	2
3943	4558	4560	2
3944	4560	4562	2
3945	4562	4564	2
3946	4564	4566	2
3947	4566	4568	2
3948	4568	4570	2
3949	4570	4572	2
3950	4572	4574	2
3951	4574	4576	2
3952	4576	4578	2
3953	4578	4580	2
3954	4580	4582	2
3955	4582	4584	2
3956	4584	4586	2
3957	4586	4588	2
3958	4588	4590	2
3959	4590	4592	2
3960	4592	4594	2
3961	4594	4596	2
3962	4596	4598	2
3963	4598	4600	2
3964	4600	4602	2
3965	4602	4604	2
3966	4604	4606	2
3967	4606	4608	2
3968	4608	4610	2
3969	4610	4612	2
3970	4612	4614	2
3971	4614	4616	2
3972	4616	4618	2
3973	4618	4620	2
3974	4620	4622	2
3975	4622	4624	2
3976	4624	4626	2
3977	4626	4628	2
3978	4628	4630	2
3979	4630	4632	2
3980	4632	4634	2
3981	4634	4636	2
3982	4636	4638	2
3983	4638	4640	2
3984	4640	4642	2
3985	4642	4644	2
3986	4644	4646	2
3987	4646	4648	2
3988	4648	4650	2
3989	4650	4652	2
3990	4652	4654	2
3991	4654	4656	2
3992	4656	4658	2
3993	4658	4660	2
3994	4660	4662	2
3995	4662	4664	2
3996	4664	4666	2
3997	4666	4668	2
3998	4668	4670	2
3999	4670	4672	2
4000	4672	4674	2
4001	4674	4676	2
4002	4676	4678	2
4003	4678	4680	2
4004	4680	4682	2
4005	4682	4684	2
4006	4684	4686	2
4007	4686	4688	2
4008	4688	4690	2
4009	4690	4692	2
4010	4692	4694	2
4011	4694	4696	2
4012	4696	4698	2
4013	4698	4700	2
4014	4700	4702	2
4015	4702	4704	2
4016	4704	4706	2
4017	4706	4708	2
4018	4708	4710	2
4019	4710	4712	2
4020	4712	4714	2
4021	4714	4716	2
4022	4716	4718	2
4023	4718	4720	2
4024	4720	4722	2
4025	4722	4724	2
4026	4724	4726	2
4027	4726	4728	2
4028	4728	4730	2
4029	4730	4732	2
4030	4732	4734	2
4031	4734	4736	2
4032	4736	4738	2
4033	4738	4740	2
4034	4740	4742	2
4035	4742	4744	2
4036	4744	4746	2
4037	4746	4748	2
4038	4748	4750	2
4039	4750	4752	2
4040	4752	4754	2
4041	4754	4756	2
4042	4756	4758	2
4043	4758	4760	2
4044	4760	4762	2
4045	4762	4764	2
4046	4764	4766	2
4047	4766	4768	2
4048	4768	4770	2
4049	4770	4772	2
4050	4772	4774	2
4051	4774	4776	2
4052	4776	4778	2
4053	4778	4780	2
4054	4780	4782	2
4055	4782	4784	2
4056	4784	4786	2
4057	4786	4788	2
4058	4788	4790	2
4059	4790	4792	2
4060	4792	4794	2
4061	4794	4796	2
4062	4796	4798	2
4063	4798	4800	2
4064	4800	4802	2
4065	4802	4804	2
4066	4804	4806	2
4067	4806	4808	2
4068	4808	4810	2
4069	4810	4812	2
4070	4812	4814	2
4071	4814	4816	2
4072	4816	4818	2
4073	4818	4820	2
4074	4820	4822	2
4075	4822	4824	2
4076	4824	4826	2
4077	4826	4828	2
4078	4828	4830	2
4079	4830	4832	2
4080	4832	4834	2
4081	4834	4836	2
4082	4836	4838	2
4083	4838	4840	2
4084	4840	4842	2
4085	4842	4844	2
4086	4844	4846	2
4087	4846	4848	2
4088	4848	4850	2
4089	4850	4852	2
4090	4852	4854	2
4091	4854	4856	2
4092	4856	4858	2
4093	4858	4860	2
4094	4860	4862	2
4095	4862	4864	2
4096	4864	4866	2
4097	4866	4868	2
4098	4868	4870	2
4099	4870	4872	2
4100	4872	4874	2
4101	4874	4876	2
4102	4876	4878	2
4103	4878	4880	2
4104	4880	4882	2
4105	4882	4884	2
4106	4884	4886	2
4107	4886	4888	2
4108	4888	4890	2
4109	4890	4892	2
4110	4892	4894	2
4111	4894	4896	2
4112	4896	4898	2
4113	4898	4900	2
4114	4900	4902	2
4115	4902	4904	2
4116	4904	4906	2
4117	4906	4908	2
4118	4908	4910	2
4119	4910	4912	2
4120	4912	4914	2
4121	4914	4916	2
4122	4916	4918	2
4123	4918	4920	2
4124	4920	4922	2
4125	4922	4924	2
4126	4924	4926	2
4127	4926	4928	2
4128	4928	4930	2
4129	4930	4932	2
4130	4932	4934	2
4131	4934	4936	2
4132	4936	4938	2
4133	4938	4940	2
4134	4940	4942	2
4135	4942	4944	2
4136	4944	4946	2
4137	4946	4948	2
4138	4948	4950	2
4139	4950	4952	2
4140	4952	4954	2
4141	4954	4956	2
4142	4956	4958	2
4143	4958	4960	2
4144	4960	4962	2
4145	4962	4964	2
4146	4964	4966	2
4147	4966	4968	2
4148	4968	4970	2
4149	4970	4972	2
4150	4972	4974	2
4151	4974	4976	2
4152	4976	4978	2
4153	4978	4980	2
4154	4980	4982	2
4155	4982	4984	2
4156	4984	4986	2
4157	4986	4988	2
4158	4988	4990	2
4159	4990	4992	2
4160	4992	4994	2
4161	4994	4996	2
4162	4996	4998	2
4163	4998	5000	2
4164	5000	5002	2
4165	5002	5004	2
4166	5004	5006	2
4167	5006	5008	2
4168	5008	5010	2
4169	5010	5012	2
4170	5012	5014	2
4171	5014	5016	2
4172	5016	5018	2
4173	5018	5020	2
4174	5020	5022	2
4175	5022	5024	2
4176	5024	5026	2
4177	5026	5028	2
4178	5028	5030	2
4179	5030	5032	2
4180	5032	5034	2
4181	5034	5036	2
4182	5036	5038	2
4183	5038	5040	2
4184	5040	5042	2
4185	5042	5044	2
4186	5044	5046	2
4187	5046	5048	2
4188	5048	5050	2
4189	5050	5052	2
4190	5052	5054	2
4191	5054	5056	2
4192	5056	5058	2
4193	5058	5060	2
4194	5060	5062	2
4195	5062	5064	2
4196	5064	5066	2
4197	5066	5068	2
4198	5068	5070	2
4199	5070	5072	2
4200	5072	5074	2
4201	5074	5076	2
4202	5076	5078	2
4203	5078	5080	2
4204	5080	5082	2
4205	5082	5084	2
4206	5084	5086	2
4207	5086	5088	2
4208	5088	5090	2
4209	5090	5092	2
4210	5092	5094	2
4211	5094	5096	2
4212	5096	5098	2
4213	5098	5100	2
4214	5100	5102	2
4215	5102	5104	2
4216	5104	5106	2
4217	5106	5108	2
4218	5108	5110	2
4219	5110	5112	2
4220	5112	5114	2
4221	5114	5116	2
4222	5116	5118	2
4223	5118	5120	2
4224	5120	5122	2
4225	5122	5124	2
4226	5124	5126	2
4227	5126	5128	2
4228	5128	5130	2
4229	5130	5132	2
4230	5132	5134	2
4231	5134	5136	2
4232	5136	5138	2
4233	5138	5140	2
4234	5140	5142	2
4235	5142	5144	2
4236	5144	5146	2
4237	5146	5148	2
4238	5148	5150	2
4239	5150	5152	2
4240	5152	5154	2
4241	5154	5156	2
4242	5156	5158	2
4243	5158	5160	2
4244	5160	5162	2
4245	5162	5164	2
4246	5164	5166	2
4247	5166	5168	2
4248	5168	5170	2
4249	5170	5172	2
4250	5172	5174	2
4251	5174	5176	2
4252	5176	5178	2
4253	5178	5180	2
4254	5180	5182	2
4255	5182	5184	2
4256	5184	5186	2
4257	5186	5188	2
4258	5188	5190	2
4259	5190	5192	2
4260	5192	5194	2
4261	5194	5196	2
4262	5196	5198	2
4263	5198	5200	2
4264	5200	5202	2
4265	5202	5204	2
4266	5204	5206	2
4267	5206	5208	2
4268	5208	5210	2
4269	5210	5212	2
4270	5212	5214	2
4271	5214	5216	2
4272	5216	5218	2
4273	5218	5220	2
4274	5220	5222	2
4275	5222	5224	2
4276	5224	5226	2
4277	5226	5228	2
4278	5228	5230	2
4279	5230	5232	2
4280	5232	5234	2
4281	5234	5236	2
4282	5236	5238	2
4283	5238	5240	2
4284	5240	5242	2
4285	5242	5244	2
4286	5244	5246	2
4287	5246	5248	2
4288	5248	5250	2
4289	5250	5252	2
4290	5252	5254	2
4291	5254	5256	2
4292	5256	5258	2
4293	5258	5260	2
4294	5260	5262	2
4295	5262	5264	2
4296	5264	5266	2
4297	5266	5268	2
4298	5268	5270	2
4299	5270	5272	2
4300	5272	5274	2
4301	5274	5276	2
4302	5276	5278	2
4303	5278	5280	2
4304	5280	5282	2
4305	5282	5284	2
4306	5284	5286	2
4307	5286	5288	2
4308	5288	5290	2
4309	5290	5292	2
4310	5292	5294	2
4311	5294	5296	2
4312	5296	5298	2
4313	5298	5300	2
4314	5300	5302	2
4315	5302	5304	2
4316	5304	5306	2
4317	5306	5308	2
4318	5308	5310	2
4319	5310	5312	2
4320	5312	5314	2
4321	5314	5316	2
4322	5316	5318	2
4323	5318	5320	2
4324	5320	5322	2
4325	5322	5324	2
4326	5324	5326	2
4327	5326	5328	2
4328	5328	5330	2
4329	5330	5332	2
4330	5332	5334	2
4331	5334	5336	2
4332	5336	5338	2
4333	5338	5340	2
4334	5340	5342	2
4335	5342	5344	2
4336	5344	5346	2
4337	5346	5348	2
4338	5348	5350	2
4339	5350	5352	2
4340	5352	5354	2
4341	5354	5356	2
4342	5356	5358	2
4343	5358	5360	2
4344	5360	5362	2
4345	5362	5364	2
4346	5364	5366	2
4347	5366	5368	2
4348	5368	5370	2
4349	5370	5372	2
4350	5372	5374	2
4351	5374	5376	2
4352	5376	5378	2
4353	5378	5380	2
4354	5380	5382	2
4355	5382	5384	2
4356	5384	5386	2
4357	5386	5388	2
4358	5388	5390	2
4359	5390	5392	2
4360	5392	5394	2
4361	5394	5396	2
4362	5396	5398	2
4363	5398	5400	2
4364	5400	5402	2
4365	5402	5404	2
4366	5404	5406	2
4367	5406	5408	2
4368	5408	5410	2
4369	5410	5412	2
4370	5412	5414	2
4371	5414	5416	2
4372	5416	5418	2
4373	5418	5420	2
4374	5420	5422	2
4375	5422	5424	2
4376	5424	5426	2
4377	5426	5428	2
4378	5428	5430	2
4379	5430	5433	3
4380	5433	5436	3
4381	5436	5439	3
4382	5439	5442	3
4383	5442	5445	3
4384	5445	5448	3
4385	5448	5451	3
4386	5451	5454	3
4387	5454	5457	3
4388	5457	5460	3
4389	5460	5463	3
4390	5463	5466	3
4391	5466	5469	3
4392	5469	5472	3
4393	5472	5475	3
4394	5475	5478	3
4395	5478	5481	3
4396	5481	5484	3
4397	5484	5487	3
4398	5487	5490	3
4399	5490	5493	3
4400	5493	5496	3
4401	5496	5499	3
4402	5499	5502	3
4403	5502	5505	3
4404	5505	5508	3
4405	5508	5511	3
4406	5511	5514	3
4407	5514	5517	3
4408	5517	5520	3
4409	5520	5523	3
4410	5523	5526	3
4411	5526	5529	3
4412	5529	5532	3
4413	5532	5535	3
4414	5535	5538	3
4415	5538	5541	3
4416	5541	5544	3
4417	5544	5547	3
4418	5547	5550	3
4419	5550	5553	3
4420	5553	5556	3
4421	5556	5559	3
4422	5559	5562	3
4423	5562	5565	3
4424	5565	5568	3
4425	5568	5571	3
4426	5571	5574	3
4427	5574	5577	3
4428	5577	5580	3
4429	5580	5583	3
4430	5583	5586	3
4431	5586	5589	3
4432	5589	5592	3
4433	5592	5595	3
4434	5595	5598	3
4435	5598	5601	3
4436	5601	5604	3
4437	5604	5607	3
4438	5607	5610	3
4439	5610	5613	3
4440	5613	5616	3
4441	5616	5619	3
4442	5619	5622	3
4443	5622	5625	3
4444	5625	5628	3
4445	5628	5631	3
4446	5631	5634	3
4447	5634	5637	3
4448	5637	5640	3
4449	5640	5643	3
4450	5643	5646	3
4451	5646	5649	3
4452	5649	5652	3
4453	5652	5655	3
4454	5655	5658	3
4455	5658	5661	3
4456	5661	5664	3
4457	5664	5667	3
4458	5667	5670	3
4459	5670	5673	3
4460	5673	5676	3
4461	5676	5679	3
4462	5679	5682	3
4463	5682	5685	3
4464	5685	5688	3
4465	5688	5691	3
4466	5691	5694	3
4467	5694	5697	3
4468	5697	5700	3
4469	5700	5703	3
4470	5703	5706	3
4471	5706	5709	3
4472	5709	5712	3
4473	5712	5715	3
4474	5715	5718	3
4475	5718	5721	3
4476	5721	5724	3
4477	5724	5727	3
4478	5727	5730	3
4479	5730	5733	3
4480	5733	5736	3
4481	5736	5739	3
4482	5739	5742	3
4483	5742	5745	3
4484	5745	5748	3
4485	5748	5751	3
4486	5751	5754	3
4487	5754	5757	3
4488	5757	5760	3
4489	5760	5763	3
4490	5763	5766	3
4491	5766	5769	3
4492	5769	5772	3
4493	5772	5775	3
4494	5775	5778	3
4495	5778	5781	3
4496	5781	5784	3
4497	5784	5787	3
4498	5787	5790	3
4499	5790	5793	3
4500	5793	5796	3
4501	5796	5799	3
4502	5799	5802	3
4503	5802	5805	3
4504	5805	5808	3
4505	5808	5811	3
4506	5811	5814	3
4507	5814	5817	3
4508	5817	5820	3
4509	5820	5823	3
4510	5823	5826	3
4511	5826	5829	3
4512	5829	5832	3
4513	5832	5835	3
4514	5835	5838	3
4515	5838	5841	3
4516	5841	5844	3
4517	5844	5847	3
4518	5847	5850	3
4519	5850	5853	3
4520	5853	5856	3
4521	5856	5859	3
4522	5859	5862	3
4523	5862	5865	3
4524	5865	5868	3
4525	5868	5871	3
4526	5871	5874	3
4527	5874	5877	3
4528	5877	5880	3
4529	5880	5883	3
4530	5883	5886	3
4531	5886	5889	3
4532	5889	5892	3
4533	5892	5895	3
4534	5895	5898	3
4535	5898	5901	3
4536	5901	5904	3
4537	5904	5907	3
4538	5907	5910	3
4539	5910	5913	3
4540	5913	5916	3
4541	5916	5919	3
4542	5919	5922	3
4543	5922	5925	3
4544	5925	5928	3
4545	5928	5931	3
4546	5931	5934	3
4547	5934	5937	3
4548	5937	5940	3
4549	5940	5943	3
4550	5943	5946	3
4551	5946	5949	3
4552	5949	5952	3
4553	5952	5955	3
4554	5955	5958	3
4555	5958	5961	3
4556	5961	5964	3
4557	5964	5967	3
4558	5967	5970	3
4559	5970	5973	3
4560	5973	5976	3
4561	5976	5979	3
4562	5979	5982	3
4563	5982	5985	3
4564	5985	5988	3
4565	5988	5991	3
4566	5991	5994	3
4567	5994	5997	3
4568	5997	6000	3
4569	6000	6003	3
4570	6003	6006	3
4571	6006	6009	3
4572	6009	6012	3
4573	6012	6015	3
4574	6015	6018	3
4575	6018	6021	3
4576	6021	6024	3
4577	6024	6027	3
4578	6027	6030	3
4579	6030	6033	3
4580	6033	6036	3
4581	6036	6039	3
4582	6039	6042	3
4583	6042	6045	3
4584	6045	6048	3
4585	6048	6051	3
4586	6051	6054	3
4587	6054	6057	3
4588	6057	6060	3
4589	6060	6063	3
4590	6063	6066	3
4591	6066	6069	3
4592	6069	6072	3
4593	6072	6075	3
4594	6075	6078	3
4595	6078	6081	3
4596	6081	6084	3
4597	6084	6087	3
4598	6087	6090	3
4599	6090	6093	3
4600	6093	6096	3
4601	6096	6099	3
4602	6099	6102	3
4603	6102	6105	3
4604	6105	6108	3
4605	6108	6111	3
4606	6111	6114	3
4607	6114	6117	3
4608	6117	6120	3
4609	6120	6123	3
4610	6123	6126	3
4611	6126	6129	3
4612	6129	6132	3
4613	6132	6135	3
4614	6135	6138	3
4615	6138	6141	3
4616	6141	6144	3
4617	6144	6147	3
4618	6147	6150	3
4619	6150	6153	3
4620	6153	6156	3
4621	6156	6159	3
4622	6159	6162	3
4623	6162	6165	3
4624	6165	6168	3
4625	6168	6171	3
4626	6171	6174	3
4627	6174	6177	3
4628	6177	6180	3
4629	6180	6183	3
4630	6183	6186	3
4631	6186	6189	3
4632	6189	6192	3
4633	6192	6195	3
4634	6195	6198	3
4635	6198	6201	3
4636	6201	6204	3
4637	6204	6207	3
4638	6207	6210	3
4639	6210	6213	3
4640	6213	6216	3
4641	6216	6219	3
4642	6219	6222	3
4643	6222	6225	3
4644	6225	6228	3
4645	6228	6231	3
4646	6231	6234	3
4647	6234	6237	3
4648	6237	6240	3
4649	6240	6243	3
4650	6243	6246	3
4651	6246	6249	3
4652	6249	6252	3
4653	6252	6255	3
4654	6255	6258	3
4655	6258	6261	3
4656	6261	6264	3
4657	6264	6267	3
4658	6267	6270	3
4659	6270	6273	3
4660	6273	6276	3
4661	6276	6279	3
4662	6279	6282	3
4663	6282	6285	3
4664	6285	6288	3
4665	6288	6291	3
4666	6291	6294	3
4667	6294	6297	3
4668	6297	6300	3
4669	6300	6303	3
4670	6303	6306	3
4671	6306	6309	3
4672	6309	6312	3
4673	6312	6315	3
4674	6315	6318	3
4675	6318	6321	3
4676	6321	6324	3
4677	6324	6327	3
4678	6327	6330	3
4679	6330	6333	3
4680	6333	6336	3
4681	6336	6339	3
4682	6339	6342	3
4683	6342	6345	3
4684	6345	6348	3
4685	6348	6351	3
4686	6351	6354	3
4687	6354	6357	3
4688	6357	6360	3
4689	6360	6363	3
4690	6363	6366	3
4691	6366	6369	3
4692	6369	6372	3
4693	6372	6375	3
4694	6375	6378	3
4695	6378	6381	3
4696	6381	6384	3
4697	6384	6387	3
4698	6387	6390	3
4699	6390	6393	3
4700	6393	6396	3
4701	6396	6399	3
4702	6399	6402	3
4703	6402	6405	3
4704	6405	6408	3
4705	6408	6411	3
4706	6411	6414	3
4707	6414	6417	3
4708	6417	6420	3
4709	6420	6423	3
4710	6423	6426	3
4711	6426	6429	3
4712	6429	6432	3
4713	6432	6435	3
4714	6435	6438	3
4715	6438	6441	3
4716	6441	6444	3
4717	6444	6447	3
4718	6447	6450	3
4719	6450	6453	3
4720	6453	6456	3
4721	6456	6459	3
4722	6459	6462	3
4723	6462	6465	3
4724	6465	6468	3
4725	6468	6471	3
4726	6471	6474	3
4727	6474	6477	3
4728	6477	6480	3
4729	6480	6483	3
4730	6483	6486	3
4731	6486	6489	3
4732	6489	6492	3
4733	6492	6495	3
4734	6495	6498	3
4735	6498	6501	3
4736	6501	6504	3
4737	6504	6507	3
4738	6507	6510	3
4739	6510	6513	3
4740	6513	6516	3
4741	6516	6519	3
4742	6519	6522	3
4743	6522	6525	3
4744	6525	6528	3
4745	6528	6531	3
4746	6531	6534	3
4747	6534	6537	3
4748	6537	6540	3
4749	6540	6543	3
4750	6543	6546	3
4751	6546	6549	3
4752	6549	6552	3
4753	6552	6555	3
4754	6555	6558	3
4755	6558	6561	3
4756	6561	6564	3
4757	6564	6567	3
4758	6567	6570	3
4759	6570	6573	3
4760	6573	6576	3
4761	6576	6579	3
4762	6579	6582	3
4763	6582	6585	3
4764	6585	6588	3
4765	6588	6591	3
4766	6591	6594	3
4767	6594	6597	3
4768	6597	6600	3
4769	6600	6603	3
4770	6603	6606	3
4771	6606	6609	3
4772	6609	6612	3
4773	6612	6615	3
4774	6615	6618	3
4775	6618	6621	3
4776	6621	6624	3
4777	6624	6627	3
4778	6627	6630	3
4779	6630	6633	3
4780	6633	6636	3
4781	6636	6639	3
4782	6639	6642	3
4783	6642	6645	3
4784	6645	6648	3
4785	6648	6651	3
4786	6651	6654	3
4787	6654	6657	3
4788	6657	6660	3
4789	6660	6663	3
4790	6663	6666	3
4791	6666	6669	3
4792	6669	6672	3
4793	6672	6675	3
4794	6675	6678	3
4795	6678	6681	3
4796	6681	6684	3
4797	6684	6687	3
4798	6687	6690	3
4799	6690	6693	3
4800	6693	6696	3
4801	6696	6699	3
4802	6699	6702	3
4803	6702	6705	3
4804	6705	6709	4
4805	6709	6713	4
4806	6713	6717	4
4807	6717	6721	4
4808	6721	6725	4
4809	6725	6729	4
4810	6729	6733	4
4811	6733	6737	4
4812	6737	6741	4
4813	6741	6745	4
4814	6745	6749	4
4815	6749	6753	4
4816	6753	6757	4
4817	6757	6761	4
4818	6761	6765	4
4819	6765	6769	4
4820	6769	6773	4
4821	6773	6777	4
4822	6777	6781	4
4823	6781	6785	4
4824	6785	6789	4
4825	6789	6793	4
4826	6793	6797	4
4827	6797	6801	4
4828	6801	6805	4
4829	6805	6809	4
4830	6809	6813	4
4831	6813	6817	4
4832	6817	6821	4
4833	6821	6825	4
4834	6825	6829	4
4835	6829	6833	4
4836	6833	6837	4
4837	6837	6841	4
4838	6841	6845	4
4839	6845	6849	4
4840	6849	6853	4
4841	6853	6857	4
4842	6857	6861	4
4843	6861	6865	4
4844	6865	6869	4
4845	6869	6873	4
4846	6873	6877	4
4847	6877	6881	4
4848	6881	6885	4
4849	6885	6889	4
4850	6889	6893	4
4851	6893	6897	4
4852	6897	6901	4
4853	6901	6905	4
4854	6905	6909	4
4855	6909	6913	4
4856	6913	6917	4
4857	6917	6921	4
4858	6921	6925	4
4859	6925	6929	4
4860	6929	6933	4
4861	6933	6937	4
4862	6937	6941	4
4863	6941	6945	4
4864	6945	6949	4
4865	6949	6953	4
4866	6953	6957	4
4867	6957	6961	4
4868	6961	6965	4
4869	6965	6969	4
4870	6969	6973	4
4871	6973	6977	4
4872	6977	6981	4
4873	6981	6985	4
4874	6985	6989	4
4875	6989	6993	4
4876	6993	6997	4
4877	6997	7001	4
4878	7001	7005	4
4879	7005	7009	4
4880	7009	7013	4
4881	7013	7017	4
4882	7017	7021	4
4883	7021	7025	4
4884	7025	7029	4
4885	7029	7033	4
4886	7033	7037	4
4887	7037	7041	4
4888	7041	7045	4
4889	7045	7049	4
4890	7049	7053	4
4891	7053	7057	4
4892	7057	7061	4
4893	7061	7065	4
4894	7065	7069	4
4895	7069	7073	4
4896	7073	7077	4
4897	7077	7081	4
4898	7081	7085	4
4899	7085	7089	4
4900	7089	7093	4
4901	7093	7097	4
4902	7097	7101	4
4903	7101	7105	4
4904	7105	7109	4
4905	7109	7113	4
4906	7113	7117	4
4907	7117	7121	4
4908	7121	7125	4
4909	7125	7129	4
4910	7129	7133	4
4911	7133	7137	4
4912	7137	7141	4
4913	7141	7145	4
4914	7145	7149	4
4915	7149	7153	4
4916	7153	7157	4
4917	7157	7161	4
4918	7161	7165	4
4919	7165	7169	4
4920	7169	7173	4
4921	7173	7177	4
4922	7177	7181	4
4923	7181	7185	4
4924	7185	7189	4
4925	7189	7193	4
4926	7193	7197	4
4927	7197	7201	4
4928	7201	7205	4
4929	7205	7209	4
4930	7209	7213	4
4931	7213	7217	4
4932	7217	7221	4
4933	7221	7225	4
4934	7225	7229	4
4935	7229	7233	4
4936	7233	7237	4
4937	7237	7241	4
4938	7241	7245	4
4939	7245	7249	4
4940	7249	7253	4
4941	7253	7257	4
4942	7257	7261	4
4943	7261	7265	4
4944	7265	7269	4
4945	7269	7273	4
4946	7273	7277	4
4947	7277	7281	4
4948	7281	7285	4
4949	7285	7289	4
4950	7289	7293	4
4951	7293	7297	4
4952	7297	7301	4
4953	7301	7305	4
4954	7305	7309	4
4955	7309	7313	4
4956	7313	7317	4
4957	7317	7321	4
4958	7321	7325	4
4959	7325	7329	4
4960	7329	7333	4
4961	7333	7337	4
4962	7337	7341	4
4963	7341	7345	4
4964	7345	7349	4
4965	7349	7353	4
4966	7353	7357	4
4967	7357	7361	4
4968	7361	7365	4
4969	7365	7369	4
4970	7369	7373	4
4971	7373	7377	4
4972	7377	7381	4
4973	7381	7385	4
4974	7385	7389	4
4975	7389	7393	4
4976	7393	7397	4
4977	7397	7401	4
4978	7401	7405	4
4979	7405	7409	4
4980	7409	7413	4
4981	7413	7417	4
4982	7417	7421	4
4983	7421	7425	4
4984	7425	7429	4
4985	7429	7433	4
4986	7433	7437	4
4987	7437	7441	4
4988	7441	7445	4
4989	7445	7449	4
4990	7449	7453	4
4991	7453	7457	4
4992	7457	7461	4
4993	7461	7465	4
4994	7465	7469	4
4995	7469	7473	4
4996	7473	7477	4
4997	7477	7481	4
4998	7481	7485	4
4999	7485	7489	4
5000	7489	7493	4
5001	7493	7497	4
5002	7497	7501	4
5003	7501	7505	4
5004	7505	7509	4
5005	7509	7513	4
5006	7513	7517	4
5007	7517	7521	4
5008	7521	7525	4
5009	7525	7529	4
5010	7529	7533	4
5011	7533	7537	4
5012	7537	7541	4
5013	7541	7545	4
5014	7545	7549	4
5015	7549	7553	4
5016	7553	7557	4
5017	7557	7561	4
5018	7561	7565	4
5019	7565	7569	4
5020	7569	7573	4
5021	7573	7577	4
5022	7577	7581	4
5023	7581	7585	4
5024	7585	7589	4
5025	7589	7593	4
5026	7593	7597	4
5027	7597	7601	4
5028	7601	7605	4
5029	7605	7609	4
5030	7609	7613	4
5031	7613	7617	4
5032	7617	7621	4
5033	7621	7625	4
5034	7625	7629	4
5035	7629	7633	4
5036	7633	7637	4
5037	7637	7641	4
5038	7641	7645	4
5039	7645	7649	4
5040	7649	7653	4
5041	7653	7657	4
5042	7657	7661	4
5043	7661	7665	4
5044	7665	7669	4
5045	7669	7673	4
5046	7673	7677	4
5047	7677	7681	4
5048	7681	7685	4
5049	7685	7689	4
5050	7689	7693	4
5051	7693	7697	4
5052	7697	7701	4
5053	7701	7705	4
5054	7705	7709	4
5055	7709	7713	4
5056	7713	7717	4
5057	7717	7721	4
5058	7721	7725	4
5059	7725	7729	4
5060	7729	7733	4
5061	7733	7737	4
5062	7737	7741	4
5063	7741	7745	4
5064	7745	7749	4
5065	7749	7753	4
5066	7753	7758	5
5067	7758	7763	5
5068	7763	7768	5
5069	7768	7773	5
5070	7773	7778	5
5071	7778	7783	5
5072	7783	7788	5
5073	7788	7793	5
5074	7793	7798	5
5075	7798	7803	5
5076	7803	7808	5
5077	7808	7813	5
5078	7813	7818	5
5079	7818	7823	5
5080	7823	7828	5
5081	7828	7833	5
5082	7833	7838	5
5083	7838	7843	5
5084	7843	7848	5
5085	7848	7853	5
5086	7853	7858	5
5087	7858	7863	5
5088	7863	7868	5
5089	7868	7873	5
5090	7873	7878	5
5091	7878	7883	5
5092	7883	7888	5
5093	7888	7893	5
5094	7893	7898	5
5095	7898	7903	5
5096	7903	7908	5
5097	7908	7913	5
5098	7913	7918	5
5099	7918	7923	5
5100	7923	7928	5
5101	7928	7933	5
5102	7933	7938	5
5103	7938	7943	5
5104	7943	7948	5
5105	7948	7953	5
5106	7953	7958	5
5107	7958	7963	5
5108	7963	7968	5
5109	7968	7973	5
5110	7973	7978	5
5111	7978	7983	5
5112	7983	7988	5
5113	7988	7993	5
5114	7993	7998	5
5115	7998	8003	5
5116	8003	8008	5
5117	8008	8013	5
5118	8013	8018	5
5119	8018	8023	5
5120	8023	8028	5
5121	8028	8033	5
5122	8033	8038	5
5123	8038	8043	5
5124	8043	8048	5
5125	8048	8053	5
5126	8053	8058	5
5127	8058	8063	5
5128	8063	8068	5
5129	8068	8073	5
5130	8073	8078	5
5131	8078	8083	5
5132	8083	8088	5
5133	8088	8093	5
5134	8093	8098	5
5135	8098	8103	5
5136	8103	8108	5
5137	8108	8113	5
5138	8113	8118	5
5139	8118	8123	5
5140	8123	8128	5
5141	8128	8133	5
5142	8133	8138	5
5143	8138	8143	5
5144	8143	8148	5
5145	8148	8153	5
5146	8153	8158	5
5147	8158	8163	5
5148	8163	8168	5
5149	8168	8173	5
5150	8173	8178	5
5151	8178	8183	5
5152	8183	8188	5
5153	8188	8193	5
5154	8193	8198	5
5155	8198	8203	5
5156	8203	8208	5
5157	8208	8213	5
5158	8213	8218	5
5159	8218	8223	5
5160	8223	8228	5
5161	8228	8233	5
5162	8233	8238	5
5163	8238	8243	5
5164	8243	8248	5
5165	8248	8253	5
5166	8253	8258	5
5167	8258	8263	5
5168	8263	8268	5
5169	8268	8273	5
5170	8273	8278	5
5171	8278	8283	5
5172	8283	8288	5
5173	8288	8293	5
5174	8293	8298	5
5175	8298	8303	5
5176	8303	8308	5
5177	8308	8313	5
5178	8313	8318	5
5179	8318	8323	5
5180	8323	8328	5
5181	8328	8333	5
5182	8333	8338	5
5183	8338	8343	5
5184	8343	8348	5
5185	8348	8353	5
5186	8353	8358	5
5187	8358	8363	5
5188	8363	8368	5
5189	8368	8373	5
5190	8373	8378	5
5191	8378	8383	5
5192	8383	8388	5
5193	8388	8393	5
5194	8393	8398	5
5195	8398	8403	5
5196	8403	8408	5
5197	8408	8413	5
5198	8413	8418	5
5199	8418	8423	5
5200	8423	8428	5
5201	8428	8433	5
5202	8433	8438	5
5203	8438	8443	5
5204	8443	8448	5
5205	8448	8453	5
5206	8453	8458	5
5207	8458	8463	5
5208	8463	8468	5
5209	8468	8473	5
5210	8473	8478	5
5211	8478	8483	5
5212	8483	8488	5
5213	8488	8493	5
5214	8493	8498	5
5215	8498	8503	5
5216	8503	8508	5
5217	8508	8513	5
5218	8513	8518	5
5219	8518	8523	5
5220	8523	8528	5
5221	8528	8533	5
5222	8533	8538	5
5223	8538	8543	5
5224	8543	8548	5
5225	8548	8553	5
5226	8553	8558	5
5227	8558	8563	5
5228	8563	8568	5
5229	8568	8573	5
5230	8573	8578	5
5231	8578	8583	5
5232	8583	8588	5
5233	8588	8593	5
5234	8593	8598	5
5235	8598	8603	5
5236	8603	8608	5
5237	8608	8613	5
5238	8613	8618	5
5239	8618	8623	5
5240	8623	8628	5
5241	8628	8633	5
5242	8633	8638	5
5243	8638	8643	5
5244	8643	8648	5
5245	8648	8653	5
5246	8653	8658	5
5247	8658	8663	5
5248	8663	8668	5
5249	8668	8673	5
5250	8673	8678	5
5251	8678	8683	5
5252	8683	8688	5
5253	8688	8693	5
5254	8693	8698	5
5255	8698	8703	5
5256	8703	8708	5
5257	8708	8713	5
5258	8713	8718	5
5259	8718	8723	5
5260	8723	8728	5
5261	8728	8733	5
5262	8733	8738	5
5263	8738	8743	5
5264	8743	8748	5
5265	8748	8753	5
5266	8753	8758	5
5267	8758	8763	5
5268	8763	8768	5
5269	8768	8773	5
5270	8773	8778	5
5271	8778	8784	6
5272	8784	8790	6
5273	8790	8796	6
5274	8796	8802	6
5275	8802	8808	6
5276	8808	8814	6
5277	8814	8820	6
5278	8820	8826	6
5279	8826	8832	6
5280	8832	8838	6
5281	8838	8844	6
5282	8844	8850	6
5283	8850	8856	6
5284	8856	8862	6
5285	8862	8868	6
5286	8868	8874	6
5287	8874	8880	6
5288	8880	8886	6
5289	8886	8892	6
5290	8892	8898	6
5291	8898	8904	6
5292	8904	8910	6
5293	8910	8916	6
5294	8916	8922	6
5295	8922	8928	6
5296	8928	8934	6
5297	8934	8940	6
5298	8940	8946	6
5299	8946	8952	6
5300	8952	8958	6
5301	8958	8964	6
5302	8964	8970	6
5303	8970	8976	6
5304	8976	8982	6
5305	8982	8988	6
5306	8988	8994	6
5307	8994	9000	6
5308	9000	9006	6
5309	9006	9012	6
5310	9012	9018	6
5311	9018	9024	6
5312	9024	9030	6
5313	9030	9036	6
5314	9036	9042	6
5315	9042	9048	6
5316	9048	9054	6
5317	9054	9060	6
5318	9060	9066	6
5319	9066	9072	6
5320	9072	9078	6
5321	9078	9084	6
5322	9084	9090	6
5323	9090	9096	6
5324	9096	9102	6
5325	9102	9108	6
5326	9108	9114	6
5327	9114	9120	6
5328	9120	9126	6
5329	9126	9132	6
5330	9132	9138	6
5331	9138	9144	6
5332	9144	9150	6
5333	9150	9156	6
5334	9156	9162	6
5335	9162	9168	6
5336	9168	9174	6
5337	9174	9180	6
5338	9180	9186	6
5339	9186	9192	6
5340	9192	9198	6
5341	9198	9204	6
5342	9204	9210	6
5343	9210	9216	6
5344	9216	9222	6
5345	9222	9228	6
5346	9228	9234	6
5347	9234	9240	6
5348	9240	9246	6
5349	9246	9252	6
5350	9252	9258	6
5351	9258	9264	6
5352	9264	9270	6
5353	9270	9276	6
5354	9276	9282	6
5355	9282	9288	6
5356	9288	9294	6
5357	9294	9300	6
5358	9300	9306	6
5359	9306	9312	6
5360	9312	9318	6
5361	9318	9324	6
5362	9324	9330	6
5363	9330	9336	6
5364	9336	9342	6
5365	9342	9348	6
5366	9348	9354	6
5367	9354	9360	6
5368	9360	9366	6
5369	9366	9372	6
5370	9372	9378	6
5371	9378	9384	6
5372	9384	9390	6
5373	9390	9396	6
5374	9396	9402	6
5375	9402	9408	6
5376	9408	9414	6
5377	9414	9420	6
5378	9420	9426	6
5379	9426	9432	6
5380	9432	9438	6
5381	9438	9444	6
5382	9444	9450	6
5383	9450	9456	6
5384	9456	9462	6
5385	9462	9468	6
5386	9468	9474	6
5387	9474	9480	6
5388	9480	9486	6
5389	9486	9492	6
5390	9492	9498	6
5391	9498	9504	6
5392	9504	9510	6
5393	9510	9516	6
5394	9516	9522	6
5395	9522	9528	6
5396	9528	9534	6
5397	9534	9540	6
5398	9540	9546	6
5399	9546	9552	6
5400	9552	9558	6
5401	9558	9564	6
5402	9564	9570	6
5403	9570	9576	6
5404	9576	9582	6
5405	9582	9588	6
5406	9588	9594	6
5407	9594	9601	7
5408	9601	9608	7
5409	9608	9615	7
5410	9615	9622	7
5411	9622	9629	7
5412	9629	9636	7
5413	9636	9643	7
5414	9643	9650	7
5415	9650	9657	7
5416	9657	9664	7
5417	9664	9671	7
5418	9671	9678	7
5419	9678	9685	7
5420	9685	9692	7
5421	9692	9699	7
5422	9699	9706	7
5423	9706	9713	7
5424	9713	9720	7
5425	9720	9727	7
5426	9727	9734	7
5427	9734	9741	7
5428	9741	9748	7
5429	9748	9755	7
5430	9755	9762	7
5431	9762	9769	7
5432	9769	9776	7
5433	9776	9783	7
5434	9783	9790	7
5435	9790	9797	7
5436	9797	9804	7
5437	9804	9811	7
5438	9811	9818	7
5439	9818	9825	7
5440	9825	9832	7
5441	9832	9839	7
5442	9839	9846	7
5443	9846	9853	7
5444	9853	9860	7
5445	9860	9867	7
5446	9867	9874	7
5447	9874	9881	7
5448	9881	9888	7
5449	9888	9895	7
5450	9895	9902	7
5451	9902	9909	7
5452	9909	9916	7
5453	9916	9923	7
5454	9923	9930	7
5455	9930	9937	7
5456	9937	9944	7
5457	9944	9951	7
5458	9951	9958	7
5459	9958	9965	7
5460	9965	9972	7
5461	9972	9979	7
5462	9979	9986	7
5463	9986	9993	7
5464	9993	10000	7
5465	10000	10007	7
5466	10007	10014	7
5467	10014	10021	7
5468	10021	10028	7
5469	10028	10035	7
5470	10035	10042	7
5471	10042	10049	7
5472	10049	10056	7
5473	10056	10063	7
5474	10063	10070	7
5475	10070	10077	7
5476	10077	10084	7
5477	10084	10091	7
5478	10091	10098	7
5479	10098	10105	7
5480	10105	10112	7
5481	10112	10119	7
5482	10119	10126	7
5483	10126	10133	7
5484	10133	10140	7
5485	10140	10147	7
5486	10147	10154	7
5487	10154	10161	7
5488	10161	10168	7
5489	10168	10175	7
5490	10175	10182	7
5491	10182	10189	7
5492	10189	10196	7
5493	10196	10203	7
