#
#N Pointing	tstart	tend	Obs time
#		s
1	210	211	1
2	211	212	1
3	212	213	1
4	213	214	1
5	214	215	1
6	215	216	1
7	216	217	1
8	217	218	1
9	218	219	1
10	219	220	1
11	220	221	1
12	221	222	1
13	222	223	1
14	223	224	1
15	224	225	1
16	225	226	1
17	226	227	1
18	227	228	1
19	228	229	1
20	229	230	1
21	230	231	1
22	231	232	1
23	232	233	1
24	233	234	1
25	234	235	1
26	235	236	1
27	236	237	1
28	237	238	1
29	238	239	1
30	239	240	1
31	240	241	1
32	241	242	1
33	242	243	1
34	243	244	1
35	244	245	1
36	245	246	1
37	246	247	1
38	247	248	1
39	248	249	1
40	249	250	1
41	250	251	1
42	251	252	1
43	252	253	1
44	253	254	1
45	254	255	1
46	255	256	1
47	256	257	1
48	257	258	1
49	258	259	1
50	259	260	1
51	260	261	1
52	261	262	1
53	262	263	1
54	263	264	1
55	264	265	1
56	265	266	1
57	266	267	1
58	267	268	1
59	268	269	1
60	269	270	1
61	270	271	1
62	271	272	1
63	272	273	1
64	273	274	1
65	274	275	1
66	275	276	1
67	276	277	1
68	277	278	1
69	278	279	1
70	279	280	1
71	280	281	1
72	281	282	1
73	282	283	1
74	283	284	1
75	284	285	1
76	285	286	1
77	286	287	1
78	287	288	1
79	288	289	1
80	289	290	1
81	290	291	1
82	291	292	1
83	292	293	1
84	293	294	1
85	294	295	1
86	295	296	1
87	296	297	1
88	297	298	1
89	298	299	1
90	299	300	1
91	300	301	1
92	301	302	1
93	302	303	1
94	303	304	1
95	304	305	1
96	305	306	1
97	306	307	1
98	307	308	1
99	308	309	1
100	309	310	1
101	310	311	1
102	311	312	1
103	312	313	1
104	313	314	1
105	314	315	1
106	315	316	1
107	316	317	1
108	317	318	1
109	318	319	1
110	319	320	1
111	320	321	1
112	321	322	1
113	322	323	1
114	323	324	1
115	324	325	1
116	325	326	1
117	326	327	1
118	327	328	1
119	328	329	1
120	329	330	1
121	330	331	1
122	331	332	1
123	332	333	1
124	333	334	1
125	334	335	1
126	335	336	1
127	336	337	1
128	337	338	1
129	338	339	1
130	339	340	1
131	340	341	1
132	341	342	1
133	342	343	1
134	343	344	1
135	344	345	1
136	345	346	1
137	346	347	1
138	347	348	1
139	348	349	1
140	349	350	1
141	350	351	1
142	351	352	1
143	352	353	1
144	353	354	1
145	354	355	1
146	355	356	1
147	356	357	1
148	357	358	1
149	358	359	1
150	359	360	1
151	360	361	1
152	361	362	1
153	362	363	1
154	363	364	1
155	364	365	1
156	365	366	1
157	366	367	1
158	367	368	1
159	368	369	1
160	369	370	1
161	370	371	1
162	371	372	1
163	372	373	1
164	373	374	1
165	374	375	1
166	375	376	1
167	376	377	1
168	377	378	1
169	378	379	1
170	379	380	1
171	380	381	1
172	381	382	1
173	382	383	1
174	383	384	1
175	384	385	1
176	385	386	1
177	386	387	1
178	387	388	1
179	388	389	1
180	389	390	1
181	390	391	1
182	391	392	1
183	392	393	1
184	393	394	1
185	394	395	1
186	395	396	1
187	396	397	1
188	397	398	1
189	398	399	1
190	399	400	1
191	400	401	1
192	401	402	1
193	402	403	1
194	403	404	1
195	404	405	1
196	405	406	1
197	406	407	1
198	407	408	1
199	408	409	1
200	409	410	1
201	410	411	1
202	411	412	1
203	412	413	1
204	413	414	1
205	414	415	1
206	415	416	1
207	416	417	1
208	417	418	1
209	418	419	1
210	419	420	1
211	420	421	1
212	421	422	1
213	422	423	1
214	423	424	1
215	424	425	1
216	425	426	1
217	426	427	1
218	427	428	1
219	428	429	1
220	429	430	1
221	430	431	1
222	431	432	1
223	432	433	1
224	433	434	1
225	434	435	1
226	435	436	1
227	436	437	1
228	437	438	1
229	438	439	1
230	439	440	1
231	440	441	1
232	441	442	1
233	442	443	1
234	443	444	1
235	444	445	1
236	445	446	1
237	446	447	1
238	447	448	1
239	448	449	1
240	449	450	1
241	450	451	1
242	451	452	1
243	452	453	1
244	453	454	1
245	454	455	1
246	455	456	1
247	456	457	1
248	457	458	1
249	458	459	1
250	459	460	1
251	460	461	1
252	461	462	1
253	462	463	1
254	463	464	1
255	464	465	1
256	465	466	1
257	466	467	1
258	467	468	1
259	468	469	1
260	469	470	1
261	470	471	1
262	471	472	1
263	472	473	1
264	473	474	1
265	474	475	1
266	475	476	1
267	476	477	1
268	477	478	1
269	478	479	1
270	479	480	1
271	480	481	1
272	481	482	1
273	482	483	1
274	483	484	1
275	484	485	1
276	485	486	1
277	486	487	1
278	487	488	1
279	488	489	1
280	489	490	1
281	490	491	1
282	491	492	1
283	492	493	1
284	493	494	1
285	494	495	1
286	495	496	1
287	496	497	1
288	497	498	1
289	498	499	1
290	499	500	1
291	500	501	1
292	501	502	1
293	502	503	1
294	503	504	1
295	504	505	1
296	505	506	1
297	506	507	1
298	507	508	1
299	508	509	1
300	509	510	1
301	510	511	1
302	511	512	1
303	512	513	1
304	513	514	1
305	514	515	1
306	515	516	1
307	516	517	1
308	517	518	1
309	518	519	1
310	519	520	1
311	520	521	1
312	521	522	1
313	522	523	1
314	523	524	1
315	524	525	1
316	525	526	1
317	526	527	1
318	527	528	1
319	528	529	1
320	529	530	1
321	530	531	1
322	531	532	1
323	532	533	1
324	533	534	1
325	534	535	1
326	535	536	1
327	536	537	1
328	537	538	1
329	538	539	1
330	539	540	1
331	540	541	1
332	541	542	1
333	542	543	1
334	543	544	1
335	544	545	1
336	545	546	1
337	546	547	1
338	547	548	1
339	548	549	1
340	549	550	1
341	550	551	1
342	551	552	1
343	552	553	1
344	553	554	1
345	554	555	1
346	555	556	1
347	556	557	1
348	557	558	1
349	558	559	1
350	559	560	1
351	560	561	1
352	561	562	1
353	562	563	1
354	563	564	1
355	564	565	1
356	565	566	1
357	566	567	1
358	567	568	1
359	568	569	1
360	569	570	1
361	570	571	1
362	571	572	1
363	572	573	1
364	573	574	1
365	574	575	1
366	575	576	1
367	576	577	1
368	577	578	1
369	578	579	1
370	579	580	1
371	580	581	1
372	581	582	1
373	582	583	1
374	583	584	1
375	584	585	1
376	585	586	1
377	586	587	1
378	587	588	1
379	588	589	1
380	589	590	1
381	590	591	1
382	591	592	1
383	592	593	1
384	593	594	1
385	594	595	1
386	595	596	1
387	596	597	1
388	597	598	1
389	598	599	1
390	599	600	1
391	600	601	1
392	601	602	1
393	602	603	1
394	603	604	1
395	604	605	1
396	605	606	1
397	606	607	1
398	607	608	1
399	608	609	1
400	609	610	1
401	610	611	1
402	611	612	1
403	612	613	1
404	613	614	1
405	614	615	1
406	615	616	1
407	616	617	1
408	617	618	1
409	618	619	1
410	619	620	1
411	620	621	1
412	621	622	1
413	622	623	1
414	623	624	1
415	624	625	1
416	625	626	1
417	626	627	1
418	627	629	2
419	629	631	2
420	631	633	2
421	633	635	2
422	635	637	2
423	637	639	2
424	639	641	2
425	641	643	2
426	643	645	2
427	645	647	2
428	647	649	2
429	649	651	2
430	651	653	2
431	653	655	2
432	655	657	2
433	657	659	2
434	659	661	2
435	661	663	2
436	663	665	2
437	665	667	2
438	667	669	2
439	669	671	2
440	671	673	2
441	673	675	2
442	675	677	2
443	677	679	2
444	679	681	2
445	681	683	2
446	683	685	2
447	685	687	2
448	687	689	2
449	689	691	2
450	691	693	2
451	693	695	2
452	695	697	2
453	697	699	2
454	699	701	2
455	701	703	2
456	703	705	2
457	705	707	2
458	707	709	2
459	709	711	2
460	711	713	2
461	713	715	2
462	715	717	2
463	717	719	2
464	719	721	2
465	721	723	2
466	723	725	2
467	725	727	2
468	727	729	2
469	729	731	2
470	731	733	2
471	733	735	2
472	735	737	2
473	737	739	2
474	739	741	2
475	741	743	2
476	743	745	2
477	745	747	2
478	747	749	2
479	749	751	2
480	751	753	2
481	753	755	2
482	755	757	2
483	757	759	2
484	759	761	2
485	761	763	2
486	763	765	2
487	765	767	2
488	767	769	2
489	769	771	2
490	771	773	2
491	773	775	2
492	775	777	2
493	777	779	2
494	779	781	2
495	781	783	2
496	783	785	2
497	785	787	2
498	787	789	2
499	789	791	2
500	791	793	2
501	793	795	2
502	795	797	2
503	797	799	2
504	799	801	2
505	801	803	2
506	803	805	2
507	805	807	2
508	807	809	2
509	809	811	2
510	811	813	2
511	813	815	2
512	815	817	2
513	817	819	2
514	819	821	2
515	821	823	2
516	823	825	2
517	825	827	2
518	827	829	2
519	829	831	2
520	831	833	2
521	833	835	2
522	835	837	2
523	837	839	2
524	839	841	2
525	841	843	2
526	843	845	2
527	845	847	2
528	847	849	2
529	849	851	2
530	851	853	2
531	853	855	2
532	855	857	2
533	857	859	2
534	859	861	2
535	861	863	2
536	863	865	2
537	865	867	2
538	867	869	2
539	869	871	2
540	871	873	2
541	873	875	2
542	875	877	2
543	877	879	2
544	879	881	2
545	881	883	2
546	883	885	2
547	885	887	2
548	887	889	2
549	889	891	2
550	891	893	2
551	893	895	2
552	895	897	2
553	897	899	2
554	899	901	2
555	901	903	2
556	903	905	2
557	905	907	2
558	907	909	2
559	909	911	2
560	911	913	2
561	913	915	2
562	915	917	2
563	917	919	2
564	919	921	2
565	921	923	2
566	923	925	2
567	925	927	2
568	927	929	2
569	929	931	2
570	931	933	2
571	933	935	2
572	935	937	2
573	937	939	2
574	939	941	2
575	941	943	2
576	943	945	2
577	945	947	2
578	947	949	2
579	949	951	2
580	951	953	2
581	953	955	2
582	955	957	2
583	957	959	2
584	959	961	2
585	961	963	2
586	963	965	2
587	965	967	2
588	967	969	2
589	969	971	2
590	971	973	2
591	973	975	2
592	975	977	2
593	977	979	2
594	979	981	2
595	981	983	2
596	983	985	2
597	985	987	2
598	987	989	2
599	989	991	2
600	991	993	2
601	993	995	2
602	995	997	2
603	997	999	2
604	999	1001	2
605	1001	1003	2
606	1003	1005	2
607	1005	1007	2
608	1007	1009	2
609	1009	1011	2
610	1011	1013	2
611	1013	1015	2
612	1015	1017	2
613	1017	1019	2
614	1019	1021	2
615	1021	1023	2
616	1023	1025	2
617	1025	1027	2
618	1027	1029	2
619	1029	1031	2
620	1031	1033	2
621	1033	1035	2
622	1035	1037	2
623	1037	1039	2
624	1039	1041	2
625	1041	1043	2
626	1043	1045	2
627	1045	1047	2
628	1047	1049	2
629	1049	1051	2
630	1051	1053	2
631	1053	1055	2
632	1055	1057	2
633	1057	1059	2
634	1059	1061	2
635	1061	1063	2
636	1063	1065	2
637	1065	1067	2
638	1067	1069	2
639	1069	1071	2
640	1071	1073	2
641	1073	1075	2
642	1075	1077	2
643	1077	1079	2
644	1079	1081	2
645	1081	1083	2
646	1083	1085	2
647	1085	1087	2
648	1087	1089	2
649	1089	1091	2
650	1091	1093	2
651	1093	1095	2
652	1095	1097	2
653	1097	1099	2
654	1099	1101	2
655	1101	1103	2
656	1103	1105	2
657	1105	1107	2
658	1107	1109	2
659	1109	1111	2
660	1111	1113	2
661	1113	1115	2
662	1115	1117	2
663	1117	1119	2
664	1119	1121	2
665	1121	1123	2
666	1123	1125	2
667	1125	1127	2
668	1127	1129	2
669	1129	1131	2
670	1131	1133	2
671	1133	1135	2
672	1135	1137	2
673	1137	1139	2
674	1139	1141	2
675	1141	1143	2
676	1143	1145	2
677	1145	1147	2
678	1147	1149	2
679	1149	1151	2
680	1151	1153	2
681	1153	1155	2
682	1155	1157	2
683	1157	1159	2
684	1159	1161	2
685	1161	1163	2
686	1163	1165	2
687	1165	1167	2
688	1167	1169	2
689	1169	1171	2
690	1171	1173	2
691	1173	1175	2
692	1175	1177	2
693	1177	1179	2
694	1179	1181	2
695	1181	1183	2
696	1183	1185	2
697	1185	1187	2
698	1187	1189	2
699	1189	1191	2
700	1191	1193	2
701	1193	1195	2
702	1195	1197	2
703	1197	1199	2
704	1199	1201	2
705	1201	1203	2
706	1203	1205	2
707	1205	1207	2
708	1207	1209	2
709	1209	1211	2
710	1211	1213	2
711	1213	1215	2
712	1215	1217	2
713	1217	1219	2
714	1219	1221	2
715	1221	1223	2
716	1223	1225	2
717	1225	1227	2
718	1227	1229	2
719	1229	1231	2
720	1231	1233	2
721	1233	1235	2
722	1235	1237	2
723	1237	1239	2
724	1239	1241	2
725	1241	1243	2
726	1243	1245	2
727	1245	1247	2
728	1247	1249	2
729	1249	1251	2
730	1251	1253	2
731	1253	1255	2
732	1255	1257	2
733	1257	1259	2
734	1259	1261	2
735	1261	1263	2
736	1263	1265	2
737	1265	1267	2
738	1267	1269	2
739	1269	1271	2
740	1271	1273	2
741	1273	1275	2
742	1275	1277	2
743	1277	1279	2
744	1279	1281	2
745	1281	1283	2
746	1283	1285	2
747	1285	1287	2
748	1287	1289	2
749	1289	1291	2
750	1291	1293	2
751	1293	1295	2
752	1295	1297	2
753	1297	1299	2
754	1299	1301	2
755	1301	1303	2
756	1303	1305	2
757	1305	1307	2
758	1307	1309	2
759	1309	1311	2
760	1311	1313	2
761	1313	1315	2
762	1315	1317	2
763	1317	1319	2
764	1319	1321	2
765	1321	1323	2
766	1323	1325	2
767	1325	1327	2
768	1327	1329	2
769	1329	1331	2
770	1331	1333	2
771	1333	1335	2
772	1335	1337	2
773	1337	1339	2
774	1339	1341	2
775	1341	1343	2
776	1343	1345	2
777	1345	1347	2
778	1347	1349	2
779	1349	1351	2
780	1351	1353	2
781	1353	1355	2
782	1355	1357	2
783	1357	1359	2
784	1359	1361	2
785	1361	1363	2
786	1363	1365	2
787	1365	1367	2
788	1367	1369	2
789	1369	1371	2
790	1371	1373	2
791	1373	1375	2
792	1375	1377	2
793	1377	1379	2
794	1379	1381	2
795	1381	1383	2
796	1383	1385	2
797	1385	1387	2
798	1387	1389	2
799	1389	1391	2
800	1391	1393	2
801	1393	1395	2
802	1395	1397	2
803	1397	1399	2
804	1399	1401	2
805	1401	1403	2
806	1403	1405	2
807	1405	1407	2
808	1407	1409	2
809	1409	1411	2
810	1411	1413	2
811	1413	1415	2
812	1415	1417	2
813	1417	1419	2
814	1419	1421	2
815	1421	1423	2
816	1423	1425	2
817	1425	1427	2
818	1427	1429	2
819	1429	1431	2
820	1431	1433	2
821	1433	1435	2
822	1435	1437	2
823	1437	1439	2
824	1439	1441	2
825	1441	1443	2
826	1443	1445	2
827	1445	1447	2
828	1447	1449	2
829	1449	1451	2
830	1451	1453	2
831	1453	1455	2
832	1455	1457	2
833	1457	1459	2
834	1459	1461	2
835	1461	1463	2
836	1463	1465	2
837	1465	1467	2
838	1467	1469	2
839	1469	1471	2
840	1471	1473	2
841	1473	1475	2
842	1475	1477	2
843	1477	1479	2
844	1479	1481	2
845	1481	1483	2
846	1483	1485	2
847	1485	1487	2
848	1487	1489	2
849	1489	1491	2
850	1491	1493	2
851	1493	1495	2
852	1495	1497	2
853	1497	1499	2
854	1499	1501	2
855	1501	1503	2
856	1503	1505	2
857	1505	1507	2
858	1507	1509	2
859	1509	1511	2
860	1511	1513	2
861	1513	1515	2
862	1515	1517	2
863	1517	1519	2
864	1519	1521	2
865	1521	1523	2
866	1523	1525	2
867	1525	1527	2
868	1527	1529	2
869	1529	1531	2
870	1531	1533	2
871	1533	1535	2
872	1535	1537	2
873	1537	1539	2
874	1539	1541	2
875	1541	1543	2
876	1543	1545	2
877	1545	1547	2
878	1547	1549	2
879	1549	1551	2
880	1551	1553	2
881	1553	1555	2
882	1555	1557	2
883	1557	1559	2
884	1559	1561	2
885	1561	1563	2
886	1563	1565	2
887	1565	1567	2
888	1567	1569	2
889	1569	1571	2
890	1571	1573	2
891	1573	1575	2
892	1575	1577	2
893	1577	1579	2
894	1579	1581	2
895	1581	1583	2
896	1583	1585	2
897	1585	1587	2
898	1587	1589	2
899	1589	1591	2
900	1591	1593	2
901	1593	1595	2
902	1595	1597	2
903	1597	1599	2
904	1599	1601	2
905	1601	1603	2
906	1603	1605	2
907	1605	1607	2
908	1607	1609	2
909	1609	1611	2
910	1611	1613	2
911	1613	1615	2
912	1615	1617	2
913	1617	1619	2
914	1619	1621	2
915	1621	1623	2
916	1623	1625	2
917	1625	1627	2
918	1627	1629	2
919	1629	1631	2
920	1631	1633	2
921	1633	1635	2
922	1635	1637	2
923	1637	1639	2
924	1639	1641	2
925	1641	1643	2
926	1643	1645	2
927	1645	1647	2
928	1647	1649	2
929	1649	1651	2
930	1651	1653	2
931	1653	1655	2
932	1655	1657	2
933	1657	1659	2
934	1659	1661	2
935	1661	1663	2
936	1663	1665	2
937	1665	1667	2
938	1667	1669	2
939	1669	1671	2
940	1671	1673	2
941	1673	1675	2
942	1675	1677	2
943	1677	1679	2
944	1679	1681	2
945	1681	1683	2
946	1683	1685	2
947	1685	1687	2
948	1687	1689	2
949	1689	1691	2
950	1691	1693	2
951	1693	1695	2
952	1695	1697	2
953	1697	1699	2
954	1699	1701	2
955	1701	1703	2
956	1703	1705	2
957	1705	1707	2
958	1707	1709	2
959	1709	1711	2
960	1711	1713	2
961	1713	1715	2
962	1715	1717	2
963	1717	1719	2
964	1719	1721	2
965	1721	1723	2
966	1723	1725	2
967	1725	1727	2
968	1727	1729	2
969	1729	1731	2
970	1731	1733	2
971	1733	1735	2
972	1735	1737	2
973	1737	1739	2
974	1739	1741	2
975	1741	1743	2
976	1743	1745	2
977	1745	1747	2
978	1747	1749	2
979	1749	1751	2
980	1751	1753	2
981	1753	1755	2
982	1755	1757	2
983	1757	1759	2
984	1759	1761	2
985	1761	1763	2
986	1763	1765	2
987	1765	1767	2
988	1767	1769	2
989	1769	1771	2
990	1771	1773	2
991	1773	1775	2
992	1775	1777	2
993	1777	1779	2
994	1779	1781	2
995	1781	1783	2
996	1783	1785	2
997	1785	1787	2
998	1787	1789	2
999	1789	1791	2
1000	1791	1793	2
1001	1793	1795	2
1002	1795	1797	2
1003	1797	1799	2
1004	1799	1801	2
1005	1801	1803	2
1006	1803	1805	2
1007	1805	1807	2
1008	1807	1809	2
1009	1809	1811	2
1010	1811	1813	2
1011	1813	1815	2
1012	1815	1817	2
1013	1817	1819	2
1014	1819	1821	2
1015	1821	1823	2
1016	1823	1825	2
1017	1825	1827	2
1018	1827	1829	2
1019	1829	1831	2
1020	1831	1833	2
1021	1833	1835	2
1022	1835	1837	2
1023	1837	1839	2
1024	1839	1841	2
1025	1841	1843	2
1026	1843	1845	2
1027	1845	1847	2
1028	1847	1849	2
1029	1849	1851	2
1030	1851	1853	2
1031	1853	1855	2
1032	1855	1857	2
1033	1857	1859	2
1034	1859	1861	2
1035	1861	1863	2
1036	1863	1865	2
1037	1865	1867	2
1038	1867	1869	2
1039	1869	1871	2
1040	1871	1874	3
1041	1874	1877	3
1042	1877	1880	3
1043	1880	1883	3
1044	1883	1886	3
1045	1886	1889	3
1046	1889	1892	3
1047	1892	1895	3
1048	1895	1898	3
1049	1898	1901	3
1050	1901	1904	3
1051	1904	1907	3
1052	1907	1910	3
1053	1910	1913	3
1054	1913	1916	3
1055	1916	1919	3
1056	1919	1922	3
1057	1922	1925	3
1058	1925	1928	3
1059	1928	1931	3
1060	1931	1934	3
1061	1934	1937	3
1062	1937	1940	3
1063	1940	1943	3
1064	1943	1946	3
1065	1946	1949	3
1066	1949	1952	3
1067	1952	1955	3
1068	1955	1958	3
1069	1958	1961	3
1070	1961	1964	3
1071	1964	1967	3
1072	1967	1970	3
1073	1970	1973	3
1074	1973	1976	3
1075	1976	1979	3
1076	1979	1982	3
1077	1982	1985	3
1078	1985	1988	3
1079	1988	1991	3
1080	1991	1994	3
1081	1994	1997	3
1082	1997	2000	3
1083	2000	2003	3
1084	2003	2006	3
1085	2006	2009	3
1086	2009	2012	3
1087	2012	2015	3
1088	2015	2018	3
1089	2018	2021	3
1090	2021	2024	3
1091	2024	2027	3
1092	2027	2030	3
1093	2030	2033	3
1094	2033	2036	3
1095	2036	2039	3
1096	2039	2042	3
1097	2042	2045	3
1098	2045	2048	3
1099	2048	2051	3
1100	2051	2054	3
1101	2054	2057	3
1102	2057	2060	3
1103	2060	2063	3
1104	2063	2066	3
1105	2066	2069	3
1106	2069	2072	3
1107	2072	2075	3
1108	2075	2078	3
1109	2078	2081	3
1110	2081	2084	3
1111	2084	2087	3
1112	2087	2090	3
1113	2090	2093	3
1114	2093	2096	3
1115	2096	2099	3
1116	2099	2102	3
1117	2102	2105	3
1118	2105	2108	3
1119	2108	2111	3
1120	2111	2114	3
1121	2114	2117	3
1122	2117	2120	3
1123	2120	2123	3
1124	2123	2126	3
1125	2126	2129	3
1126	2129	2132	3
1127	2132	2135	3
1128	2135	2138	3
1129	2138	2141	3
1130	2141	2144	3
1131	2144	2147	3
1132	2147	2150	3
1133	2150	2153	3
1134	2153	2156	3
1135	2156	2159	3
1136	2159	2162	3
1137	2162	2165	3
1138	2165	2168	3
1139	2168	2171	3
1140	2171	2174	3
1141	2174	2177	3
1142	2177	2180	3
1143	2180	2183	3
1144	2183	2186	3
1145	2186	2189	3
1146	2189	2192	3
1147	2192	2195	3
1148	2195	2198	3
1149	2198	2201	3
1150	2201	2204	3
1151	2204	2207	3
1152	2207	2210	3
1153	2210	2213	3
1154	2213	2216	3
1155	2216	2219	3
1156	2219	2222	3
1157	2222	2225	3
1158	2225	2228	3
1159	2228	2231	3
1160	2231	2234	3
1161	2234	2237	3
1162	2237	2240	3
1163	2240	2243	3
1164	2243	2246	3
1165	2246	2249	3
1166	2249	2252	3
1167	2252	2255	3
1168	2255	2258	3
1169	2258	2261	3
1170	2261	2264	3
1171	2264	2267	3
1172	2267	2270	3
1173	2270	2273	3
1174	2273	2276	3
1175	2276	2279	3
1176	2279	2282	3
1177	2282	2285	3
1178	2285	2288	3
1179	2288	2291	3
1180	2291	2294	3
1181	2294	2297	3
1182	2297	2300	3
1183	2300	2303	3
1184	2303	2306	3
1185	2306	2309	3
1186	2309	2312	3
1187	2312	2315	3
1188	2315	2318	3
1189	2318	2321	3
1190	2321	2324	3
1191	2324	2327	3
1192	2327	2330	3
1193	2330	2333	3
1194	2333	2336	3
1195	2336	2339	3
1196	2339	2342	3
1197	2342	2345	3
1198	2345	2348	3
1199	2348	2351	3
1200	2351	2354	3
1201	2354	2357	3
1202	2357	2360	3
1203	2360	2363	3
1204	2363	2366	3
1205	2366	2369	3
1206	2369	2372	3
1207	2372	2375	3
1208	2375	2378	3
1209	2378	2381	3
1210	2381	2384	3
1211	2384	2387	3
1212	2387	2390	3
1213	2390	2393	3
1214	2393	2396	3
1215	2396	2399	3
1216	2399	2402	3
1217	2402	2405	3
1218	2405	2408	3
1219	2408	2411	3
1220	2411	2414	3
1221	2414	2417	3
1222	2417	2420	3
1223	2420	2423	3
1224	2423	2427	4
1225	2427	2431	4
1226	2431	2435	4
1227	2435	2439	4
1228	2439	2443	4
1229	2443	2447	4
1230	2447	2451	4
1231	2451	2455	4
1232	2455	2459	4
1233	2459	2463	4
1234	2463	2467	4
1235	2467	2471	4
1236	2471	2475	4
1237	2475	2479	4
1238	2479	2483	4
1239	2483	2487	4
1240	2487	2491	4
1241	2491	2495	4
1242	2495	2499	4
1243	2499	2503	4
1244	2503	2507	4
1245	2507	2511	4
1246	2511	2515	4
1247	2515	2519	4
1248	2519	2523	4
1249	2523	2527	4
1250	2527	2531	4
1251	2531	2535	4
1252	2535	2539	4
1253	2539	2543	4
1254	2543	2547	4
1255	2547	2551	4
1256	2551	2555	4
1257	2555	2559	4
1258	2559	2563	4
1259	2563	2567	4
1260	2567	2571	4
1261	2571	2575	4
1262	2575	2579	4
1263	2579	2583	4
1264	2583	2587	4
1265	2587	2591	4
1266	2591	2595	4
1267	2595	2599	4
1268	2599	2603	4
1269	2603	2607	4
1270	2607	2611	4
1271	2611	2615	4
1272	2615	2619	4
1273	2619	2623	4
1274	2623	2627	4
1275	2627	2631	4
1276	2631	2635	4
1277	2635	2639	4
1278	2639	2643	4
1279	2643	2647	4
1280	2647	2651	4
1281	2651	2655	4
1282	2655	2659	4
1283	2659	2663	4
1284	2663	2667	4
1285	2667	2671	4
1286	2671	2675	4
1287	2675	2679	4
1288	2679	2683	4
1289	2683	2687	4
1290	2687	2691	4
1291	2691	2695	4
1292	2695	2699	4
1293	2699	2703	4
1294	2703	2707	4
1295	2707	2711	4
1296	2711	2715	4
1297	2715	2719	4
1298	2719	2723	4
1299	2723	2727	4
1300	2727	2731	4
1301	2731	2735	4
1302	2735	2739	4
1303	2739	2743	4
1304	2743	2747	4
1305	2747	2751	4
1306	2751	2755	4
1307	2755	2759	4
1308	2759	2763	4
1309	2763	2767	4
1310	2767	2771	4
1311	2771	2775	4
1312	2775	2779	4
1313	2779	2783	4
1314	2783	2787	4
1315	2787	2791	4
1316	2791	2795	4
1317	2795	2799	4
1318	2799	2803	4
1319	2803	2807	4
1320	2807	2811	4
1321	2811	2815	4
1322	2815	2819	4
1323	2819	2823	4
1324	2823	2827	4
1325	2827	2831	4
1326	2831	2835	4
1327	2835	2839	4
1328	2839	2843	4
1329	2843	2847	4
1330	2847	2851	4
1331	2851	2855	4
1332	2855	2859	4
1333	2859	2863	4
1334	2863	2867	4
1335	2867	2871	4
1336	2871	2875	4
1337	2875	2879	4
1338	2879	2883	4
1339	2883	2887	4
1340	2887	2891	4
1341	2891	2895	4
1342	2895	2899	4
1343	2899	2903	4
1344	2903	2907	4
1345	2907	2911	4
1346	2911	2915	4
1347	2915	2919	4
1348	2919	2923	4
1349	2923	2927	4
1350	2927	2931	4
1351	2931	2935	4
1352	2935	2939	4
1353	2939	2943	4
1354	2943	2948	5
1355	2948	2953	5
1356	2953	2958	5
1357	2958	2963	5
1358	2963	2968	5
1359	2968	2973	5
1360	2973	2978	5
1361	2978	2983	5
1362	2983	2988	5
1363	2988	2993	5
1364	2993	2998	5
1365	2998	3003	5
1366	3003	3008	5
1367	3008	3013	5
1368	3013	3018	5
1369	3018	3023	5
1370	3023	3028	5
1371	3028	3033	5
1372	3033	3038	5
1373	3038	3043	5
1374	3043	3048	5
1375	3048	3053	5
1376	3053	3058	5
1377	3058	3063	5
1378	3063	3068	5
1379	3068	3073	5
1380	3073	3078	5
1381	3078	3083	5
1382	3083	3088	5
1383	3088	3093	5
1384	3093	3098	5
1385	3098	3103	5
1386	3103	3108	5
1387	3108	3113	5
1388	3113	3118	5
1389	3118	3123	5
1390	3123	3128	5
1391	3128	3133	5
1392	3133	3138	5
1393	3138	3143	5
1394	3143	3148	5
1395	3148	3153	5
1396	3153	3158	5
1397	3158	3163	5
1398	3163	3168	5
1399	3168	3173	5
1400	3173	3178	5
1401	3178	3183	5
1402	3183	3188	5
1403	3188	3193	5
1404	3193	3198	5
1405	3198	3203	5
1406	3203	3208	5
1407	3208	3213	5
1408	3213	3218	5
1409	3218	3223	5
1410	3223	3228	5
1411	3228	3233	5
1412	3233	3238	5
1413	3238	3243	5
1414	3243	3248	5
1415	3248	3253	5
1416	3253	3258	5
1417	3258	3263	5
1418	3263	3268	5
1419	3268	3273	5
1420	3273	3278	5
1421	3278	3283	5
1422	3283	3288	5
1423	3288	3293	5
1424	3293	3298	5
1425	3298	3303	5
1426	3303	3308	5
1427	3308	3313	5
1428	3313	3318	5
1429	3318	3323	5
1430	3323	3328	5
1431	3328	3333	5
1432	3333	3338	5
1433	3338	3343	5
1434	3343	3348	5
1435	3348	3353	5
1436	3353	3358	5
1437	3358	3363	5
1438	3363	3368	5
1439	3368	3373	5
1440	3373	3378	5
1441	3378	3383	5
1442	3383	3389	6
1443	3389	3395	6
1444	3395	3401	6
1445	3401	3407	6
1446	3407	3413	6
1447	3413	3419	6
1448	3419	3425	6
1449	3425	3431	6
1450	3431	3437	6
1451	3437	3443	6
1452	3443	3449	6
1453	3449	3455	6
1454	3455	3461	6
1455	3461	3467	6
1456	3467	3473	6
1457	3473	3479	6
1458	3479	3485	6
1459	3485	3491	6
1460	3491	3497	6
1461	3497	3503	6
1462	3503	3509	6
1463	3509	3515	6
1464	3515	3521	6
1465	3521	3527	6
1466	3527	3533	6
1467	3533	3539	6
1468	3539	3545	6
1469	3545	3551	6
1470	3551	3557	6
1471	3557	3563	6
1472	3563	3569	6
1473	3569	3575	6
1474	3575	3581	6
1475	3581	3587	6
1476	3587	3593	6
1477	3593	3599	6
1478	3599	3605	6
1479	3605	3611	6
1480	3611	3617	6
1481	3617	3623	6
1482	3623	3629	6
1483	3629	3635	6
1484	3635	3641	6
1485	3641	3647	6
1486	3647	3653	6
1487	3653	3659	6
1488	3659	3665	6
1489	3665	3671	6
1490	3671	3677	6
1491	3677	3683	6
1492	3683	3689	6
1493	3689	3695	6
1494	3695	3701	6
1495	3701	3707	6
1496	3707	3713	6
1497	3713	3719	6
1498	3719	3725	6
1499	3725	3731	6
1500	3731	3737	6
1501	3737	3743	6
1502	3743	3749	6
1503	3749	3755	6
1504	3755	3761	6
1505	3761	3767	6
1506	3767	3773	6
1507	3773	3779	6
1508	3779	3785	6
1509	3785	3792	7
1510	3792	3799	7
1511	3799	3806	7
1512	3806	3813	7
1513	3813	3820	7
1514	3820	3827	7
1515	3827	3834	7
1516	3834	3841	7
1517	3841	3848	7
1518	3848	3855	7
1519	3855	3862	7
1520	3862	3869	7
1521	3869	3876	7
1522	3876	3883	7
1523	3883	3890	7
1524	3890	3897	7
1525	3897	3904	7
1526	3904	3911	7
1527	3911	3918	7
1528	3918	3925	7
1529	3925	3932	7
1530	3932	3939	7
1531	3939	3946	7
1532	3946	3953	7
1533	3953	3960	7
1534	3960	3967	7
1535	3967	3974	7
1536	3974	3981	7
1537	3981	3988	7
1538	3988	3995	7
1539	3995	4002	7
1540	4002	4009	7
1541	4009	4016	7
1542	4016	4023	7
1543	4023	4030	7
1544	4030	4037	7
1545	4037	4044	7
1546	4044	4051	7
1547	4051	4058	7
1548	4058	4065	7
1549	4065	4072	7
1550	4072	4079	7
1551	4079	4086	7
1552	4086	4093	7
1553	4093	4100	7
1554	4100	4107	7
1555	4107	4114	7
1556	4114	4121	7
1557	4121	4128	7
1558	4128	4135	7
1559	4135	4142	7
1560	4142	4150	8
1561	4150	4158	8
1562	4158	4166	8
1563	4166	4174	8
1564	4174	4182	8
1565	4182	4190	8
1566	4190	4198	8
1567	4198	4206	8
1568	4206	4214	8
1569	4214	4222	8
1570	4222	4230	8
1571	4230	4238	8
1572	4238	4246	8
1573	4246	4254	8
1574	4254	4262	8
1575	4262	4270	8
1576	4270	4278	8
1577	4278	4286	8
1578	4286	4294	8
1579	4294	4302	8
1580	4302	4310	8
1581	4310	4318	8
1582	4318	4326	8
1583	4326	4334	8
1584	4334	4342	8
1585	4342	4350	8
1586	4350	4358	8
1587	4358	4366	8
1588	4366	4374	8
1589	4374	4382	8
1590	4382	4390	8
1591	4390	4398	8
1592	4398	4406	8
1593	4406	4414	8
1594	4414	4422	8
1595	4422	4430	8
1596	4430	4438	8
1597	4438	4446	8
1598	4446	4454	8
1599	4454	4462	8
1600	4462	4470	8
1601	4470	4478	8
1602	4478	4486	8
1603	4486	4494	8
1604	4494	4502	8
1605	4502	4510	8
1606	4510	4519	9
1607	4519	4528	9
1608	4528	4537	9
1609	4537	4546	9
1610	4546	4555	9
1611	4555	4564	9
1612	4564	4573	9
1613	4573	4582	9
1614	4582	4591	9
1615	4591	4600	9
1616	4600	4609	9
1617	4609	4618	9
1618	4618	4627	9
1619	4627	4636	9
1620	4636	4645	9
1621	4645	4654	9
1622	4654	4663	9
1623	4663	4672	9
1624	4672	4681	9
1625	4681	4690	9
1626	4690	4699	9
1627	4699	4708	9
1628	4708	4717	9
1629	4717	4726	9
1630	4726	4735	9
1631	4735	4744	9
1632	4744	4753	9
1633	4753	4762	9
1634	4762	4771	9
1635	4771	4780	9
1636	4780	4789	9
1637	4789	4798	9
1638	4798	4807	9
1639	4807	4817	10
1640	4817	4827	10
1641	4827	4837	10
1642	4837	4847	10
1643	4847	4857	10
1644	4857	4867	10
1645	4867	4877	10
1646	4877	4887	10
1647	4887	4897	10
1648	4897	4907	10
1649	4907	4917	10
1650	4917	4927	10
1651	4927	4937	10
1652	4937	4947	10
1653	4947	4957	10
1654	4957	4967	10
1655	4967	4977	10
1656	4977	4987	10
1657	4987	4997	10
1658	4997	5007	10
1659	5007	5017	10
1660	5017	5027	10
1661	5027	5037	10
1662	5037	5047	10
1663	5047	5057	10
1664	5057	5067	10
1665	5067	5078	11
1666	5078	5089	11
1667	5089	5100	11
1668	5100	5111	11
1669	5111	5122	11
1670	5122	5133	11
1671	5133	5144	11
1672	5144	5155	11
1673	5155	5166	11
1674	5166	5177	11
1675	5177	5188	11
1676	5188	5199	11
1677	5199	5210	11
1678	5210	5221	11
1679	5221	5232	11
1680	5232	5243	11
1681	5243	5254	11
1682	5254	5265	11
1683	5265	5276	11
1684	5276	5287	11
1685	5287	5298	11
1686	5298	5309	11
1687	5309	5320	11
1688	5320	5331	11
1689	5331	5342	11
1690	5342	5353	11
1691	5353	5364	11
1692	5364	5375	11
1693	5375	5386	11
1694	5386	5397	11
1695	5397	5409	12
1696	5409	5421	12
1697	5421	5433	12
1698	5433	5445	12
1699	5445	5457	12
1700	5457	5469	12
1701	5469	5481	12
1702	5481	5493	12
1703	5493	5505	12
1704	5505	5517	12
1705	5517	5529	12
1706	5529	5541	12
1707	5541	5553	12
1708	5553	5565	12
1709	5565	5577	12
1710	5577	5589	12
1711	5589	5601	12
1712	5601	5613	12
1713	5613	5625	12
1714	5625	5637	12
1715	5637	5649	12
1716	5649	5661	12
1717	5661	5673	12
1718	5673	5685	12
1719	5685	5698	13
1720	5698	5711	13
1721	5711	5724	13
1722	5724	5737	13
1723	5737	5750	13
1724	5750	5763	13
1725	5763	5776	13
1726	5776	5789	13
1727	5789	5802	13
1728	5802	5815	13
1729	5815	5828	13
1730	5828	5841	13
1731	5841	5854	13
1732	5854	5867	13
1733	5867	5880	13
1734	5880	5893	13
1735	5893	5906	13
1736	5906	5919	13
1737	5919	5932	13
1738	5932	5946	14
1739	5946	5960	14
1740	5960	5974	14
1741	5974	5988	14
1742	5988	6002	14
1743	6002	6016	14
1744	6016	6030	14
1745	6030	6044	14
1746	6044	6058	14
1747	6058	6072	14
1748	6072	6086	14
1749	6086	6100	14
1750	6100	6114	14
1751	6114	6128	14
1752	6128	6142	14
1753	6142	6157	15
1754	6157	6172	15
1755	6172	6187	15
1756	6187	6202	15
1757	6202	6217	15
1758	6217	6232	15
1759	6232	6247	15
1760	6247	6262	15
1761	6262	6277	15
1762	6277	6292	15
1763	6292	6307	15
1764	6307	6322	15
1765	6322	6337	15
1766	6337	6352	15
1767	6352	6368	16
1768	6368	6384	16
1769	6384	6400	16
1770	6400	6416	16
1771	6416	6432	16
1772	6432	6448	16
1773	6448	6464	16
1774	6464	6480	16
1775	6480	6496	16
1776	6496	6512	16
1777	6512	6528	16
1778	6528	6544	16
1779	6544	6560	16
1780	6560	6576	16
1781	6576	6592	16
1782	6592	6608	16
1783	6608	6624	16
1784	6624	6641	17
1785	6641	6658	17
1786	6658	6675	17
1787	6675	6692	17
1788	6692	6709	17
1789	6709	6726	17
1790	6726	6743	17
1791	6743	6760	17
1792	6760	6777	17
1793	6777	6794	17
1794	6794	6811	17
1795	6811	6828	17
1796	6828	6845	17
1797	6845	6862	17
1798	6862	6879	17
1799	6879	6897	18
1800	6897	6915	18
1801	6915	6933	18
1802	6933	6951	18
1803	6951	6969	18
1804	6969	6987	18
1805	6987	7005	18
1806	7005	7023	18
1807	7023	7041	18
1808	7041	7059	18
1809	7059	7077	18
1810	7077	7095	18
1811	7095	7114	19
1812	7114	7133	19
1813	7133	7152	19
1814	7152	7171	19
1815	7171	7190	19
1816	7190	7209	19
1817	7209	7228	19
1818	7228	7247	19
1819	7247	7266	19
1820	7266	7285	19
1821	7285	7304	19
1822	7304	7324	20
1823	7324	7344	20
1824	7344	7364	20
1825	7364	7384	20
1826	7384	7404	20
1827	7404	7424	20
1828	7424	7444	20
1829	7444	7464	20
1830	7464	7484	20
1831	7484	7505	21
1832	7505	7526	21
1833	7526	7547	21
1834	7547	7568	21
1835	7568	7589	21
1836	7589	7610	21
1837	7610	7631	21
1838	7631	7652	21
1839	7652	7673	21
1840	7673	7695	22
1841	7695	7717	22
1842	7717	7739	22
1843	7739	7761	22
1844	7761	7783	22
1845	7783	7805	22
1846	7805	7827	22
1847	7827	7850	23
1848	7850	7873	23
1849	7873	7896	23
1850	7896	7919	23
1851	7919	7942	23
1852	7942	7965	23
1853	7965	7988	23
1854	7988	8012	24
1855	8012	8036	24
1856	8036	8060	24
1857	8060	8084	24
1858	8084	8108	24
1859	8108	8132	24
1860	8132	8156	24
1861	8156	8180	24
1862	8180	8204	24
1863	8204	8229	25
1864	8229	8254	25
1865	8254	8279	25
1866	8279	8304	25
1867	8304	8329	25
1868	8329	8354	25
1869	8354	8379	25
1870	8379	8404	25
1871	8404	8429	25
1872	8429	8455	26
1873	8455	8481	26
1874	8481	8507	26
1875	8507	8533	26
1876	8533	8559	26
1877	8559	8585	26
1878	8585	8611	26
1879	8611	8638	27
1880	8638	8665	27
1881	8665	8692	27
1882	8692	8719	27
1883	8719	8746	27
1884	8746	8773	27
1885	8773	8800	27
1886	8800	8828	28
1887	8828	8856	28
1888	8856	8884	28
1889	8884	8912	28
1890	8912	8940	28
1891	8940	8968	28
1892	8968	8997	29
1893	8997	9026	29
1894	9026	9055	29
1895	9055	9084	29
1896	9084	9113	29
1897	9113	9142	29
1898	9142	9172	30
1899	9172	9202	30
1900	9202	9232	30
1901	9232	9262	30
1902	9262	9292	30
1903	9292	9323	31
1904	9323	9354	31
1905	9354	9385	31
1906	9385	9416	31
1907	9416	9448	32
1908	9448	9480	32
1909	9480	9512	32
1910	9512	9544	32
1911	9544	9576	32
1912	9576	9609	33
1913	9609	9642	33
1914	9642	9675	33
1915	9675	9708	33
1916	9708	9742	34
1917	9742	9776	34
1918	9776	9810	34
1919	9810	9845	35
1920	9845	9880	35
1921	9880	9915	35
1922	9915	9950	35
1923	9950	9986	36
1924	9986	10022	36
1925	10022	10058	36
1926	10058	10094	36
1927	10094	10131	37
1928	10131	10168	37
1929	10168	10205	37
