#
#N Pointing	tstart	tend	Obs time
#		s
1	210	211	1
2	211	212	1
3	212	213	1
4	213	214	1
5	214	215	1
6	215	216	1
7	216	217	1
8	217	218	1
9	218	219	1
10	219	220	1
11	220	221	1
12	221	222	1
13	222	223	1
14	223	224	1
15	224	225	1
16	225	226	1
17	226	227	1
18	227	228	1
19	228	229	1
20	229	230	1
21	230	231	1
22	231	232	1
23	232	233	1
24	233	234	1
25	234	235	1
26	235	236	1
27	236	237	1
28	237	238	1
29	238	239	1
30	239	240	1
31	240	241	1
32	241	242	1
33	242	243	1
34	243	244	1
35	244	245	1
36	245	246	1
37	246	247	1
38	247	248	1
39	248	249	1
40	249	250	1
41	250	251	1
42	251	252	1
43	252	253	1
44	253	254	1
45	254	255	1
46	255	256	1
47	256	257	1
48	257	258	1
49	258	259	1
50	259	260	1
51	260	261	1
52	261	262	1
53	262	263	1
54	263	264	1
55	264	265	1
56	265	266	1
57	266	267	1
58	267	268	1
59	268	269	1
60	269	270	1
61	270	271	1
62	271	272	1
63	272	273	1
64	273	274	1
65	274	275	1
66	275	276	1
67	276	277	1
68	277	278	1
69	278	279	1
70	279	280	1
71	280	281	1
72	281	282	1
73	282	283	1
74	283	284	1
75	284	285	1
76	285	286	1
77	286	287	1
78	287	288	1
79	288	289	1
80	289	290	1
81	290	291	1
82	291	292	1
83	292	293	1
84	293	294	1
85	294	295	1
86	295	296	1
87	296	297	1
88	297	298	1
89	298	299	1
90	299	300	1
91	300	301	1
92	301	302	1
93	302	303	1
94	303	304	1
95	304	305	1
96	305	306	1
97	306	307	1
98	307	308	1
99	308	309	1
100	309	310	1
101	310	311	1
102	311	312	1
103	312	313	1
104	313	314	1
105	314	315	1
106	315	316	1
107	316	317	1
108	317	318	1
109	318	319	1
110	319	320	1
111	320	321	1
112	321	322	1
113	322	323	1
114	323	324	1
115	324	325	1
116	325	326	1
117	326	327	1
118	327	328	1
119	328	329	1
120	329	330	1
121	330	331	1
122	331	332	1
123	332	333	1
124	333	334	1
125	334	335	1
126	335	336	1
127	336	337	1
128	337	338	1
129	338	339	1
130	339	340	1
131	340	341	1
132	341	342	1
133	342	343	1
134	343	344	1
135	344	345	1
136	345	346	1
137	346	347	1
138	347	348	1
139	348	349	1
140	349	350	1
141	350	351	1
142	351	352	1
143	352	353	1
144	353	354	1
145	354	355	1
146	355	356	1
147	356	357	1
148	357	358	1
149	358	359	1
150	359	360	1
151	360	361	1
152	361	362	1
153	362	363	1
154	363	364	1
155	364	365	1
156	365	366	1
157	366	367	1
158	367	368	1
159	368	369	1
160	369	370	1
161	370	371	1
162	371	372	1
163	372	373	1
164	373	374	1
165	374	375	1
166	375	376	1
167	376	377	1
168	377	378	1
169	378	379	1
170	379	380	1
171	380	381	1
172	381	382	1
173	382	383	1
174	383	384	1
175	384	385	1
176	385	386	1
177	386	387	1
178	387	388	1
179	388	389	1
180	389	390	1
181	390	391	1
182	391	392	1
183	392	393	1
184	393	394	1
185	394	395	1
186	395	396	1
187	396	397	1
188	397	398	1
189	398	399	1
190	399	400	1
191	400	401	1
192	401	402	1
193	402	403	1
194	403	404	1
195	404	405	1
196	405	406	1
197	406	407	1
198	407	408	1
199	408	409	1
200	409	410	1
201	410	411	1
202	411	412	1
203	412	413	1
204	413	414	1
205	414	415	1
206	415	416	1
207	416	417	1
208	417	418	1
209	418	419	1
210	419	420	1
211	420	421	1
212	421	422	1
213	422	423	1
214	423	424	1
215	424	425	1
216	425	426	1
217	426	427	1
218	427	428	1
219	428	429	1
220	429	430	1
221	430	431	1
222	431	432	1
223	432	433	1
224	433	434	1
225	434	435	1
226	435	436	1
227	436	437	1
228	437	438	1
229	438	439	1
230	439	440	1
231	440	441	1
232	441	442	1
233	442	443	1
234	443	444	1
235	444	445	1
236	445	446	1
237	446	447	1
238	447	448	1
239	448	449	1
240	449	450	1
241	450	451	1
242	451	452	1
243	452	453	1
244	453	454	1
245	454	455	1
246	455	456	1
247	456	457	1
248	457	458	1
249	458	459	1
250	459	460	1
251	460	461	1
252	461	462	1
253	462	463	1
254	463	464	1
255	464	465	1
256	465	466	1
257	466	467	1
258	467	468	1
259	468	469	1
260	469	470	1
261	470	471	1
262	471	472	1
263	472	473	1
264	473	474	1
265	474	475	1
266	475	476	1
267	476	477	1
268	477	478	1
269	478	479	1
270	479	480	1
271	480	481	1
272	481	482	1
273	482	483	1
274	483	484	1
275	484	485	1
276	485	486	1
277	486	487	1
278	487	488	1
279	488	489	1
280	489	490	1
281	490	491	1
282	491	492	1
283	492	493	1
284	493	494	1
285	494	495	1
286	495	496	1
287	496	497	1
288	497	498	1
289	498	499	1
290	499	500	1
291	500	501	1
292	501	502	1
293	502	503	1
294	503	504	1
295	504	505	1
296	505	506	1
297	506	507	1
298	507	508	1
299	508	509	1
300	509	510	1
301	510	511	1
302	511	512	1
303	512	513	1
304	513	514	1
305	514	515	1
306	515	516	1
307	516	517	1
308	517	518	1
309	518	519	1
310	519	520	1
311	520	521	1
312	521	522	1
313	522	523	1
314	523	524	1
315	524	525	1
316	525	526	1
317	526	527	1
318	527	528	1
319	528	529	1
320	529	530	1
321	530	531	1
322	531	532	1
323	532	533	1
324	533	534	1
325	534	535	1
326	535	536	1
327	536	537	1
328	537	538	1
329	538	539	1
330	539	540	1
331	540	541	1
332	541	542	1
333	542	543	1
334	543	544	1
335	544	545	1
336	545	546	1
337	546	547	1
338	547	548	1
339	548	549	1
340	549	550	1
341	550	551	1
342	551	552	1
343	552	553	1
344	553	554	1
345	554	555	1
346	555	556	1
347	556	557	1
348	557	558	1
349	558	559	1
350	559	560	1
351	560	561	1
352	561	562	1
353	562	563	1
354	563	564	1
355	564	565	1
356	565	566	1
357	566	567	1
358	567	568	1
359	568	569	1
360	569	570	1
361	570	571	1
362	571	572	1
363	572	573	1
364	573	574	1
365	574	575	1
366	575	576	1
367	576	577	1
368	577	578	1
369	578	579	1
370	579	580	1
371	580	581	1
372	581	582	1
373	582	583	1
374	583	584	1
375	584	585	1
376	585	586	1
377	586	587	1
378	587	588	1
379	588	589	1
380	589	590	1
381	590	591	1
382	591	592	1
383	592	593	1
384	593	594	1
385	594	595	1
386	595	596	1
387	596	597	1
388	597	598	1
389	598	599	1
390	599	600	1
391	600	601	1
392	601	602	1
393	602	603	1
394	603	604	1
395	604	605	1
396	605	606	1
397	606	607	1
398	607	608	1
399	608	609	1
400	609	610	1
401	610	611	1
402	611	612	1
403	612	613	1
404	613	614	1
405	614	615	1
406	615	616	1
407	616	617	1
408	617	618	1
409	618	619	1
410	619	620	1
411	620	621	1
412	621	622	1
413	622	623	1
414	623	624	1
415	624	625	1
416	625	626	1
417	626	627	1
418	627	628	1
419	628	629	1
420	629	630	1
421	630	631	1
422	631	632	1
423	632	633	1
424	633	634	1
425	634	635	1
426	635	636	1
427	636	637	1
428	637	638	1
429	638	639	1
430	639	640	1
431	640	641	1
432	641	642	1
433	642	643	1
434	643	644	1
435	644	645	1
436	645	646	1
437	646	647	1
438	647	648	1
439	648	649	1
440	649	650	1
441	650	651	1
442	651	652	1
443	652	653	1
444	653	654	1
445	654	655	1
446	655	656	1
447	656	657	1
448	657	658	1
449	658	659	1
450	659	660	1
451	660	661	1
452	661	662	1
453	662	663	1
454	663	664	1
455	664	665	1
456	665	666	1
457	666	667	1
458	667	668	1
459	668	669	1
460	669	670	1
461	670	671	1
462	671	672	1
463	672	673	1
464	673	674	1
465	674	675	1
466	675	676	1
467	676	677	1
468	677	678	1
469	678	679	1
470	679	680	1
471	680	681	1
472	681	682	1
473	682	683	1
474	683	684	1
475	684	685	1
476	685	686	1
477	686	687	1
478	687	688	1
479	688	689	1
480	689	690	1
481	690	691	1
482	691	692	1
483	692	693	1
484	693	694	1
485	694	695	1
486	695	696	1
487	696	697	1
488	697	698	1
489	698	699	1
490	699	700	1
491	700	701	1
492	701	702	1
493	702	703	1
494	703	704	1
495	704	705	1
496	705	706	1
497	706	707	1
498	707	708	1
499	708	709	1
500	709	710	1
501	710	711	1
502	711	712	1
503	712	713	1
504	713	714	1
505	714	715	1
506	715	716	1
507	716	717	1
508	717	718	1
509	718	719	1
510	719	720	1
511	720	721	1
512	721	722	1
513	722	723	1
514	723	724	1
515	724	725	1
516	725	726	1
517	726	727	1
518	727	728	1
519	728	729	1
520	729	730	1
521	730	731	1
522	731	732	1
523	732	733	1
524	733	734	1
525	734	735	1
526	735	736	1
527	736	737	1
528	737	738	1
529	738	739	1
530	739	740	1
531	740	741	1
532	741	742	1
533	742	743	1
534	743	744	1
535	744	745	1
536	745	746	1
537	746	747	1
538	747	748	1
539	748	749	1
540	749	750	1
541	750	751	1
542	751	752	1
543	752	753	1
544	753	754	1
545	754	755	1
546	755	756	1
547	756	757	1
548	757	758	1
549	758	759	1
550	759	760	1
551	760	761	1
552	761	762	1
553	762	763	1
554	763	764	1
555	764	765	1
556	765	766	1
557	766	767	1
558	767	768	1
559	768	769	1
560	769	770	1
561	770	771	1
562	771	772	1
563	772	773	1
564	773	774	1
565	774	775	1
566	775	776	1
567	776	777	1
568	777	778	1
569	778	779	1
570	779	780	1
571	780	781	1
572	781	782	1
573	782	783	1
574	783	784	1
575	784	785	1
576	785	786	1
577	786	787	1
578	787	788	1
579	788	789	1
580	789	790	1
581	790	791	1
582	791	792	1
583	792	793	1
584	793	794	1
585	794	795	1
586	795	796	1
587	796	797	1
588	797	798	1
589	798	799	1
590	799	800	1
591	800	801	1
592	801	802	1
593	802	803	1
594	803	804	1
595	804	805	1
596	805	806	1
597	806	807	1
598	807	808	1
599	808	809	1
600	809	810	1
601	810	811	1
602	811	812	1
603	812	813	1
604	813	814	1
605	814	815	1
606	815	816	1
607	816	817	1
608	817	818	1
609	818	819	1
610	819	820	1
611	820	821	1
612	821	822	1
613	822	823	1
614	823	824	1
615	824	825	1
616	825	826	1
617	826	827	1
618	827	828	1
619	828	829	1
620	829	830	1
621	830	831	1
622	831	832	1
623	832	833	1
624	833	834	1
625	834	835	1
626	835	836	1
627	836	837	1
628	837	838	1
629	838	839	1
630	839	840	1
631	840	841	1
632	841	842	1
633	842	843	1
634	843	844	1
635	844	845	1
636	845	846	1
637	846	847	1
638	847	848	1
639	848	849	1
640	849	850	1
641	850	851	1
642	851	852	1
643	852	853	1
644	853	854	1
645	854	855	1
646	855	856	1
647	856	857	1
648	857	858	1
649	858	859	1
650	859	860	1
651	860	861	1
652	861	862	1
653	862	863	1
654	863	864	1
655	864	865	1
656	865	866	1
657	866	867	1
658	867	868	1
659	868	869	1
660	869	870	1
661	870	871	1
662	871	872	1
663	872	873	1
664	873	874	1
665	874	875	1
666	875	876	1
667	876	877	1
668	877	878	1
669	878	879	1
670	879	880	1
671	880	881	1
672	881	882	1
673	882	883	1
674	883	884	1
675	884	885	1
676	885	886	1
677	886	887	1
678	887	888	1
679	888	889	1
680	889	890	1
681	890	891	1
682	891	892	1
683	892	893	1
684	893	894	1
685	894	895	1
686	895	896	1
687	896	897	1
688	897	898	1
689	898	899	1
690	899	900	1
691	900	901	1
692	901	902	1
693	902	903	1
694	903	904	1
695	904	905	1
696	905	906	1
697	906	907	1
698	907	908	1
699	908	909	1
700	909	910	1
701	910	911	1
702	911	912	1
703	912	913	1
704	913	914	1
705	914	915	1
706	915	916	1
707	916	917	1
708	917	918	1
709	918	919	1
710	919	920	1
711	920	921	1
712	921	922	1
713	922	923	1
714	923	924	1
715	924	925	1
716	925	926	1
717	926	927	1
718	927	928	1
719	928	929	1
720	929	930	1
721	930	931	1
722	931	932	1
723	932	933	1
724	933	934	1
725	934	935	1
726	935	936	1
727	936	937	1
728	937	938	1
729	938	939	1
730	939	940	1
731	940	941	1
732	941	942	1
733	942	943	1
734	943	944	1
735	944	945	1
736	945	946	1
737	946	947	1
738	947	948	1
739	948	949	1
740	949	950	1
741	950	951	1
742	951	952	1
743	952	953	1
744	953	954	1
745	954	955	1
746	955	956	1
747	956	957	1
748	957	958	1
749	958	959	1
750	959	960	1
751	960	961	1
752	961	962	1
753	962	963	1
754	963	964	1
755	964	965	1
756	965	966	1
757	966	967	1
758	967	968	1
759	968	969	1
760	969	970	1
761	970	971	1
762	971	972	1
763	972	973	1
764	973	974	1
765	974	975	1
766	975	976	1
767	976	977	1
768	977	978	1
769	978	979	1
770	979	980	1
771	980	981	1
772	981	982	1
773	982	983	1
774	983	984	1
775	984	985	1
776	985	986	1
777	986	987	1
778	987	988	1
779	988	989	1
780	989	990	1
781	990	991	1
782	991	992	1
783	992	993	1
784	993	994	1
785	994	995	1
786	995	996	1
787	996	997	1
788	997	998	1
789	998	999	1
790	999	1000	1
791	1000	1001	1
792	1001	1002	1
793	1002	1003	1
794	1003	1004	1
795	1004	1005	1
796	1005	1006	1
797	1006	1007	1
798	1007	1008	1
799	1008	1009	1
800	1009	1010	1
801	1010	1011	1
802	1011	1012	1
803	1012	1013	1
804	1013	1014	1
805	1014	1015	1
806	1015	1016	1
807	1016	1017	1
808	1017	1018	1
809	1018	1019	1
810	1019	1020	1
811	1020	1021	1
812	1021	1022	1
813	1022	1023	1
814	1023	1024	1
815	1024	1025	1
816	1025	1026	1
817	1026	1027	1
818	1027	1028	1
819	1028	1029	1
820	1029	1030	1
821	1030	1031	1
822	1031	1032	1
823	1032	1033	1
824	1033	1034	1
825	1034	1035	1
826	1035	1036	1
827	1036	1037	1
828	1037	1038	1
829	1038	1039	1
830	1039	1040	1
831	1040	1041	1
832	1041	1042	1
833	1042	1043	1
834	1043	1044	1
835	1044	1045	1
836	1045	1046	1
837	1046	1047	1
838	1047	1048	1
839	1048	1049	1
840	1049	1050	1
841	1050	1051	1
842	1051	1052	1
843	1052	1053	1
844	1053	1054	1
845	1054	1055	1
846	1055	1056	1
847	1056	1057	1
848	1057	1058	1
849	1058	1059	1
850	1059	1060	1
851	1060	1061	1
852	1061	1062	1
853	1062	1063	1
854	1063	1064	1
855	1064	1065	1
856	1065	1066	1
857	1066	1067	1
858	1067	1068	1
859	1068	1069	1
860	1069	1070	1
861	1070	1071	1
862	1071	1072	1
863	1072	1073	1
864	1073	1074	1
865	1074	1075	1
866	1075	1076	1
867	1076	1077	1
868	1077	1078	1
869	1078	1079	1
870	1079	1080	1
871	1080	1081	1
872	1081	1082	1
873	1082	1083	1
874	1083	1084	1
875	1084	1085	1
876	1085	1086	1
877	1086	1087	1
878	1087	1088	1
879	1088	1089	1
880	1089	1090	1
881	1090	1091	1
882	1091	1092	1
883	1092	1093	1
884	1093	1094	1
885	1094	1095	1
886	1095	1096	1
887	1096	1097	1
888	1097	1098	1
889	1098	1099	1
890	1099	1100	1
891	1100	1101	1
892	1101	1102	1
893	1102	1103	1
894	1103	1104	1
895	1104	1105	1
896	1105	1106	1
897	1106	1107	1
898	1107	1108	1
899	1108	1109	1
900	1109	1110	1
901	1110	1111	1
902	1111	1112	1
903	1112	1113	1
904	1113	1114	1
905	1114	1115	1
906	1115	1116	1
907	1116	1117	1
908	1117	1118	1
909	1118	1119	1
910	1119	1120	1
911	1120	1121	1
912	1121	1122	1
913	1122	1123	1
914	1123	1124	1
915	1124	1125	1
916	1125	1126	1
917	1126	1127	1
918	1127	1128	1
919	1128	1129	1
920	1129	1130	1
921	1130	1131	1
922	1131	1132	1
923	1132	1133	1
924	1133	1134	1
925	1134	1135	1
926	1135	1136	1
927	1136	1137	1
928	1137	1138	1
929	1138	1139	1
930	1139	1140	1
931	1140	1141	1
932	1141	1142	1
933	1142	1143	1
934	1143	1144	1
935	1144	1145	1
936	1145	1146	1
937	1146	1147	1
938	1147	1148	1
939	1148	1149	1
940	1149	1150	1
941	1150	1151	1
942	1151	1152	1
943	1152	1153	1
944	1153	1154	1
945	1154	1155	1
946	1155	1156	1
947	1156	1157	1
948	1157	1158	1
949	1158	1159	1
950	1159	1160	1
951	1160	1161	1
952	1161	1162	1
953	1162	1163	1
954	1163	1164	1
955	1164	1165	1
956	1165	1166	1
957	1166	1167	1
958	1167	1168	1
959	1168	1169	1
960	1169	1170	1
961	1170	1171	1
962	1171	1172	1
963	1172	1173	1
964	1173	1174	1
965	1174	1175	1
966	1175	1176	1
967	1176	1177	1
968	1177	1178	1
969	1178	1179	1
970	1179	1180	1
971	1180	1181	1
972	1181	1182	1
973	1182	1183	1
974	1183	1184	1
975	1184	1185	1
976	1185	1186	1
977	1186	1187	1
978	1187	1188	1
979	1188	1189	1
980	1189	1190	1
981	1190	1191	1
982	1191	1192	1
983	1192	1193	1
984	1193	1194	1
985	1194	1195	1
986	1195	1196	1
987	1196	1197	1
988	1197	1198	1
989	1198	1199	1
990	1199	1200	1
991	1200	1201	1
992	1201	1202	1
993	1202	1203	1
994	1203	1204	1
995	1204	1205	1
996	1205	1206	1
997	1206	1207	1
998	1207	1208	1
999	1208	1209	1
1000	1209	1210	1
1001	1210	1211	1
1002	1211	1212	1
1003	1212	1213	1
1004	1213	1214	1
1005	1214	1215	1
1006	1215	1216	1
1007	1216	1217	1
1008	1217	1218	1
1009	1218	1219	1
1010	1219	1220	1
1011	1220	1221	1
1012	1221	1222	1
1013	1222	1223	1
1014	1223	1224	1
1015	1224	1225	1
1016	1225	1226	1
1017	1226	1227	1
1018	1227	1228	1
1019	1228	1229	1
1020	1229	1230	1
1021	1230	1231	1
1022	1231	1232	1
1023	1232	1233	1
1024	1233	1234	1
1025	1234	1235	1
1026	1235	1236	1
1027	1236	1237	1
1028	1237	1238	1
1029	1238	1239	1
1030	1239	1240	1
1031	1240	1241	1
1032	1241	1242	1
1033	1242	1243	1
1034	1243	1244	1
1035	1244	1245	1
1036	1245	1246	1
1037	1246	1247	1
1038	1247	1248	1
1039	1248	1249	1
1040	1249	1250	1
1041	1250	1251	1
1042	1251	1252	1
1043	1252	1253	1
1044	1253	1254	1
1045	1254	1255	1
1046	1255	1256	1
1047	1256	1257	1
1048	1257	1258	1
1049	1258	1259	1
1050	1259	1260	1
1051	1260	1261	1
1052	1261	1262	1
1053	1262	1263	1
1054	1263	1264	1
1055	1264	1265	1
1056	1265	1266	1
1057	1266	1267	1
1058	1267	1268	1
1059	1268	1269	1
1060	1269	1270	1
1061	1270	1271	1
1062	1271	1272	1
1063	1272	1273	1
1064	1273	1274	1
1065	1274	1275	1
1066	1275	1276	1
1067	1276	1277	1
1068	1277	1278	1
1069	1278	1279	1
1070	1279	1280	1
1071	1280	1281	1
1072	1281	1282	1
1073	1282	1283	1
1074	1283	1284	1
1075	1284	1285	1
1076	1285	1286	1
1077	1286	1287	1
1078	1287	1288	1
1079	1288	1289	1
1080	1289	1290	1
1081	1290	1291	1
1082	1291	1292	1
1083	1292	1293	1
1084	1293	1294	1
1085	1294	1295	1
1086	1295	1296	1
1087	1296	1297	1
1088	1297	1298	1
1089	1298	1299	1
1090	1299	1300	1
1091	1300	1301	1
1092	1301	1302	1
1093	1302	1303	1
1094	1303	1304	1
1095	1304	1305	1
1096	1305	1306	1
1097	1306	1307	1
1098	1307	1308	1
1099	1308	1309	1
1100	1309	1310	1
1101	1310	1311	1
1102	1311	1312	1
1103	1312	1313	1
1104	1313	1314	1
1105	1314	1315	1
1106	1315	1316	1
1107	1316	1317	1
1108	1317	1318	1
1109	1318	1319	1
1110	1319	1320	1
1111	1320	1321	1
1112	1321	1322	1
1113	1322	1323	1
1114	1323	1324	1
1115	1324	1325	1
1116	1325	1326	1
1117	1326	1327	1
1118	1327	1328	1
1119	1328	1329	1
1120	1329	1330	1
1121	1330	1331	1
1122	1331	1332	1
1123	1332	1333	1
1124	1333	1334	1
1125	1334	1335	1
1126	1335	1336	1
1127	1336	1337	1
1128	1337	1338	1
1129	1338	1339	1
1130	1339	1340	1
1131	1340	1341	1
1132	1341	1342	1
1133	1342	1343	1
1134	1343	1344	1
1135	1344	1345	1
1136	1345	1346	1
1137	1346	1347	1
1138	1347	1348	1
1139	1348	1349	1
1140	1349	1350	1
1141	1350	1351	1
1142	1351	1352	1
1143	1352	1353	1
1144	1353	1354	1
1145	1354	1355	1
1146	1355	1356	1
1147	1356	1357	1
1148	1357	1358	1
1149	1358	1359	1
1150	1359	1360	1
1151	1360	1361	1
1152	1361	1362	1
1153	1362	1363	1
1154	1363	1364	1
1155	1364	1365	1
1156	1365	1366	1
1157	1366	1367	1
1158	1367	1368	1
1159	1368	1369	1
1160	1369	1370	1
1161	1370	1371	1
1162	1371	1372	1
1163	1372	1373	1
1164	1373	1374	1
1165	1374	1375	1
1166	1375	1376	1
1167	1376	1377	1
1168	1377	1378	1
1169	1378	1379	1
1170	1379	1380	1
1171	1380	1381	1
1172	1381	1382	1
1173	1382	1383	1
1174	1383	1384	1
1175	1384	1385	1
1176	1385	1386	1
1177	1386	1387	1
1178	1387	1388	1
1179	1388	1389	1
1180	1389	1390	1
1181	1390	1391	1
1182	1391	1392	1
1183	1392	1393	1
1184	1393	1394	1
1185	1394	1395	1
1186	1395	1396	1
1187	1396	1397	1
1188	1397	1398	1
1189	1398	1399	1
1190	1399	1400	1
1191	1400	1401	1
1192	1401	1402	1
1193	1402	1403	1
1194	1403	1404	1
1195	1404	1405	1
1196	1405	1406	1
1197	1406	1407	1
1198	1407	1408	1
1199	1408	1409	1
1200	1409	1410	1
1201	1410	1411	1
1202	1411	1412	1
1203	1412	1413	1
1204	1413	1414	1
1205	1414	1415	1
1206	1415	1416	1
1207	1416	1417	1
1208	1417	1418	1
1209	1418	1419	1
1210	1419	1420	1
1211	1420	1421	1
1212	1421	1422	1
1213	1422	1423	1
1214	1423	1424	1
1215	1424	1425	1
1216	1425	1426	1
1217	1426	1427	1
1218	1427	1428	1
1219	1428	1429	1
1220	1429	1430	1
1221	1430	1431	1
1222	1431	1432	1
1223	1432	1433	1
1224	1433	1434	1
1225	1434	1435	1
1226	1435	1436	1
1227	1436	1437	1
1228	1437	1438	1
1229	1438	1439	1
1230	1439	1440	1
1231	1440	1441	1
1232	1441	1442	1
1233	1442	1443	1
1234	1443	1444	1
1235	1444	1445	1
1236	1445	1446	1
1237	1446	1447	1
1238	1447	1448	1
1239	1448	1449	1
1240	1449	1450	1
1241	1450	1451	1
1242	1451	1452	1
1243	1452	1453	1
1244	1453	1454	1
1245	1454	1455	1
1246	1455	1456	1
1247	1456	1457	1
1248	1457	1458	1
1249	1458	1459	1
1250	1459	1460	1
1251	1460	1461	1
1252	1461	1462	1
1253	1462	1463	1
1254	1463	1464	1
1255	1464	1465	1
1256	1465	1466	1
1257	1466	1467	1
1258	1467	1468	1
1259	1468	1469	1
1260	1469	1470	1
1261	1470	1471	1
1262	1471	1472	1
1263	1472	1473	1
1264	1473	1474	1
1265	1474	1475	1
1266	1475	1476	1
1267	1476	1477	1
1268	1477	1478	1
1269	1478	1479	1
1270	1479	1480	1
1271	1480	1481	1
1272	1481	1482	1
1273	1482	1483	1
1274	1483	1484	1
1275	1484	1485	1
1276	1485	1486	1
1277	1486	1487	1
1278	1487	1488	1
1279	1488	1489	1
1280	1489	1490	1
1281	1490	1491	1
1282	1491	1492	1
1283	1492	1493	1
1284	1493	1494	1
1285	1494	1495	1
1286	1495	1496	1
1287	1496	1497	1
1288	1497	1498	1
1289	1498	1499	1
1290	1499	1500	1
1291	1500	1501	1
1292	1501	1502	1
1293	1502	1503	1
1294	1503	1504	1
1295	1504	1505	1
1296	1505	1506	1
1297	1506	1507	1
1298	1507	1508	1
1299	1508	1509	1
1300	1509	1510	1
1301	1510	1511	1
1302	1511	1512	1
1303	1512	1513	1
1304	1513	1514	1
1305	1514	1515	1
1306	1515	1516	1
1307	1516	1517	1
1308	1517	1518	1
1309	1518	1519	1
1310	1519	1520	1
1311	1520	1521	1
1312	1521	1522	1
1313	1522	1523	1
1314	1523	1524	1
1315	1524	1525	1
1316	1525	1526	1
1317	1526	1527	1
1318	1527	1528	1
1319	1528	1529	1
1320	1529	1530	1
1321	1530	1531	1
1322	1531	1532	1
1323	1532	1533	1
1324	1533	1534	1
1325	1534	1535	1
1326	1535	1536	1
1327	1536	1537	1
1328	1537	1538	1
1329	1538	1539	1
1330	1539	1540	1
1331	1540	1541	1
1332	1541	1542	1
1333	1542	1543	1
1334	1543	1544	1
1335	1544	1545	1
1336	1545	1546	1
1337	1546	1547	1
1338	1547	1548	1
1339	1548	1549	1
1340	1549	1550	1
1341	1550	1551	1
1342	1551	1552	1
1343	1552	1553	1
1344	1553	1554	1
1345	1554	1555	1
1346	1555	1556	1
1347	1556	1557	1
1348	1557	1558	1
1349	1558	1559	1
1350	1559	1560	1
1351	1560	1561	1
1352	1561	1562	1
1353	1562	1563	1
1354	1563	1564	1
1355	1564	1565	1
1356	1565	1566	1
1357	1566	1567	1
1358	1567	1568	1
1359	1568	1569	1
1360	1569	1570	1
1361	1570	1571	1
1362	1571	1572	1
1363	1572	1573	1
1364	1573	1574	1
1365	1574	1575	1
1366	1575	1576	1
1367	1576	1577	1
1368	1577	1578	1
1369	1578	1579	1
1370	1579	1580	1
1371	1580	1581	1
1372	1581	1582	1
1373	1582	1583	1
1374	1583	1584	1
1375	1584	1585	1
1376	1585	1586	1
1377	1586	1587	1
1378	1587	1588	1
1379	1588	1589	1
1380	1589	1590	1
1381	1590	1591	1
1382	1591	1592	1
1383	1592	1593	1
1384	1593	1594	1
1385	1594	1595	1
1386	1595	1596	1
1387	1596	1597	1
1388	1597	1598	1
1389	1598	1599	1
1390	1599	1600	1
1391	1600	1601	1
1392	1601	1602	1
1393	1602	1603	1
1394	1603	1604	1
1395	1604	1605	1
1396	1605	1606	1
1397	1606	1607	1
1398	1607	1608	1
1399	1608	1609	1
1400	1609	1610	1
1401	1610	1611	1
1402	1611	1612	1
1403	1612	1613	1
1404	1613	1614	1
1405	1614	1615	1
1406	1615	1616	1
1407	1616	1617	1
1408	1617	1618	1
1409	1618	1619	1
1410	1619	1620	1
1411	1620	1621	1
1412	1621	1622	1
1413	1622	1623	1
1414	1623	1624	1
1415	1624	1625	1
1416	1625	1626	1
1417	1626	1627	1
1418	1627	1628	1
1419	1628	1629	1
1420	1629	1630	1
1421	1630	1631	1
1422	1631	1632	1
1423	1632	1633	1
1424	1633	1634	1
1425	1634	1635	1
1426	1635	1636	1
1427	1636	1637	1
1428	1637	1639	2
1429	1639	1641	2
1430	1641	1643	2
1431	1643	1645	2
1432	1645	1647	2
1433	1647	1649	2
1434	1649	1651	2
1435	1651	1653	2
1436	1653	1655	2
1437	1655	1657	2
1438	1657	1659	2
1439	1659	1661	2
1440	1661	1663	2
1441	1663	1665	2
1442	1665	1667	2
1443	1667	1669	2
1444	1669	1671	2
1445	1671	1673	2
1446	1673	1675	2
1447	1675	1677	2
1448	1677	1679	2
1449	1679	1681	2
1450	1681	1683	2
1451	1683	1685	2
1452	1685	1687	2
1453	1687	1689	2
1454	1689	1691	2
1455	1691	1693	2
1456	1693	1695	2
1457	1695	1697	2
1458	1697	1699	2
1459	1699	1701	2
1460	1701	1703	2
1461	1703	1705	2
1462	1705	1707	2
1463	1707	1709	2
1464	1709	1711	2
1465	1711	1713	2
1466	1713	1715	2
1467	1715	1717	2
1468	1717	1719	2
1469	1719	1721	2
1470	1721	1723	2
1471	1723	1725	2
1472	1725	1727	2
1473	1727	1729	2
1474	1729	1731	2
1475	1731	1733	2
1476	1733	1735	2
1477	1735	1737	2
1478	1737	1739	2
1479	1739	1741	2
1480	1741	1743	2
1481	1743	1745	2
1482	1745	1747	2
1483	1747	1749	2
1484	1749	1751	2
1485	1751	1753	2
1486	1753	1755	2
1487	1755	1757	2
1488	1757	1759	2
1489	1759	1761	2
1490	1761	1763	2
1491	1763	1765	2
1492	1765	1767	2
1493	1767	1769	2
1494	1769	1771	2
1495	1771	1773	2
1496	1773	1775	2
1497	1775	1777	2
1498	1777	1779	2
1499	1779	1781	2
1500	1781	1783	2
1501	1783	1785	2
1502	1785	1787	2
1503	1787	1789	2
1504	1789	1791	2
1505	1791	1793	2
1506	1793	1795	2
1507	1795	1797	2
1508	1797	1799	2
1509	1799	1801	2
1510	1801	1803	2
1511	1803	1805	2
1512	1805	1807	2
1513	1807	1809	2
1514	1809	1811	2
1515	1811	1813	2
1516	1813	1815	2
1517	1815	1817	2
1518	1817	1819	2
1519	1819	1821	2
1520	1821	1823	2
1521	1823	1825	2
1522	1825	1827	2
1523	1827	1829	2
1524	1829	1831	2
1525	1831	1833	2
1526	1833	1835	2
1527	1835	1837	2
1528	1837	1839	2
1529	1839	1841	2
1530	1841	1843	2
1531	1843	1845	2
1532	1845	1847	2
1533	1847	1849	2
1534	1849	1851	2
1535	1851	1853	2
1536	1853	1855	2
1537	1855	1857	2
1538	1857	1859	2
1539	1859	1861	2
1540	1861	1863	2
1541	1863	1865	2
1542	1865	1867	2
1543	1867	1869	2
1544	1869	1871	2
1545	1871	1873	2
1546	1873	1875	2
1547	1875	1877	2
1548	1877	1879	2
1549	1879	1881	2
1550	1881	1883	2
1551	1883	1885	2
1552	1885	1887	2
1553	1887	1889	2
1554	1889	1891	2
1555	1891	1893	2
1556	1893	1895	2
1557	1895	1897	2
1558	1897	1899	2
1559	1899	1901	2
1560	1901	1903	2
1561	1903	1905	2
1562	1905	1907	2
1563	1907	1909	2
1564	1909	1911	2
1565	1911	1913	2
1566	1913	1915	2
1567	1915	1917	2
1568	1917	1919	2
1569	1919	1921	2
1570	1921	1923	2
1571	1923	1925	2
1572	1925	1927	2
1573	1927	1929	2
1574	1929	1931	2
1575	1931	1933	2
1576	1933	1935	2
1577	1935	1937	2
1578	1937	1939	2
1579	1939	1941	2
1580	1941	1943	2
1581	1943	1945	2
1582	1945	1947	2
1583	1947	1949	2
1584	1949	1951	2
1585	1951	1953	2
1586	1953	1955	2
1587	1955	1957	2
1588	1957	1959	2
1589	1959	1961	2
1590	1961	1963	2
1591	1963	1965	2
1592	1965	1967	2
1593	1967	1969	2
1594	1969	1971	2
1595	1971	1973	2
1596	1973	1975	2
1597	1975	1977	2
1598	1977	1979	2
1599	1979	1981	2
1600	1981	1983	2
1601	1983	1985	2
1602	1985	1987	2
1603	1987	1989	2
1604	1989	1991	2
1605	1991	1993	2
1606	1993	1995	2
1607	1995	1997	2
1608	1997	1999	2
1609	1999	2001	2
1610	2001	2003	2
1611	2003	2005	2
1612	2005	2007	2
1613	2007	2009	2
1614	2009	2011	2
1615	2011	2013	2
1616	2013	2015	2
1617	2015	2017	2
1618	2017	2019	2
1619	2019	2021	2
1620	2021	2023	2
1621	2023	2025	2
1622	2025	2027	2
1623	2027	2029	2
1624	2029	2031	2
1625	2031	2033	2
1626	2033	2035	2
1627	2035	2037	2
1628	2037	2039	2
1629	2039	2041	2
1630	2041	2043	2
1631	2043	2045	2
1632	2045	2047	2
1633	2047	2049	2
1634	2049	2051	2
1635	2051	2053	2
1636	2053	2055	2
1637	2055	2057	2
1638	2057	2059	2
1639	2059	2061	2
1640	2061	2063	2
1641	2063	2065	2
1642	2065	2067	2
1643	2067	2069	2
1644	2069	2071	2
1645	2071	2073	2
1646	2073	2075	2
1647	2075	2077	2
1648	2077	2079	2
1649	2079	2081	2
1650	2081	2083	2
1651	2083	2085	2
1652	2085	2087	2
1653	2087	2089	2
1654	2089	2091	2
1655	2091	2093	2
1656	2093	2095	2
1657	2095	2097	2
1658	2097	2099	2
1659	2099	2101	2
1660	2101	2103	2
1661	2103	2105	2
1662	2105	2107	2
1663	2107	2109	2
1664	2109	2111	2
1665	2111	2113	2
1666	2113	2115	2
1667	2115	2117	2
1668	2117	2119	2
1669	2119	2121	2
1670	2121	2123	2
1671	2123	2125	2
1672	2125	2127	2
1673	2127	2129	2
1674	2129	2131	2
1675	2131	2133	2
1676	2133	2135	2
1677	2135	2137	2
1678	2137	2139	2
1679	2139	2141	2
1680	2141	2143	2
1681	2143	2145	2
1682	2145	2147	2
1683	2147	2149	2
1684	2149	2151	2
1685	2151	2153	2
1686	2153	2155	2
1687	2155	2157	2
1688	2157	2159	2
1689	2159	2161	2
1690	2161	2163	2
1691	2163	2165	2
1692	2165	2167	2
1693	2167	2169	2
1694	2169	2171	2
1695	2171	2173	2
1696	2173	2175	2
1697	2175	2177	2
1698	2177	2179	2
1699	2179	2181	2
1700	2181	2183	2
1701	2183	2185	2
1702	2185	2187	2
1703	2187	2189	2
1704	2189	2191	2
1705	2191	2193	2
1706	2193	2195	2
1707	2195	2197	2
1708	2197	2199	2
1709	2199	2201	2
1710	2201	2203	2
1711	2203	2205	2
1712	2205	2207	2
1713	2207	2209	2
1714	2209	2211	2
1715	2211	2213	2
1716	2213	2215	2
1717	2215	2217	2
1718	2217	2219	2
1719	2219	2221	2
1720	2221	2223	2
1721	2223	2225	2
1722	2225	2227	2
1723	2227	2229	2
1724	2229	2231	2
1725	2231	2233	2
1726	2233	2235	2
1727	2235	2237	2
1728	2237	2239	2
1729	2239	2241	2
1730	2241	2243	2
1731	2243	2245	2
1732	2245	2247	2
1733	2247	2249	2
1734	2249	2251	2
1735	2251	2253	2
1736	2253	2255	2
1737	2255	2257	2
1738	2257	2259	2
1739	2259	2261	2
1740	2261	2263	2
1741	2263	2265	2
1742	2265	2267	2
1743	2267	2269	2
1744	2269	2271	2
1745	2271	2273	2
1746	2273	2275	2
1747	2275	2277	2
1748	2277	2279	2
1749	2279	2281	2
1750	2281	2283	2
1751	2283	2285	2
1752	2285	2287	2
1753	2287	2289	2
1754	2289	2291	2
1755	2291	2293	2
1756	2293	2295	2
1757	2295	2297	2
1758	2297	2299	2
1759	2299	2301	2
1760	2301	2303	2
1761	2303	2305	2
1762	2305	2307	2
1763	2307	2309	2
1764	2309	2311	2
1765	2311	2313	2
1766	2313	2315	2
1767	2315	2317	2
1768	2317	2319	2
1769	2319	2321	2
1770	2321	2323	2
1771	2323	2325	2
1772	2325	2327	2
1773	2327	2329	2
1774	2329	2331	2
1775	2331	2333	2
1776	2333	2335	2
1777	2335	2337	2
1778	2337	2339	2
1779	2339	2341	2
1780	2341	2343	2
1781	2343	2345	2
1782	2345	2347	2
1783	2347	2349	2
1784	2349	2351	2
1785	2351	2353	2
1786	2353	2355	2
1787	2355	2357	2
1788	2357	2359	2
1789	2359	2361	2
1790	2361	2363	2
1791	2363	2365	2
1792	2365	2367	2
1793	2367	2369	2
1794	2369	2371	2
1795	2371	2373	2
1796	2373	2375	2
1797	2375	2377	2
1798	2377	2379	2
1799	2379	2381	2
1800	2381	2383	2
1801	2383	2385	2
1802	2385	2387	2
1803	2387	2389	2
1804	2389	2391	2
1805	2391	2393	2
1806	2393	2395	2
1807	2395	2397	2
1808	2397	2399	2
1809	2399	2401	2
1810	2401	2403	2
1811	2403	2405	2
1812	2405	2407	2
1813	2407	2409	2
1814	2409	2411	2
1815	2411	2413	2
1816	2413	2415	2
1817	2415	2417	2
1818	2417	2419	2
1819	2419	2421	2
1820	2421	2423	2
1821	2423	2425	2
1822	2425	2427	2
1823	2427	2429	2
1824	2429	2431	2
1825	2431	2433	2
1826	2433	2435	2
1827	2435	2437	2
1828	2437	2439	2
1829	2439	2441	2
1830	2441	2443	2
1831	2443	2445	2
1832	2445	2447	2
1833	2447	2449	2
1834	2449	2451	2
1835	2451	2453	2
1836	2453	2455	2
1837	2455	2457	2
1838	2457	2459	2
1839	2459	2461	2
1840	2461	2463	2
1841	2463	2465	2
1842	2465	2467	2
1843	2467	2469	2
1844	2469	2471	2
1845	2471	2473	2
1846	2473	2475	2
1847	2475	2477	2
1848	2477	2479	2
1849	2479	2481	2
1850	2481	2483	2
1851	2483	2485	2
1852	2485	2487	2
1853	2487	2489	2
1854	2489	2491	2
1855	2491	2493	2
1856	2493	2495	2
1857	2495	2497	2
1858	2497	2499	2
1859	2499	2501	2
1860	2501	2503	2
1861	2503	2505	2
1862	2505	2507	2
1863	2507	2509	2
1864	2509	2511	2
1865	2511	2513	2
1866	2513	2515	2
1867	2515	2517	2
1868	2517	2519	2
1869	2519	2521	2
1870	2521	2523	2
1871	2523	2525	2
1872	2525	2527	2
1873	2527	2529	2
1874	2529	2531	2
1875	2531	2534	3
1876	2534	2537	3
1877	2537	2540	3
1878	2540	2543	3
1879	2543	2546	3
1880	2546	2549	3
1881	2549	2552	3
1882	2552	2555	3
1883	2555	2558	3
1884	2558	2561	3
1885	2561	2564	3
1886	2564	2567	3
1887	2567	2570	3
1888	2570	2573	3
1889	2573	2576	3
1890	2576	2579	3
1891	2579	2582	3
1892	2582	2585	3
1893	2585	2588	3
1894	2588	2591	3
1895	2591	2594	3
1896	2594	2597	3
1897	2597	2600	3
1898	2600	2603	3
1899	2603	2606	3
1900	2606	2609	3
1901	2609	2612	3
1902	2612	2615	3
1903	2615	2618	3
1904	2618	2621	3
1905	2621	2624	3
1906	2624	2627	3
1907	2627	2630	3
1908	2630	2633	3
1909	2633	2636	3
1910	2636	2639	3
1911	2639	2642	3
1912	2642	2645	3
1913	2645	2648	3
1914	2648	2651	3
1915	2651	2654	3
1916	2654	2657	3
1917	2657	2660	3
1918	2660	2663	3
1919	2663	2666	3
1920	2666	2669	3
1921	2669	2672	3
1922	2672	2675	3
1923	2675	2678	3
1924	2678	2681	3
1925	2681	2684	3
1926	2684	2687	3
1927	2687	2690	3
1928	2690	2693	3
1929	2693	2696	3
1930	2696	2699	3
1931	2699	2702	3
1932	2702	2705	3
1933	2705	2708	3
1934	2708	2711	3
1935	2711	2714	3
1936	2714	2717	3
1937	2717	2720	3
1938	2720	2723	3
1939	2723	2726	3
1940	2726	2729	3
1941	2729	2732	3
1942	2732	2735	3
1943	2735	2738	3
1944	2738	2741	3
1945	2741	2744	3
1946	2744	2747	3
1947	2747	2750	3
1948	2750	2753	3
1949	2753	2756	3
1950	2756	2759	3
1951	2759	2762	3
1952	2762	2765	3
1953	2765	2768	3
1954	2768	2771	3
1955	2771	2774	3
1956	2774	2777	3
1957	2777	2780	3
1958	2780	2783	3
1959	2783	2786	3
1960	2786	2789	3
1961	2789	2792	3
1962	2792	2795	3
1963	2795	2798	3
1964	2798	2801	3
1965	2801	2804	3
1966	2804	2807	3
1967	2807	2810	3
1968	2810	2813	3
1969	2813	2816	3
1970	2816	2819	3
1971	2819	2822	3
1972	2822	2825	3
1973	2825	2828	3
1974	2828	2831	3
1975	2831	2834	3
1976	2834	2837	3
1977	2837	2840	3
1978	2840	2843	3
1979	2843	2846	3
1980	2846	2849	3
1981	2849	2852	3
1982	2852	2855	3
1983	2855	2858	3
1984	2858	2861	3
1985	2861	2864	3
1986	2864	2867	3
1987	2867	2870	3
1988	2870	2873	3
1989	2873	2876	3
1990	2876	2879	3
1991	2879	2882	3
1992	2882	2885	3
1993	2885	2888	3
1994	2888	2891	3
1995	2891	2894	3
1996	2894	2897	3
1997	2897	2900	3
1998	2900	2903	3
1999	2903	2906	3
2000	2906	2909	3
2001	2909	2912	3
2002	2912	2915	3
2003	2915	2918	3
2004	2918	2921	3
2005	2921	2924	3
2006	2924	2927	3
2007	2927	2930	3
2008	2930	2933	3
2009	2933	2936	3
2010	2936	2939	3
2011	2939	2942	3
2012	2942	2945	3
2013	2945	2948	3
2014	2948	2951	3
2015	2951	2954	3
2016	2954	2957	3
2017	2957	2960	3
2018	2960	2963	3
2019	2963	2966	3
2020	2966	2969	3
2021	2969	2972	3
2022	2972	2975	3
2023	2975	2978	3
2024	2978	2981	3
2025	2981	2984	3
2026	2984	2987	3
2027	2987	2990	3
2028	2990	2993	3
2029	2993	2996	3
2030	2996	2999	3
2031	2999	3002	3
2032	3002	3005	3
2033	3005	3008	3
2034	3008	3011	3
2035	3011	3014	3
2036	3014	3017	3
2037	3017	3020	3
2038	3020	3023	3
2039	3023	3026	3
2040	3026	3029	3
2041	3029	3032	3
2042	3032	3035	3
2043	3035	3038	3
2044	3038	3041	3
2045	3041	3044	3
2046	3044	3047	3
2047	3047	3050	3
2048	3050	3053	3
2049	3053	3056	3
2050	3056	3059	3
2051	3059	3062	3
2052	3062	3065	3
2053	3065	3068	3
2054	3068	3071	3
2055	3071	3074	3
2056	3074	3077	3
2057	3077	3080	3
2058	3080	3083	3
2059	3083	3086	3
2060	3086	3089	3
2061	3089	3092	3
2062	3092	3095	3
2063	3095	3098	3
2064	3098	3101	3
2065	3101	3104	3
2066	3104	3107	3
2067	3107	3110	3
2068	3110	3113	3
2069	3113	3116	3
2070	3116	3119	3
2071	3119	3122	3
2072	3122	3125	3
2073	3125	3128	3
2074	3128	3131	3
2075	3131	3134	3
2076	3134	3137	3
2077	3137	3140	3
2078	3140	3143	3
2079	3143	3146	3
2080	3146	3149	3
2081	3149	3152	3
2082	3152	3155	3
2083	3155	3158	3
2084	3158	3161	3
2085	3161	3164	3
2086	3164	3167	3
2087	3167	3170	3
2088	3170	3173	3
2089	3173	3176	3
2090	3176	3179	3
2091	3179	3182	3
2092	3182	3185	3
2093	3185	3188	3
2094	3188	3191	3
2095	3191	3194	3
2096	3194	3197	3
2097	3197	3200	3
2098	3200	3203	3
2099	3203	3206	3
2100	3206	3209	3
2101	3209	3212	3
2102	3212	3215	3
2103	3215	3218	3
2104	3218	3221	3
2105	3221	3224	3
2106	3224	3227	3
2107	3227	3230	3
2108	3230	3233	3
2109	3233	3236	3
2110	3236	3239	3
2111	3239	3243	4
2112	3243	3247	4
2113	3247	3251	4
2114	3251	3255	4
2115	3255	3259	4
2116	3259	3263	4
2117	3263	3267	4
2118	3267	3271	4
2119	3271	3275	4
2120	3275	3279	4
2121	3279	3283	4
2122	3283	3287	4
2123	3287	3291	4
2124	3291	3295	4
2125	3295	3299	4
2126	3299	3303	4
2127	3303	3307	4
2128	3307	3311	4
2129	3311	3315	4
2130	3315	3319	4
2131	3319	3323	4
2132	3323	3327	4
2133	3327	3331	4
2134	3331	3335	4
2135	3335	3339	4
2136	3339	3343	4
2137	3343	3347	4
2138	3347	3351	4
2139	3351	3355	4
2140	3355	3359	4
2141	3359	3363	4
2142	3363	3367	4
2143	3367	3371	4
2144	3371	3375	4
2145	3375	3379	4
2146	3379	3383	4
2147	3383	3387	4
2148	3387	3391	4
2149	3391	3395	4
2150	3395	3399	4
2151	3399	3403	4
2152	3403	3407	4
2153	3407	3411	4
2154	3411	3415	4
2155	3415	3419	4
2156	3419	3423	4
2157	3423	3427	4
2158	3427	3431	4
2159	3431	3435	4
2160	3435	3439	4
2161	3439	3443	4
2162	3443	3447	4
2163	3447	3451	4
2164	3451	3455	4
2165	3455	3459	4
2166	3459	3463	4
2167	3463	3467	4
2168	3467	3471	4
2169	3471	3475	4
2170	3475	3479	4
2171	3479	3483	4
2172	3483	3487	4
2173	3487	3491	4
2174	3491	3495	4
2175	3495	3499	4
2176	3499	3503	4
2177	3503	3507	4
2178	3507	3511	4
2179	3511	3515	4
2180	3515	3519	4
2181	3519	3523	4
2182	3523	3527	4
2183	3527	3531	4
2184	3531	3535	4
2185	3535	3539	4
2186	3539	3543	4
2187	3543	3547	4
2188	3547	3551	4
2189	3551	3555	4
2190	3555	3559	4
2191	3559	3563	4
2192	3563	3567	4
2193	3567	3571	4
2194	3571	3575	4
2195	3575	3579	4
2196	3579	3583	4
2197	3583	3587	4
2198	3587	3591	4
2199	3591	3595	4
2200	3595	3599	4
2201	3599	3603	4
2202	3603	3607	4
2203	3607	3611	4
2204	3611	3615	4
2205	3615	3619	4
2206	3619	3623	4
2207	3623	3627	4
2208	3627	3631	4
2209	3631	3635	4
2210	3635	3639	4
2211	3639	3643	4
2212	3643	3647	4
2213	3647	3651	4
2214	3651	3655	4
2215	3655	3659	4
2216	3659	3663	4
2217	3663	3667	4
2218	3667	3671	4
2219	3671	3675	4
2220	3675	3679	4
2221	3679	3683	4
2222	3683	3687	4
2223	3687	3691	4
2224	3691	3695	4
2225	3695	3699	4
2226	3699	3703	4
2227	3703	3707	4
2228	3707	3711	4
2229	3711	3715	4
2230	3715	3719	4
2231	3719	3723	4
2232	3723	3727	4
2233	3727	3731	4
2234	3731	3735	4
2235	3735	3739	4
2236	3739	3743	4
2237	3743	3747	4
2238	3747	3751	4
2239	3751	3755	4
2240	3755	3759	4
2241	3759	3763	4
2242	3763	3767	4
2243	3767	3771	4
2244	3771	3775	4
2245	3775	3779	4
2246	3779	3783	4
2247	3783	3787	4
2248	3787	3791	4
2249	3791	3795	4
2250	3795	3799	4
2251	3799	3803	4
2252	3803	3807	4
2253	3807	3811	4
2254	3811	3815	4
2255	3815	3819	4
2256	3819	3823	4
2257	3823	3827	4
2258	3827	3831	4
2259	3831	3835	4
2260	3835	3839	4
2261	3839	3843	4
2262	3843	3848	5
2263	3848	3853	5
2264	3853	3858	5
2265	3858	3863	5
2266	3863	3868	5
2267	3868	3873	5
2268	3873	3878	5
2269	3878	3883	5
2270	3883	3888	5
2271	3888	3893	5
2272	3893	3898	5
2273	3898	3903	5
2274	3903	3908	5
2275	3908	3913	5
2276	3913	3918	5
2277	3918	3923	5
2278	3923	3928	5
2279	3928	3933	5
2280	3933	3938	5
2281	3938	3943	5
2282	3943	3948	5
2283	3948	3953	5
2284	3953	3958	5
2285	3958	3963	5
2286	3963	3968	5
2287	3968	3973	5
2288	3973	3978	5
2289	3978	3983	5
2290	3983	3988	5
2291	3988	3993	5
2292	3993	3998	5
2293	3998	4003	5
2294	4003	4008	5
2295	4008	4013	5
2296	4013	4018	5
2297	4018	4023	5
2298	4023	4028	5
2299	4028	4033	5
2300	4033	4038	5
2301	4038	4043	5
2302	4043	4048	5
2303	4048	4053	5
2304	4053	4058	5
2305	4058	4063	5
2306	4063	4068	5
2307	4068	4073	5
2308	4073	4078	5
2309	4078	4083	5
2310	4083	4088	5
2311	4088	4093	5
2312	4093	4098	5
2313	4098	4103	5
2314	4103	4108	5
2315	4108	4113	5
2316	4113	4118	5
2317	4118	4123	5
2318	4123	4128	5
2319	4128	4133	5
2320	4133	4138	5
2321	4138	4143	5
2322	4143	4148	5
2323	4148	4153	5
2324	4153	4158	5
2325	4158	4163	5
2326	4163	4168	5
2327	4168	4173	5
2328	4173	4178	5
2329	4178	4183	5
2330	4183	4188	5
2331	4188	4193	5
2332	4193	4198	5
2333	4198	4203	5
2334	4203	4208	5
2335	4208	4213	5
2336	4213	4218	5
2337	4218	4223	5
2338	4223	4228	5
2339	4228	4233	5
2340	4233	4238	5
2341	4238	4243	5
2342	4243	4248	5
2343	4248	4253	5
2344	4253	4258	5
2345	4258	4263	5
2346	4263	4268	5
2347	4268	4273	5
2348	4273	4278	5
2349	4278	4283	5
2350	4283	4288	5
2351	4288	4293	5
2352	4293	4298	5
2353	4298	4303	5
2354	4303	4308	5
2355	4308	4313	5
2356	4313	4318	5
2357	4318	4323	5
2358	4323	4328	5
2359	4328	4333	5
2360	4333	4338	5
2361	4338	4343	5
2362	4343	4348	5
2363	4348	4353	5
2364	4353	4358	5
2365	4358	4363	5
2366	4363	4368	5
2367	4368	4373	5
2368	4373	4378	5
2369	4378	4383	5
2370	4383	4388	5
2371	4388	4394	6
2372	4394	4400	6
2373	4400	4406	6
2374	4406	4412	6
2375	4412	4418	6
2376	4418	4424	6
2377	4424	4430	6
2378	4430	4436	6
2379	4436	4442	6
2380	4442	4448	6
2381	4448	4454	6
2382	4454	4460	6
2383	4460	4466	6
2384	4466	4472	6
2385	4472	4478	6
2386	4478	4484	6
2387	4484	4490	6
2388	4490	4496	6
2389	4496	4502	6
2390	4502	4508	6
2391	4508	4514	6
2392	4514	4520	6
2393	4520	4526	6
2394	4526	4532	6
2395	4532	4538	6
2396	4538	4544	6
2397	4544	4550	6
2398	4550	4556	6
2399	4556	4562	6
2400	4562	4568	6
2401	4568	4574	6
2402	4574	4580	6
2403	4580	4586	6
2404	4586	4592	6
2405	4592	4598	6
2406	4598	4604	6
2407	4604	4610	6
2408	4610	4616	6
2409	4616	4622	6
2410	4622	4628	6
2411	4628	4634	6
2412	4634	4640	6
2413	4640	4646	6
2414	4646	4652	6
2415	4652	4658	6
2416	4658	4664	6
2417	4664	4670	6
2418	4670	4676	6
2419	4676	4682	6
2420	4682	4688	6
2421	4688	4694	6
2422	4694	4700	6
2423	4700	4706	6
2424	4706	4712	6
2425	4712	4718	6
2426	4718	4724	6
2427	4724	4730	6
2428	4730	4736	6
2429	4736	4742	6
2430	4742	4748	6
2431	4748	4754	6
2432	4754	4760	6
2433	4760	4766	6
2434	4766	4772	6
2435	4772	4778	6
2436	4778	4784	6
2437	4784	4790	6
2438	4790	4796	6
2439	4796	4802	6
2440	4802	4808	6
2441	4808	4814	6
2442	4814	4820	6
2443	4820	4826	6
2444	4826	4832	6
2445	4832	4838	6
2446	4838	4845	7
2447	4845	4852	7
2448	4852	4859	7
2449	4859	4866	7
2450	4866	4873	7
2451	4873	4880	7
2452	4880	4887	7
2453	4887	4894	7
2454	4894	4901	7
2455	4901	4908	7
2456	4908	4915	7
2457	4915	4922	7
2458	4922	4929	7
2459	4929	4936	7
2460	4936	4943	7
2461	4943	4950	7
2462	4950	4957	7
2463	4957	4964	7
2464	4964	4971	7
2465	4971	4978	7
2466	4978	4985	7
2467	4985	4992	7
2468	4992	4999	7
2469	4999	5006	7
2470	5006	5013	7
2471	5013	5020	7
2472	5020	5027	7
2473	5027	5034	7
2474	5034	5041	7
2475	5041	5048	7
2476	5048	5055	7
2477	5055	5062	7
2478	5062	5069	7
2479	5069	5076	7
2480	5076	5083	7
2481	5083	5090	7
2482	5090	5097	7
2483	5097	5104	7
2484	5104	5111	7
2485	5111	5118	7
2486	5118	5125	7
2487	5125	5132	7
2488	5132	5139	7
2489	5139	5146	7
2490	5146	5153	7
2491	5153	5160	7
2492	5160	5167	7
2493	5167	5174	7
2494	5174	5181	7
2495	5181	5188	7
2496	5188	5195	7
2497	5195	5202	7
2498	5202	5209	7
2499	5209	5216	7
2500	5216	5223	7
2501	5223	5230	7
2502	5230	5237	7
2503	5237	5244	7
2504	5244	5251	7
2505	5251	5258	7
2506	5258	5265	7
2507	5265	5272	7
2508	5272	5279	7
2509	5279	5287	8
2510	5287	5295	8
2511	5295	5303	8
2512	5303	5311	8
2513	5311	5319	8
2514	5319	5327	8
2515	5327	5335	8
2516	5335	5343	8
2517	5343	5351	8
2518	5351	5359	8
2519	5359	5367	8
2520	5367	5375	8
2521	5375	5383	8
2522	5383	5391	8
2523	5391	5399	8
2524	5399	5407	8
2525	5407	5415	8
2526	5415	5423	8
2527	5423	5431	8
2528	5431	5439	8
2529	5439	5447	8
2530	5447	5455	8
2531	5455	5463	8
2532	5463	5471	8
2533	5471	5479	8
2534	5479	5487	8
2535	5487	5495	8
2536	5495	5503	8
2537	5503	5511	8
2538	5511	5519	8
2539	5519	5527	8
2540	5527	5535	8
2541	5535	5543	8
2542	5543	5551	8
2543	5551	5559	8
2544	5559	5567	8
2545	5567	5575	8
2546	5575	5583	8
2547	5583	5591	8
2548	5591	5599	8
2549	5599	5607	8
2550	5607	5615	8
2551	5615	5623	8
2552	5623	5631	8
2553	5631	5639	8
2554	5639	5647	8
2555	5647	5655	8
2556	5655	5663	8
2557	5663	5671	8
2558	5671	5679	8
2559	5679	5687	8
2560	5687	5695	8
2561	5695	5703	8
2562	5703	5711	8
2563	5711	5719	8
2564	5719	5728	9
2565	5728	5737	9
2566	5737	5746	9
2567	5746	5755	9
2568	5755	5764	9
2569	5764	5773	9
2570	5773	5782	9
2571	5782	5791	9
2572	5791	5800	9
2573	5800	5809	9
2574	5809	5818	9
2575	5818	5827	9
2576	5827	5836	9
2577	5836	5845	9
2578	5845	5854	9
2579	5854	5863	9
2580	5863	5872	9
2581	5872	5881	9
2582	5881	5890	9
2583	5890	5899	9
2584	5899	5908	9
2585	5908	5917	9
2586	5917	5926	9
2587	5926	5935	9
2588	5935	5944	9
2589	5944	5953	9
2590	5953	5962	9
2591	5962	5971	9
2592	5971	5980	9
2593	5980	5989	9
2594	5989	5998	9
2595	5998	6007	9
2596	6007	6016	9
2597	6016	6025	9
2598	6025	6034	9
2599	6034	6043	9
2600	6043	6052	9
2601	6052	6061	9
2602	6061	6071	10
2603	6071	6081	10
2604	6081	6091	10
2605	6091	6101	10
2606	6101	6111	10
2607	6111	6121	10
2608	6121	6131	10
2609	6131	6141	10
2610	6141	6151	10
2611	6151	6161	10
2612	6161	6171	10
2613	6171	6181	10
2614	6181	6191	10
2615	6191	6201	10
2616	6201	6211	10
2617	6211	6221	10
2618	6221	6231	10
2619	6231	6241	10
2620	6241	6251	10
2621	6251	6261	10
2622	6261	6271	10
2623	6271	6281	10
2624	6281	6291	10
2625	6291	6301	10
2626	6301	6311	10
2627	6311	6321	10
2628	6321	6331	10
2629	6331	6341	10
2630	6341	6351	10
2631	6351	6361	10
2632	6361	6371	10
2633	6371	6381	10
2634	6381	6392	11
2635	6392	6403	11
2636	6403	6414	11
2637	6414	6425	11
2638	6425	6436	11
2639	6436	6447	11
2640	6447	6458	11
2641	6458	6469	11
2642	6469	6480	11
2643	6480	6491	11
2644	6491	6502	11
2645	6502	6513	11
2646	6513	6524	11
2647	6524	6535	11
2648	6535	6546	11
2649	6546	6557	11
2650	6557	6568	11
2651	6568	6579	11
2652	6579	6590	11
2653	6590	6601	11
2654	6601	6612	11
2655	6612	6623	11
2656	6623	6634	11
2657	6634	6645	11
2658	6645	6656	11
2659	6656	6667	11
2660	6667	6678	11
2661	6678	6689	11
2662	6689	6700	11
2663	6700	6711	11
2664	6711	6722	11
2665	6722	6733	11
2666	6733	6744	11
2667	6744	6755	11
2668	6755	6766	11
2669	6766	6777	11
2670	6777	6788	11
2671	6788	6800	12
2672	6800	6812	12
2673	6812	6824	12
2674	6824	6836	12
2675	6836	6848	12
2676	6848	6860	12
2677	6860	6872	12
2678	6872	6884	12
2679	6884	6896	12
2680	6896	6908	12
2681	6908	6920	12
2682	6920	6932	12
2683	6932	6944	12
2684	6944	6956	12
2685	6956	6968	12
2686	6968	6980	12
2687	6980	6992	12
2688	6992	7004	12
2689	7004	7016	12
2690	7016	7028	12
2691	7028	7040	12
2692	7040	7052	12
2693	7052	7064	12
2694	7064	7076	12
2695	7076	7088	12
2696	7088	7100	12
2697	7100	7112	12
2698	7112	7124	12
2699	7124	7136	12
2700	7136	7149	13
2701	7149	7162	13
2702	7162	7175	13
2703	7175	7188	13
2704	7188	7201	13
2705	7201	7214	13
2706	7214	7227	13
2707	7227	7240	13
2708	7240	7253	13
2709	7253	7266	13
2710	7266	7279	13
2711	7279	7292	13
2712	7292	7305	13
2713	7305	7318	13
2714	7318	7331	13
2715	7331	7344	13
2716	7344	7357	13
2717	7357	7370	13
2718	7370	7383	13
2719	7383	7396	13
2720	7396	7409	13
2721	7409	7422	13
2722	7422	7435	13
2723	7435	7449	14
2724	7449	7463	14
2725	7463	7477	14
2726	7477	7491	14
2727	7491	7505	14
2728	7505	7519	14
2729	7519	7533	14
2730	7533	7547	14
2731	7547	7561	14
2732	7561	7575	14
2733	7575	7589	14
2734	7589	7603	14
2735	7603	7617	14
2736	7617	7631	14
2737	7631	7645	14
2738	7645	7659	14
2739	7659	7673	14
2740	7673	7687	14
2741	7687	7701	14
2742	7701	7716	15
2743	7716	7731	15
2744	7731	7746	15
2745	7746	7761	15
2746	7761	7776	15
2747	7776	7791	15
2748	7791	7806	15
2749	7806	7821	15
2750	7821	7836	15
2751	7836	7851	15
2752	7851	7866	15
2753	7866	7881	15
2754	7881	7896	15
2755	7896	7911	15
2756	7911	7926	15
2757	7926	7942	16
2758	7942	7958	16
2759	7958	7974	16
2760	7974	7990	16
2761	7990	8006	16
2762	8006	8022	16
2763	8022	8038	16
2764	8038	8054	16
2765	8054	8070	16
2766	8070	8086	16
2767	8086	8102	16
2768	8102	8118	16
2769	8118	8134	16
2770	8134	8150	16
2771	8150	8166	16
2772	8166	8182	16
2773	8182	8198	16
2774	8198	8214	16
2775	8214	8230	16
2776	8230	8246	16
2777	8246	8262	16
2778	8262	8279	17
2779	8279	8296	17
2780	8296	8313	17
2781	8313	8330	17
2782	8330	8347	17
2783	8347	8364	17
2784	8364	8381	17
2785	8381	8398	17
2786	8398	8415	17
2787	8415	8432	17
2788	8432	8449	17
2789	8449	8466	17
2790	8466	8483	17
2791	8483	8500	17
2792	8500	8517	17
2793	8517	8534	17
2794	8534	8551	17
2795	8551	8568	17
2796	8568	8585	17
2797	8585	8603	18
2798	8603	8621	18
2799	8621	8639	18
2800	8639	8657	18
2801	8657	8675	18
2802	8675	8693	18
2803	8693	8711	18
2804	8711	8729	18
2805	8729	8747	18
2806	8747	8765	18
2807	8765	8783	18
2808	8783	8801	18
2809	8801	8819	18
2810	8819	8837	18
2811	8837	8855	18
2812	8855	8874	19
2813	8874	8893	19
2814	8893	8912	19
2815	8912	8931	19
2816	8931	8950	19
2817	8950	8969	19
2818	8969	8988	19
2819	8988	9007	19
2820	9007	9026	19
2821	9026	9045	19
2822	9045	9064	19
2823	9064	9083	19
2824	9083	9102	19
2825	9102	9121	19
2826	9121	9141	20
2827	9141	9161	20
2828	9161	9181	20
2829	9181	9201	20
2830	9201	9221	20
2831	9221	9241	20
2832	9241	9261	20
2833	9261	9281	20
2834	9281	9301	20
2835	9301	9321	20
2836	9321	9341	20
2837	9341	9361	20
2838	9361	9382	21
2839	9382	9403	21
2840	9403	9424	21
2841	9424	9445	21
2842	9445	9466	21
2843	9466	9487	21
2844	9487	9508	21
2845	9508	9529	21
2846	9529	9550	21
2847	9550	9571	21
2848	9571	9593	22
2849	9593	9615	22
2850	9615	9637	22
2851	9637	9659	22
2852	9659	9681	22
2853	9681	9703	22
2854	9703	9725	22
2855	9725	9747	22
2856	9747	9769	22
2857	9769	9792	23
2858	9792	9815	23
2859	9815	9838	23
2860	9838	9861	23
2861	9861	9884	23
2862	9884	9907	23
2863	9907	9930	23
2864	9930	9953	23
2865	9953	9977	24
2866	9977	10001	24
2867	10001	10025	24
2868	10025	10049	24
2869	10049	10073	24
2870	10073	10097	24
2871	10097	10121	24
2872	10121	10145	24
2873	10145	10169	24
2874	10169	10193	24
