#
#N Pointing	tstart	tend	Obs time
#		s
1	210	211	1
2	211	212	1
3	212	213	1
4	213	214	1
5	214	215	1
6	215	216	1
7	216	217	1
8	217	218	1
9	218	219	1
10	219	220	1
11	220	221	1
12	221	222	1
13	222	223	1
14	223	224	1
15	224	225	1
16	225	226	1
17	226	227	1
18	227	228	1
19	228	229	1
20	229	230	1
21	230	231	1
22	231	232	1
23	232	233	1
24	233	234	1
25	234	235	1
26	235	236	1
27	236	237	1
28	237	238	1
29	238	239	1
30	239	240	1
31	240	241	1
32	241	242	1
33	242	243	1
34	243	244	1
35	244	245	1
36	245	246	1
37	246	247	1
38	247	248	1
39	248	249	1
40	249	250	1
41	250	251	1
42	251	252	1
43	252	253	1
44	253	254	1
45	254	255	1
46	255	256	1
47	256	257	1
48	257	258	1
49	258	259	1
50	259	260	1
51	260	261	1
52	261	262	1
53	262	263	1
54	263	264	1
55	264	265	1
56	265	266	1
57	266	267	1
58	267	268	1
59	268	269	1
60	269	270	1
61	270	271	1
62	271	272	1
63	272	273	1
64	273	274	1
65	274	275	1
66	275	276	1
67	276	277	1
68	277	278	1
69	278	279	1
70	279	280	1
71	280	281	1
72	281	282	1
73	282	283	1
74	283	284	1
75	284	285	1
76	285	286	1
77	286	287	1
78	287	288	1
79	288	289	1
80	289	290	1
81	290	291	1
82	291	292	1
83	292	293	1
84	293	294	1
85	294	295	1
86	295	296	1
87	296	297	1
88	297	298	1
89	298	299	1
90	299	300	1
91	300	301	1
92	301	302	1
93	302	303	1
94	303	304	1
95	304	305	1
96	305	306	1
97	306	307	1
98	307	308	1
99	308	309	1
100	309	310	1
101	310	311	1
102	311	312	1
103	312	313	1
104	313	314	1
105	314	315	1
106	315	316	1
107	316	317	1
108	317	318	1
109	318	319	1
110	319	320	1
111	320	321	1
112	321	322	1
113	322	323	1
114	323	324	1
115	324	325	1
116	325	326	1
117	326	327	1
118	327	328	1
119	328	329	1
120	329	330	1
121	330	331	1
122	331	332	1
123	332	333	1
124	333	334	1
125	334	335	1
126	335	336	1
127	336	337	1
128	337	338	1
129	338	339	1
130	339	340	1
131	340	341	1
132	341	342	1
133	342	343	1
134	343	344	1
135	344	345	1
136	345	346	1
137	346	347	1
138	347	348	1
139	348	349	1
140	349	350	1
141	350	351	1
142	351	352	1
143	352	353	1
144	353	354	1
145	354	355	1
146	355	356	1
147	356	357	1
148	357	358	1
149	358	359	1
150	359	360	1
151	360	361	1
152	361	362	1
153	362	363	1
154	363	364	1
155	364	365	1
156	365	366	1
157	366	367	1
158	367	368	1
159	368	369	1
160	369	370	1
161	370	371	1
162	371	372	1
163	372	373	1
164	373	374	1
165	374	375	1
166	375	376	1
167	376	377	1
168	377	378	1
169	378	379	1
170	379	380	1
171	380	381	1
172	381	382	1
173	382	383	1
174	383	384	1
175	384	385	1
176	385	386	1
177	386	387	1
178	387	388	1
179	388	389	1
180	389	390	1
181	390	391	1
182	391	392	1
183	392	393	1
184	393	394	1
185	394	395	1
186	395	396	1
187	396	397	1
188	397	398	1
189	398	399	1
190	399	400	1
191	400	401	1
192	401	402	1
193	402	403	1
194	403	404	1
195	404	405	1
196	405	406	1
197	406	407	1
198	407	408	1
199	408	409	1
200	409	410	1
201	410	411	1
202	411	412	1
203	412	413	1
204	413	414	1
205	414	415	1
206	415	416	1
207	416	417	1
208	417	418	1
209	418	419	1
210	419	420	1
211	420	421	1
212	421	422	1
213	422	423	1
214	423	424	1
215	424	425	1
216	425	426	1
217	426	427	1
218	427	428	1
219	428	429	1
220	429	430	1
221	430	431	1
222	431	432	1
223	432	433	1
224	433	434	1
225	434	435	1
226	435	436	1
227	436	437	1
228	437	438	1
229	438	439	1
230	439	440	1
231	440	441	1
232	441	442	1
233	442	443	1
234	443	444	1
235	444	445	1
236	445	446	1
237	446	447	1
238	447	448	1
239	448	449	1
240	449	450	1
241	450	451	1
242	451	452	1
243	452	453	1
244	453	454	1
245	454	455	1
246	455	456	1
247	456	457	1
248	457	458	1
249	458	459	1
250	459	460	1
251	460	461	1
252	461	462	1
253	462	463	1
254	463	464	1
255	464	465	1
256	465	466	1
257	466	467	1
258	467	468	1
259	468	469	1
260	469	470	1
261	470	471	1
262	471	472	1
263	472	473	1
264	473	474	1
265	474	475	1
266	475	476	1
267	476	477	1
268	477	478	1
269	478	479	1
270	479	480	1
271	480	481	1
272	481	482	1
273	482	483	1
274	483	484	1
275	484	485	1
276	485	486	1
277	486	487	1
278	487	488	1
279	488	489	1
280	489	490	1
281	490	491	1
282	491	492	1
283	492	493	1
284	493	494	1
285	494	495	1
286	495	496	1
287	496	497	1
288	497	498	1
289	498	499	1
290	499	500	1
291	500	501	1
292	501	502	1
293	502	503	1
294	503	504	1
295	504	505	1
296	505	506	1
297	506	507	1
298	507	508	1
299	508	509	1
300	509	510	1
301	510	511	1
302	511	512	1
303	512	513	1
304	513	514	1
305	514	515	1
306	515	516	1
307	516	517	1
308	517	518	1
309	518	519	1
310	519	520	1
311	520	521	1
312	521	522	1
313	522	523	1
314	523	524	1
315	524	525	1
316	525	526	1
317	526	527	1
318	527	528	1
319	528	529	1
320	529	530	1
321	530	531	1
322	531	532	1
323	532	533	1
324	533	534	1
325	534	535	1
326	535	536	1
327	536	537	1
328	537	538	1
329	538	539	1
330	539	540	1
331	540	541	1
332	541	542	1
333	542	543	1
334	543	544	1
335	544	545	1
336	545	546	1
337	546	547	1
338	547	548	1
339	548	549	1
340	549	550	1
341	550	551	1
342	551	552	1
343	552	553	1
344	553	554	1
345	554	555	1
346	555	556	1
347	556	557	1
348	557	558	1
349	558	559	1
350	559	560	1
351	560	561	1
352	561	562	1
353	562	563	1
354	563	564	1
355	564	565	1
356	565	566	1
357	566	567	1
358	567	568	1
359	568	569	1
360	569	570	1
361	570	571	1
362	571	572	1
363	572	573	1
364	573	574	1
365	574	575	1
366	575	576	1
367	576	577	1
368	577	578	1
369	578	579	1
370	579	580	1
371	580	581	1
372	581	582	1
373	582	583	1
374	583	584	1
375	584	585	1
376	585	586	1
377	586	587	1
378	587	588	1
379	588	589	1
380	589	590	1
381	590	591	1
382	591	592	1
383	592	593	1
384	593	594	1
385	594	595	1
386	595	596	1
387	596	597	1
388	597	598	1
389	598	599	1
390	599	600	1
391	600	601	1
392	601	602	1
393	602	603	1
394	603	604	1
395	604	605	1
396	605	606	1
397	606	607	1
398	607	608	1
399	608	609	1
400	609	610	1
401	610	611	1
402	611	612	1
403	612	613	1
404	613	614	1
405	614	615	1
406	615	616	1
407	616	617	1
408	617	618	1
409	618	619	1
410	619	620	1
411	620	621	1
412	621	622	1
413	622	623	1
414	623	624	1
415	624	625	1
416	625	626	1
417	626	627	1
418	627	628	1
419	628	629	1
420	629	630	1
421	630	631	1
422	631	632	1
423	632	633	1
424	633	634	1
425	634	635	1
426	635	636	1
427	636	637	1
428	637	638	1
429	638	639	1
430	639	640	1
431	640	641	1
432	641	642	1
433	642	643	1
434	643	644	1
435	644	645	1
436	645	646	1
437	646	647	1
438	647	648	1
439	648	649	1
440	649	650	1
441	650	651	1
442	651	652	1
443	652	653	1
444	653	654	1
445	654	655	1
446	655	656	1
447	656	657	1
448	657	658	1
449	658	659	1
450	659	660	1
451	660	661	1
452	661	662	1
453	662	663	1
454	663	664	1
455	664	665	1
456	665	666	1
457	666	667	1
458	667	668	1
459	668	669	1
460	669	670	1
461	670	671	1
462	671	672	1
463	672	673	1
464	673	674	1
465	674	675	1
466	675	676	1
467	676	677	1
468	677	678	1
469	678	679	1
470	679	680	1
471	680	681	1
472	681	682	1
473	682	683	1
474	683	684	1
475	684	685	1
476	685	686	1
477	686	687	1
478	687	688	1
479	688	689	1
480	689	690	1
481	690	691	1
482	691	692	1
483	692	693	1
484	693	694	1
485	694	695	1
486	695	696	1
487	696	697	1
488	697	698	1
489	698	699	1
490	699	700	1
491	700	701	1
492	701	702	1
493	702	703	1
494	703	704	1
495	704	705	1
496	705	706	1
497	706	707	1
498	707	708	1
499	708	709	1
500	709	710	1
501	710	711	1
502	711	712	1
503	712	713	1
504	713	714	1
505	714	715	1
506	715	716	1
507	716	717	1
508	717	718	1
509	718	719	1
510	719	720	1
511	720	721	1
512	721	722	1
513	722	723	1
514	723	724	1
515	724	725	1
516	725	726	1
517	726	727	1
518	727	728	1
519	728	729	1
520	729	730	1
521	730	731	1
522	731	732	1
523	732	733	1
524	733	734	1
525	734	735	1
526	735	736	1
527	736	737	1
528	737	738	1
529	738	739	1
530	739	740	1
531	740	741	1
532	741	742	1
533	742	743	1
534	743	744	1
535	744	745	1
536	745	746	1
537	746	747	1
538	747	748	1
539	748	749	1
540	749	750	1
541	750	751	1
542	751	752	1
543	752	753	1
544	753	754	1
545	754	755	1
546	755	756	1
547	756	757	1
548	757	758	1
549	758	759	1
550	759	760	1
551	760	761	1
552	761	762	1
553	762	763	1
554	763	764	1
555	764	765	1
556	765	766	1
557	766	767	1
558	767	768	1
559	768	769	1
560	769	770	1
561	770	771	1
562	771	772	1
563	772	773	1
564	773	774	1
565	774	775	1
566	775	776	1
567	776	777	1
568	777	778	1
569	778	779	1
570	779	780	1
571	780	781	1
572	781	782	1
573	782	783	1
574	783	784	1
575	784	785	1
576	785	786	1
577	786	787	1
578	787	788	1
579	788	789	1
580	789	790	1
581	790	791	1
582	791	792	1
583	792	793	1
584	793	794	1
585	794	795	1
586	795	796	1
587	796	797	1
588	797	798	1
589	798	799	1
590	799	800	1
591	800	801	1
592	801	802	1
593	802	803	1
594	803	804	1
595	804	805	1
596	805	806	1
597	806	807	1
598	807	808	1
599	808	809	1
600	809	810	1
601	810	811	1
602	811	812	1
603	812	813	1
604	813	814	1
605	814	815	1
606	815	816	1
607	816	817	1
608	817	818	1
609	818	819	1
610	819	820	1
611	820	821	1
612	821	822	1
613	822	823	1
614	823	824	1
615	824	825	1
616	825	826	1
617	826	827	1
618	827	828	1
619	828	829	1
620	829	830	1
621	830	831	1
622	831	832	1
623	832	833	1
624	833	834	1
625	834	835	1
626	835	836	1
627	836	837	1
628	837	838	1
629	838	839	1
630	839	840	1
631	840	841	1
632	841	842	1
633	842	843	1
634	843	844	1
635	844	845	1
636	845	846	1
637	846	847	1
638	847	848	1
639	848	849	1
640	849	850	1
641	850	851	1
642	851	852	1
643	852	853	1
644	853	854	1
645	854	855	1
646	855	856	1
647	856	857	1
648	857	858	1
649	858	859	1
650	859	860	1
651	860	861	1
652	861	862	1
653	862	863	1
654	863	864	1
655	864	865	1
656	865	866	1
657	866	867	1
658	867	868	1
659	868	869	1
660	869	870	1
661	870	871	1
662	871	872	1
663	872	873	1
664	873	874	1
665	874	875	1
666	875	876	1
667	876	877	1
668	877	878	1
669	878	879	1
670	879	880	1
671	880	881	1
672	881	882	1
673	882	883	1
674	883	884	1
675	884	885	1
676	885	886	1
677	886	887	1
678	887	888	1
679	888	889	1
680	889	890	1
681	890	891	1
682	891	892	1
683	892	893	1
684	893	894	1
685	894	895	1
686	895	896	1
687	896	897	1
688	897	898	1
689	898	899	1
690	899	900	1
691	900	901	1
692	901	902	1
693	902	903	1
694	903	904	1
695	904	905	1
696	905	906	1
697	906	907	1
698	907	908	1
699	908	909	1
700	909	910	1
701	910	911	1
702	911	912	1
703	912	913	1
704	913	914	1
705	914	915	1
706	915	916	1
707	916	917	1
708	917	918	1
709	918	919	1
710	919	920	1
711	920	921	1
712	921	922	1
713	922	923	1
714	923	924	1
715	924	925	1
716	925	926	1
717	926	927	1
718	927	928	1
719	928	929	1
720	929	930	1
721	930	931	1
722	931	932	1
723	932	933	1
724	933	934	1
725	934	935	1
726	935	936	1
727	936	937	1
728	937	938	1
729	938	939	1
730	939	940	1
731	940	941	1
732	941	942	1
733	942	943	1
734	943	944	1
735	944	945	1
736	945	946	1
737	946	947	1
738	947	948	1
739	948	949	1
740	949	950	1
741	950	951	1
742	951	952	1
743	952	953	1
744	953	954	1
745	954	955	1
746	955	956	1
747	956	957	1
748	957	958	1
749	958	959	1
750	959	960	1
751	960	961	1
752	961	962	1
753	962	963	1
754	963	964	1
755	964	965	1
756	965	966	1
757	966	967	1
758	967	968	1
759	968	969	1
760	969	970	1
761	970	971	1
762	971	972	1
763	972	973	1
764	973	974	1
765	974	975	1
766	975	976	1
767	976	977	1
768	977	978	1
769	978	979	1
770	979	980	1
771	980	981	1
772	981	982	1
773	982	983	1
774	983	984	1
775	984	985	1
776	985	986	1
777	986	987	1
778	987	988	1
779	988	989	1
780	989	990	1
781	990	991	1
782	991	992	1
783	992	993	1
784	993	994	1
785	994	995	1
786	995	996	1
787	996	997	1
788	997	998	1
789	998	999	1
790	999	1000	1
791	1000	1001	1
792	1001	1002	1
793	1002	1003	1
794	1003	1004	1
795	1004	1005	1
796	1005	1006	1
797	1006	1007	1
798	1007	1008	1
799	1008	1009	1
800	1009	1010	1
801	1010	1011	1
802	1011	1012	1
803	1012	1013	1
804	1013	1014	1
805	1014	1015	1
806	1015	1016	1
807	1016	1017	1
808	1017	1018	1
809	1018	1019	1
810	1019	1020	1
811	1020	1021	1
812	1021	1022	1
813	1022	1023	1
814	1023	1024	1
815	1024	1025	1
816	1025	1026	1
817	1026	1027	1
818	1027	1028	1
819	1028	1029	1
820	1029	1030	1
821	1030	1031	1
822	1031	1032	1
823	1032	1033	1
824	1033	1034	1
825	1034	1035	1
826	1035	1036	1
827	1036	1037	1
828	1037	1038	1
829	1038	1039	1
830	1039	1040	1
831	1040	1041	1
832	1041	1042	1
833	1042	1043	1
834	1043	1044	1
835	1044	1045	1
836	1045	1046	1
837	1046	1047	1
838	1047	1048	1
839	1048	1049	1
840	1049	1050	1
841	1050	1051	1
842	1051	1052	1
843	1052	1053	1
844	1053	1054	1
845	1054	1055	1
846	1055	1056	1
847	1056	1057	1
848	1057	1058	1
849	1058	1059	1
850	1059	1060	1
851	1060	1061	1
852	1061	1062	1
853	1062	1063	1
854	1063	1064	1
855	1064	1065	1
856	1065	1066	1
857	1066	1067	1
858	1067	1068	1
859	1068	1069	1
860	1069	1070	1
861	1070	1071	1
862	1071	1072	1
863	1072	1073	1
864	1073	1074	1
865	1074	1075	1
866	1075	1076	1
867	1076	1077	1
868	1077	1078	1
869	1078	1079	1
870	1079	1080	1
871	1080	1081	1
872	1081	1082	1
873	1082	1083	1
874	1083	1084	1
875	1084	1085	1
876	1085	1086	1
877	1086	1087	1
878	1087	1088	1
879	1088	1089	1
880	1089	1090	1
881	1090	1091	1
882	1091	1092	1
883	1092	1093	1
884	1093	1094	1
885	1094	1095	1
886	1095	1096	1
887	1096	1097	1
888	1097	1098	1
889	1098	1099	1
890	1099	1100	1
891	1100	1101	1
892	1101	1102	1
893	1102	1103	1
894	1103	1104	1
895	1104	1105	1
896	1105	1106	1
897	1106	1107	1
898	1107	1108	1
899	1108	1109	1
900	1109	1110	1
901	1110	1111	1
902	1111	1112	1
903	1112	1113	1
904	1113	1114	1
905	1114	1115	1
906	1115	1116	1
907	1116	1117	1
908	1117	1118	1
909	1118	1119	1
910	1119	1120	1
911	1120	1121	1
912	1121	1122	1
913	1122	1123	1
914	1123	1124	1
915	1124	1125	1
916	1125	1126	1
917	1126	1127	1
918	1127	1128	1
919	1128	1129	1
920	1129	1130	1
921	1130	1131	1
922	1131	1132	1
923	1132	1133	1
924	1133	1134	1
925	1134	1135	1
926	1135	1136	1
927	1136	1137	1
928	1137	1138	1
929	1138	1139	1
930	1139	1140	1
931	1140	1141	1
932	1141	1142	1
933	1142	1143	1
934	1143	1144	1
935	1144	1145	1
936	1145	1146	1
937	1146	1147	1
938	1147	1148	1
939	1148	1149	1
940	1149	1150	1
941	1150	1151	1
942	1151	1152	1
943	1152	1153	1
944	1153	1154	1
945	1154	1155	1
946	1155	1156	1
947	1156	1157	1
948	1157	1158	1
949	1158	1159	1
950	1159	1160	1
951	1160	1161	1
952	1161	1162	1
953	1162	1163	1
954	1163	1164	1
955	1164	1165	1
956	1165	1166	1
957	1166	1167	1
958	1167	1168	1
959	1168	1169	1
960	1169	1170	1
961	1170	1171	1
962	1171	1172	1
963	1172	1173	1
964	1173	1174	1
965	1174	1175	1
966	1175	1176	1
967	1176	1177	1
968	1177	1178	1
969	1178	1179	1
970	1179	1180	1
971	1180	1181	1
972	1181	1182	1
973	1182	1183	1
974	1183	1184	1
975	1184	1185	1
976	1185	1186	1
977	1186	1187	1
978	1187	1188	1
979	1188	1189	1
980	1189	1190	1
981	1190	1191	1
982	1191	1192	1
983	1192	1193	1
984	1193	1194	1
985	1194	1195	1
986	1195	1196	1
987	1196	1197	1
988	1197	1198	1
989	1198	1199	1
990	1199	1200	1
991	1200	1201	1
992	1201	1202	1
993	1202	1203	1
994	1203	1204	1
995	1204	1205	1
996	1205	1206	1
997	1206	1207	1
998	1207	1208	1
999	1208	1209	1
1000	1209	1210	1
1001	1210	1211	1
1002	1211	1212	1
1003	1212	1213	1
1004	1213	1214	1
1005	1214	1215	1
1006	1215	1216	1
1007	1216	1217	1
1008	1217	1218	1
1009	1218	1219	1
1010	1219	1220	1
1011	1220	1221	1
1012	1221	1222	1
1013	1222	1223	1
1014	1223	1224	1
1015	1224	1225	1
1016	1225	1226	1
1017	1226	1227	1
1018	1227	1228	1
1019	1228	1229	1
1020	1229	1230	1
1021	1230	1231	1
1022	1231	1232	1
1023	1232	1233	1
1024	1233	1234	1
1025	1234	1235	1
1026	1235	1236	1
1027	1236	1237	1
1028	1237	1238	1
1029	1238	1239	1
1030	1239	1240	1
1031	1240	1241	1
1032	1241	1242	1
1033	1242	1243	1
1034	1243	1244	1
1035	1244	1245	1
1036	1245	1246	1
1037	1246	1247	1
1038	1247	1248	1
1039	1248	1249	1
1040	1249	1250	1
1041	1250	1251	1
1042	1251	1252	1
1043	1252	1253	1
1044	1253	1254	1
1045	1254	1255	1
1046	1255	1256	1
1047	1256	1257	1
1048	1257	1258	1
1049	1258	1259	1
1050	1259	1260	1
1051	1260	1261	1
1052	1261	1262	1
1053	1262	1263	1
1054	1263	1264	1
1055	1264	1265	1
1056	1265	1266	1
1057	1266	1267	1
1058	1267	1268	1
1059	1268	1269	1
1060	1269	1270	1
1061	1270	1271	1
1062	1271	1272	1
1063	1272	1273	1
1064	1273	1274	1
1065	1274	1275	1
1066	1275	1276	1
1067	1276	1277	1
1068	1277	1278	1
1069	1278	1279	1
1070	1279	1280	1
1071	1280	1281	1
1072	1281	1282	1
1073	1282	1283	1
1074	1283	1284	1
1075	1284	1285	1
1076	1285	1286	1
1077	1286	1287	1
1078	1287	1288	1
1079	1288	1289	1
1080	1289	1290	1
1081	1290	1291	1
1082	1291	1292	1
1083	1292	1293	1
1084	1293	1294	1
1085	1294	1295	1
1086	1295	1296	1
1087	1296	1297	1
1088	1297	1298	1
1089	1298	1299	1
1090	1299	1300	1
1091	1300	1301	1
1092	1301	1302	1
1093	1302	1303	1
1094	1303	1304	1
1095	1304	1305	1
1096	1305	1306	1
1097	1306	1307	1
1098	1307	1308	1
1099	1308	1309	1
1100	1309	1310	1
1101	1310	1311	1
1102	1311	1312	1
1103	1312	1313	1
1104	1313	1314	1
1105	1314	1315	1
1106	1315	1316	1
1107	1316	1317	1
1108	1317	1318	1
1109	1318	1319	1
1110	1319	1320	1
1111	1320	1321	1
1112	1321	1322	1
1113	1322	1323	1
1114	1323	1324	1
1115	1324	1325	1
1116	1325	1326	1
1117	1326	1327	1
1118	1327	1328	1
1119	1328	1329	1
1120	1329	1330	1
1121	1330	1331	1
1122	1331	1332	1
1123	1332	1333	1
1124	1333	1334	1
1125	1334	1335	1
1126	1335	1336	1
1127	1336	1337	1
1128	1337	1338	1
1129	1338	1339	1
1130	1339	1340	1
1131	1340	1341	1
1132	1341	1342	1
1133	1342	1343	1
1134	1343	1344	1
1135	1344	1345	1
1136	1345	1346	1
1137	1346	1347	1
1138	1347	1348	1
1139	1348	1349	1
1140	1349	1350	1
1141	1350	1351	1
1142	1351	1352	1
1143	1352	1353	1
1144	1353	1354	1
1145	1354	1355	1
1146	1355	1356	1
1147	1356	1357	1
1148	1357	1358	1
1149	1358	1359	1
1150	1359	1360	1
1151	1360	1361	1
1152	1361	1362	1
1153	1362	1363	1
1154	1363	1364	1
1155	1364	1365	1
1156	1365	1366	1
1157	1366	1367	1
1158	1367	1368	1
1159	1368	1369	1
1160	1369	1370	1
1161	1370	1371	1
1162	1371	1372	1
1163	1372	1373	1
1164	1373	1374	1
1165	1374	1375	1
1166	1375	1376	1
1167	1376	1377	1
1168	1377	1378	1
1169	1378	1379	1
1170	1379	1380	1
1171	1380	1381	1
1172	1381	1382	1
1173	1382	1383	1
1174	1383	1384	1
1175	1384	1385	1
1176	1385	1386	1
1177	1386	1387	1
1178	1387	1388	1
1179	1388	1389	1
1180	1389	1390	1
1181	1390	1391	1
1182	1391	1392	1
1183	1392	1393	1
1184	1393	1394	1
1185	1394	1395	1
1186	1395	1396	1
1187	1396	1397	1
1188	1397	1398	1
1189	1398	1399	1
1190	1399	1400	1
1191	1400	1401	1
1192	1401	1402	1
1193	1402	1403	1
1194	1403	1404	1
1195	1404	1405	1
1196	1405	1406	1
1197	1406	1407	1
1198	1407	1408	1
1199	1408	1409	1
1200	1409	1410	1
1201	1410	1411	1
1202	1411	1412	1
1203	1412	1413	1
1204	1413	1414	1
1205	1414	1415	1
1206	1415	1416	1
1207	1416	1417	1
1208	1417	1418	1
1209	1418	1419	1
1210	1419	1420	1
1211	1420	1421	1
1212	1421	1422	1
1213	1422	1423	1
1214	1423	1424	1
1215	1424	1425	1
1216	1425	1426	1
1217	1426	1427	1
1218	1427	1428	1
1219	1428	1429	1
1220	1429	1430	1
1221	1430	1431	1
1222	1431	1432	1
1223	1432	1433	1
1224	1433	1434	1
1225	1434	1435	1
1226	1435	1436	1
1227	1436	1437	1
1228	1437	1438	1
1229	1438	1439	1
1230	1439	1440	1
1231	1440	1441	1
1232	1441	1442	1
1233	1442	1443	1
1234	1443	1444	1
1235	1444	1445	1
1236	1445	1446	1
1237	1446	1447	1
1238	1447	1448	1
1239	1448	1449	1
1240	1449	1450	1
1241	1450	1451	1
1242	1451	1452	1
1243	1452	1453	1
1244	1453	1454	1
1245	1454	1455	1
1246	1455	1456	1
1247	1456	1457	1
1248	1457	1458	1
1249	1458	1459	1
1250	1459	1460	1
1251	1460	1461	1
1252	1461	1462	1
1253	1462	1463	1
1254	1463	1464	1
1255	1464	1465	1
1256	1465	1466	1
1257	1466	1467	1
1258	1467	1468	1
1259	1468	1469	1
1260	1469	1470	1
1261	1470	1471	1
1262	1471	1472	1
1263	1472	1473	1
1264	1473	1474	1
1265	1474	1475	1
1266	1475	1476	1
1267	1476	1477	1
1268	1477	1478	1
1269	1478	1479	1
1270	1479	1480	1
1271	1480	1481	1
1272	1481	1482	1
1273	1482	1483	1
1274	1483	1484	1
1275	1484	1485	1
1276	1485	1486	1
1277	1486	1487	1
1278	1487	1488	1
1279	1488	1489	1
1280	1489	1490	1
1281	1490	1491	1
1282	1491	1492	1
1283	1492	1493	1
1284	1493	1494	1
1285	1494	1495	1
1286	1495	1496	1
1287	1496	1497	1
1288	1497	1498	1
1289	1498	1499	1
1290	1499	1500	1
1291	1500	1501	1
1292	1501	1502	1
1293	1502	1503	1
1294	1503	1504	1
1295	1504	1505	1
1296	1505	1506	1
1297	1506	1507	1
1298	1507	1508	1
1299	1508	1509	1
1300	1509	1510	1
1301	1510	1511	1
1302	1511	1512	1
1303	1512	1513	1
1304	1513	1514	1
1305	1514	1515	1
1306	1515	1516	1
1307	1516	1517	1
1308	1517	1518	1
1309	1518	1519	1
1310	1519	1520	1
1311	1520	1521	1
1312	1521	1522	1
1313	1522	1523	1
1314	1523	1524	1
1315	1524	1525	1
1316	1525	1526	1
1317	1526	1527	1
1318	1527	1528	1
1319	1528	1529	1
1320	1529	1530	1
1321	1530	1531	1
1322	1531	1532	1
1323	1532	1533	1
1324	1533	1534	1
1325	1534	1535	1
1326	1535	1536	1
1327	1536	1537	1
1328	1537	1538	1
1329	1538	1539	1
1330	1539	1540	1
1331	1540	1541	1
1332	1541	1542	1
1333	1542	1543	1
1334	1543	1544	1
1335	1544	1545	1
1336	1545	1546	1
1337	1546	1547	1
1338	1547	1548	1
1339	1548	1549	1
1340	1549	1550	1
1341	1550	1551	1
1342	1551	1552	1
1343	1552	1553	1
1344	1553	1554	1
1345	1554	1555	1
1346	1555	1556	1
1347	1556	1557	1
1348	1557	1558	1
1349	1558	1559	1
1350	1559	1560	1
1351	1560	1561	1
1352	1561	1562	1
1353	1562	1563	1
1354	1563	1564	1
1355	1564	1565	1
1356	1565	1566	1
1357	1566	1567	1
1358	1567	1568	1
1359	1568	1569	1
1360	1569	1570	1
1361	1570	1571	1
1362	1571	1572	1
1363	1572	1573	1
1364	1573	1574	1
1365	1574	1575	1
1366	1575	1576	1
1367	1576	1577	1
1368	1577	1578	1
1369	1578	1579	1
1370	1579	1580	1
1371	1580	1581	1
1372	1581	1582	1
1373	1582	1583	1
1374	1583	1584	1
1375	1584	1585	1
1376	1585	1586	1
1377	1586	1587	1
1378	1587	1588	1
1379	1588	1589	1
1380	1589	1590	1
1381	1590	1591	1
1382	1591	1592	1
1383	1592	1593	1
1384	1593	1594	1
1385	1594	1595	1
1386	1595	1596	1
1387	1596	1597	1
1388	1597	1598	1
1389	1598	1599	1
1390	1599	1600	1
1391	1600	1601	1
1392	1601	1602	1
1393	1602	1603	1
1394	1603	1604	1
1395	1604	1605	1
1396	1605	1606	1
1397	1606	1607	1
1398	1607	1608	1
1399	1608	1609	1
1400	1609	1610	1
1401	1610	1611	1
1402	1611	1612	1
1403	1612	1613	1
1404	1613	1614	1
1405	1614	1615	1
1406	1615	1616	1
1407	1616	1617	1
1408	1617	1618	1
1409	1618	1619	1
1410	1619	1620	1
1411	1620	1621	1
1412	1621	1622	1
1413	1622	1623	1
1414	1623	1624	1
1415	1624	1625	1
1416	1625	1626	1
1417	1626	1627	1
1418	1627	1628	1
1419	1628	1629	1
1420	1629	1630	1
1421	1630	1631	1
1422	1631	1632	1
1423	1632	1633	1
1424	1633	1634	1
1425	1634	1635	1
1426	1635	1636	1
1427	1636	1637	1
1428	1637	1638	1
1429	1638	1639	1
1430	1639	1640	1
1431	1640	1641	1
1432	1641	1642	1
1433	1642	1643	1
1434	1643	1644	1
1435	1644	1645	1
1436	1645	1646	1
1437	1646	1647	1
1438	1647	1648	1
1439	1648	1649	1
1440	1649	1650	1
1441	1650	1651	1
1442	1651	1652	1
1443	1652	1653	1
1444	1653	1654	1
1445	1654	1655	1
1446	1655	1656	1
1447	1656	1657	1
1448	1657	1658	1
1449	1658	1659	1
1450	1659	1660	1
1451	1660	1661	1
1452	1661	1662	1
1453	1662	1663	1
1454	1663	1664	1
1455	1664	1665	1
1456	1665	1666	1
1457	1666	1667	1
1458	1667	1668	1
1459	1668	1669	1
1460	1669	1670	1
1461	1670	1671	1
1462	1671	1672	1
1463	1672	1673	1
1464	1673	1674	1
1465	1674	1675	1
1466	1675	1676	1
1467	1676	1677	1
1468	1677	1678	1
1469	1678	1679	1
1470	1679	1680	1
1471	1680	1681	1
1472	1681	1682	1
1473	1682	1683	1
1474	1683	1684	1
1475	1684	1685	1
1476	1685	1686	1
1477	1686	1687	1
1478	1687	1688	1
1479	1688	1689	1
1480	1689	1690	1
1481	1690	1691	1
1482	1691	1692	1
1483	1692	1693	1
1484	1693	1694	1
1485	1694	1695	1
1486	1695	1696	1
1487	1696	1697	1
1488	1697	1698	1
1489	1698	1699	1
1490	1699	1700	1
1491	1700	1701	1
1492	1701	1702	1
1493	1702	1703	1
1494	1703	1704	1
1495	1704	1705	1
1496	1705	1706	1
1497	1706	1707	1
1498	1707	1708	1
1499	1708	1709	1
1500	1709	1710	1
1501	1710	1711	1
1502	1711	1712	1
1503	1712	1713	1
1504	1713	1714	1
1505	1714	1715	1
1506	1715	1716	1
1507	1716	1717	1
1508	1717	1718	1
1509	1718	1719	1
1510	1719	1720	1
1511	1720	1721	1
1512	1721	1722	1
1513	1722	1723	1
1514	1723	1724	1
1515	1724	1725	1
1516	1725	1726	1
1517	1726	1727	1
1518	1727	1728	1
1519	1728	1729	1
1520	1729	1730	1
1521	1730	1731	1
1522	1731	1732	1
1523	1732	1733	1
1524	1733	1734	1
1525	1734	1735	1
1526	1735	1736	1
1527	1736	1737	1
1528	1737	1738	1
1529	1738	1739	1
1530	1739	1740	1
1531	1740	1741	1
1532	1741	1742	1
1533	1742	1743	1
1534	1743	1744	1
1535	1744	1745	1
1536	1745	1746	1
1537	1746	1747	1
1538	1747	1748	1
1539	1748	1749	1
1540	1749	1750	1
1541	1750	1751	1
1542	1751	1752	1
1543	1752	1753	1
1544	1753	1754	1
1545	1754	1755	1
1546	1755	1756	1
1547	1756	1757	1
1548	1757	1758	1
1549	1758	1759	1
1550	1759	1760	1
1551	1760	1761	1
1552	1761	1762	1
1553	1762	1763	1
1554	1763	1764	1
1555	1764	1765	1
1556	1765	1766	1
1557	1766	1767	1
1558	1767	1768	1
1559	1768	1769	1
1560	1769	1770	1
1561	1770	1771	1
1562	1771	1772	1
1563	1772	1773	1
1564	1773	1774	1
1565	1774	1775	1
1566	1775	1776	1
1567	1776	1777	1
1568	1777	1778	1
1569	1778	1779	1
1570	1779	1780	1
1571	1780	1781	1
1572	1781	1782	1
1573	1782	1783	1
1574	1783	1784	1
1575	1784	1785	1
1576	1785	1786	1
1577	1786	1787	1
1578	1787	1788	1
1579	1788	1789	1
1580	1789	1790	1
1581	1790	1791	1
1582	1791	1792	1
1583	1792	1793	1
1584	1793	1794	1
1585	1794	1795	1
1586	1795	1796	1
1587	1796	1797	1
1588	1797	1798	1
1589	1798	1799	1
1590	1799	1800	1
1591	1800	1801	1
1592	1801	1802	1
1593	1802	1803	1
1594	1803	1804	1
1595	1804	1805	1
1596	1805	1806	1
1597	1806	1807	1
1598	1807	1808	1
1599	1808	1809	1
1600	1809	1810	1
1601	1810	1811	1
1602	1811	1812	1
1603	1812	1813	1
1604	1813	1814	1
1605	1814	1815	1
1606	1815	1816	1
1607	1816	1817	1
1608	1817	1818	1
1609	1818	1819	1
1610	1819	1820	1
1611	1820	1821	1
1612	1821	1822	1
1613	1822	1823	1
1614	1823	1824	1
1615	1824	1825	1
1616	1825	1826	1
1617	1826	1827	1
1618	1827	1828	1
1619	1828	1829	1
1620	1829	1830	1
1621	1830	1831	1
1622	1831	1832	1
1623	1832	1833	1
1624	1833	1834	1
1625	1834	1835	1
1626	1835	1836	1
1627	1836	1837	1
1628	1837	1838	1
1629	1838	1839	1
1630	1839	1840	1
1631	1840	1841	1
1632	1841	1842	1
1633	1842	1843	1
1634	1843	1844	1
1635	1844	1845	1
1636	1845	1846	1
1637	1846	1847	1
1638	1847	1848	1
1639	1848	1849	1
1640	1849	1850	1
1641	1850	1851	1
1642	1851	1852	1
1643	1852	1853	1
1644	1853	1854	1
1645	1854	1855	1
1646	1855	1856	1
1647	1856	1857	1
1648	1857	1858	1
1649	1858	1859	1
1650	1859	1860	1
1651	1860	1861	1
1652	1861	1862	1
1653	1862	1863	1
1654	1863	1864	1
1655	1864	1865	1
1656	1865	1866	1
1657	1866	1867	1
1658	1867	1868	1
1659	1868	1869	1
1660	1869	1870	1
1661	1870	1871	1
1662	1871	1872	1
1663	1872	1873	1
1664	1873	1874	1
1665	1874	1875	1
1666	1875	1876	1
1667	1876	1877	1
1668	1877	1878	1
1669	1878	1879	1
1670	1879	1880	1
1671	1880	1881	1
1672	1881	1882	1
1673	1882	1883	1
1674	1883	1884	1
1675	1884	1885	1
1676	1885	1886	1
1677	1886	1887	1
1678	1887	1888	1
1679	1888	1889	1
1680	1889	1890	1
1681	1890	1891	1
1682	1891	1892	1
1683	1892	1893	1
1684	1893	1894	1
1685	1894	1895	1
1686	1895	1896	1
1687	1896	1897	1
1688	1897	1898	1
1689	1898	1899	1
1690	1899	1900	1
1691	1900	1901	1
1692	1901	1902	1
1693	1902	1903	1
1694	1903	1904	1
1695	1904	1905	1
1696	1905	1906	1
1697	1906	1907	1
1698	1907	1908	1
1699	1908	1909	1
1700	1909	1910	1
1701	1910	1911	1
1702	1911	1912	1
1703	1912	1913	1
1704	1913	1914	1
1705	1914	1915	1
1706	1915	1916	1
1707	1916	1917	1
1708	1917	1918	1
1709	1918	1919	1
1710	1919	1920	1
1711	1920	1921	1
1712	1921	1922	1
1713	1922	1923	1
1714	1923	1924	1
1715	1924	1925	1
1716	1925	1926	1
1717	1926	1927	1
1718	1927	1928	1
1719	1928	1929	1
1720	1929	1930	1
1721	1930	1931	1
1722	1931	1932	1
1723	1932	1933	1
1724	1933	1934	1
1725	1934	1935	1
1726	1935	1936	1
1727	1936	1937	1
1728	1937	1938	1
1729	1938	1939	1
1730	1939	1940	1
1731	1940	1941	1
1732	1941	1942	1
1733	1942	1943	1
1734	1943	1944	1
1735	1944	1945	1
1736	1945	1946	1
1737	1946	1947	1
1738	1947	1948	1
1739	1948	1949	1
1740	1949	1950	1
1741	1950	1951	1
1742	1951	1952	1
1743	1952	1953	1
1744	1953	1954	1
1745	1954	1955	1
1746	1955	1956	1
1747	1956	1957	1
1748	1957	1958	1
1749	1958	1959	1
1750	1959	1960	1
1751	1960	1961	1
1752	1961	1962	1
1753	1962	1963	1
1754	1963	1964	1
1755	1964	1965	1
1756	1965	1966	1
1757	1966	1967	1
1758	1967	1968	1
1759	1968	1969	1
1760	1969	1970	1
1761	1970	1971	1
1762	1971	1972	1
1763	1972	1973	1
1764	1973	1974	1
1765	1974	1975	1
1766	1975	1976	1
1767	1976	1977	1
1768	1977	1978	1
1769	1978	1979	1
1770	1979	1980	1
1771	1980	1981	1
1772	1981	1982	1
1773	1982	1983	1
1774	1983	1984	1
1775	1984	1985	1
1776	1985	1986	1
1777	1986	1987	1
1778	1987	1988	1
1779	1988	1989	1
1780	1989	1990	1
1781	1990	1991	1
1782	1991	1992	1
1783	1992	1993	1
1784	1993	1994	1
1785	1994	1995	1
1786	1995	1996	1
1787	1996	1997	1
1788	1997	1998	1
1789	1998	1999	1
1790	1999	2000	1
1791	2000	2001	1
1792	2001	2002	1
1793	2002	2003	1
1794	2003	2004	1
1795	2004	2005	1
1796	2005	2006	1
1797	2006	2007	1
1798	2007	2008	1
1799	2008	2009	1
1800	2009	2010	1
1801	2010	2011	1
1802	2011	2012	1
1803	2012	2013	1
1804	2013	2014	1
1805	2014	2015	1
1806	2015	2016	1
1807	2016	2017	1
1808	2017	2018	1
1809	2018	2019	1
1810	2019	2020	1
1811	2020	2021	1
1812	2021	2022	1
1813	2022	2023	1
1814	2023	2024	1
1815	2024	2025	1
1816	2025	2026	1
1817	2026	2027	1
1818	2027	2028	1
1819	2028	2029	1
1820	2029	2030	1
1821	2030	2031	1
1822	2031	2032	1
1823	2032	2033	1
1824	2033	2034	1
1825	2034	2035	1
1826	2035	2036	1
1827	2036	2037	1
1828	2037	2038	1
1829	2038	2039	1
1830	2039	2040	1
1831	2040	2041	1
1832	2041	2042	1
1833	2042	2043	1
1834	2043	2044	1
1835	2044	2045	1
1836	2045	2046	1
1837	2046	2047	1
1838	2047	2048	1
1839	2048	2049	1
1840	2049	2050	1
1841	2050	2051	1
1842	2051	2052	1
1843	2052	2053	1
1844	2053	2054	1
1845	2054	2055	1
1846	2055	2056	1
1847	2056	2057	1
1848	2057	2058	1
1849	2058	2059	1
1850	2059	2060	1
1851	2060	2061	1
1852	2061	2062	1
1853	2062	2063	1
1854	2063	2064	1
1855	2064	2065	1
1856	2065	2066	1
1857	2066	2067	1
1858	2067	2068	1
1859	2068	2069	1
1860	2069	2070	1
1861	2070	2071	1
1862	2071	2072	1
1863	2072	2073	1
1864	2073	2074	1
1865	2074	2075	1
1866	2075	2076	1
1867	2076	2077	1
1868	2077	2078	1
1869	2078	2079	1
1870	2079	2080	1
1871	2080	2081	1
1872	2081	2082	1
1873	2082	2083	1
1874	2083	2084	1
1875	2084	2085	1
1876	2085	2086	1
1877	2086	2087	1
1878	2087	2088	1
1879	2088	2089	1
1880	2089	2090	1
1881	2090	2091	1
1882	2091	2092	1
1883	2092	2093	1
1884	2093	2094	1
1885	2094	2095	1
1886	2095	2096	1
1887	2096	2097	1
1888	2097	2098	1
1889	2098	2099	1
1890	2099	2100	1
1891	2100	2101	1
1892	2101	2102	1
1893	2102	2103	1
1894	2103	2104	1
1895	2104	2105	1
1896	2105	2106	1
1897	2106	2107	1
1898	2107	2108	1
1899	2108	2109	1
1900	2109	2110	1
1901	2110	2111	1
1902	2111	2112	1
1903	2112	2113	1
1904	2113	2114	1
1905	2114	2115	1
1906	2115	2116	1
1907	2116	2117	1
1908	2117	2118	1
1909	2118	2119	1
1910	2119	2120	1
1911	2120	2121	1
1912	2121	2122	1
1913	2122	2123	1
1914	2123	2124	1
1915	2124	2125	1
1916	2125	2126	1
1917	2126	2127	1
1918	2127	2128	1
1919	2128	2129	1
1920	2129	2130	1
1921	2130	2131	1
1922	2131	2132	1
1923	2132	2133	1
1924	2133	2134	1
1925	2134	2135	1
1926	2135	2136	1
1927	2136	2137	1
1928	2137	2138	1
1929	2138	2139	1
1930	2139	2140	1
1931	2140	2141	1
1932	2141	2142	1
1933	2142	2143	1
1934	2143	2144	1
1935	2144	2145	1
1936	2145	2146	1
1937	2146	2147	1
1938	2147	2148	1
1939	2148	2149	1
1940	2149	2150	1
1941	2150	2151	1
1942	2151	2152	1
1943	2152	2153	1
1944	2153	2154	1
1945	2154	2155	1
1946	2155	2156	1
1947	2156	2157	1
1948	2157	2158	1
1949	2158	2159	1
1950	2159	2160	1
1951	2160	2161	1
1952	2161	2162	1
1953	2162	2163	1
1954	2163	2164	1
1955	2164	2165	1
1956	2165	2166	1
1957	2166	2167	1
1958	2167	2168	1
1959	2168	2169	1
1960	2169	2170	1
1961	2170	2171	1
1962	2171	2172	1
1963	2172	2173	1
1964	2173	2174	1
1965	2174	2175	1
1966	2175	2176	1
1967	2176	2177	1
1968	2177	2178	1
1969	2178	2179	1
1970	2179	2180	1
1971	2180	2181	1
1972	2181	2182	1
1973	2182	2183	1
1974	2183	2184	1
1975	2184	2185	1
1976	2185	2186	1
1977	2186	2187	1
1978	2187	2188	1
1979	2188	2189	1
1980	2189	2190	1
1981	2190	2191	1
1982	2191	2192	1
1983	2192	2193	1
1984	2193	2194	1
1985	2194	2195	1
1986	2195	2196	1
1987	2196	2197	1
1988	2197	2198	1
1989	2198	2199	1
1990	2199	2200	1
1991	2200	2201	1
1992	2201	2202	1
1993	2202	2203	1
1994	2203	2204	1
1995	2204	2205	1
1996	2205	2206	1
1997	2206	2207	1
1998	2207	2208	1
1999	2208	2209	1
2000	2209	2210	1
2001	2210	2211	1
2002	2211	2212	1
2003	2212	2213	1
2004	2213	2214	1
2005	2214	2215	1
2006	2215	2216	1
2007	2216	2217	1
2008	2217	2218	1
2009	2218	2219	1
2010	2219	2220	1
2011	2220	2221	1
2012	2221	2222	1
2013	2222	2223	1
2014	2223	2224	1
2015	2224	2225	1
2016	2225	2226	1
2017	2226	2227	1
2018	2227	2228	1
2019	2228	2229	1
2020	2229	2230	1
2021	2230	2231	1
2022	2231	2232	1
2023	2232	2233	1
2024	2233	2234	1
2025	2234	2235	1
2026	2235	2236	1
2027	2236	2237	1
2028	2237	2238	1
2029	2238	2239	1
2030	2239	2240	1
2031	2240	2241	1
2032	2241	2242	1
2033	2242	2243	1
2034	2243	2244	1
2035	2244	2245	1
2036	2245	2246	1
2037	2246	2247	1
2038	2247	2248	1
2039	2248	2249	1
2040	2249	2250	1
2041	2250	2251	1
2042	2251	2252	1
2043	2252	2253	1
2044	2253	2254	1
2045	2254	2255	1
2046	2255	2256	1
2047	2256	2257	1
2048	2257	2258	1
2049	2258	2259	1
2050	2259	2260	1
2051	2260	2261	1
2052	2261	2262	1
2053	2262	2263	1
2054	2263	2264	1
2055	2264	2265	1
2056	2265	2266	1
2057	2266	2267	1
2058	2267	2268	1
2059	2268	2269	1
2060	2269	2270	1
2061	2270	2271	1
2062	2271	2272	1
2063	2272	2273	1
2064	2273	2274	1
2065	2274	2275	1
2066	2275	2276	1
2067	2276	2277	1
2068	2277	2278	1
2069	2278	2279	1
2070	2279	2280	1
2071	2280	2281	1
2072	2281	2282	1
2073	2282	2283	1
2074	2283	2284	1
2075	2284	2285	1
2076	2285	2286	1
2077	2286	2287	1
2078	2287	2288	1
2079	2288	2289	1
2080	2289	2290	1
2081	2290	2291	1
2082	2291	2292	1
2083	2292	2293	1
2084	2293	2294	1
2085	2294	2295	1
2086	2295	2296	1
2087	2296	2297	1
2088	2297	2298	1
2089	2298	2299	1
2090	2299	2300	1
2091	2300	2301	1
2092	2301	2302	1
2093	2302	2303	1
2094	2303	2304	1
2095	2304	2305	1
2096	2305	2306	1
2097	2306	2307	1
2098	2307	2308	1
2099	2308	2309	1
2100	2309	2310	1
2101	2310	2311	1
2102	2311	2312	1
2103	2312	2313	1
2104	2313	2314	1
2105	2314	2315	1
2106	2315	2316	1
2107	2316	2317	1
2108	2317	2318	1
2109	2318	2319	1
2110	2319	2320	1
2111	2320	2321	1
2112	2321	2322	1
2113	2322	2323	1
2114	2323	2324	1
2115	2324	2325	1
2116	2325	2326	1
2117	2326	2327	1
2118	2327	2328	1
2119	2328	2329	1
2120	2329	2330	1
2121	2330	2331	1
2122	2331	2332	1
2123	2332	2333	1
2124	2333	2334	1
2125	2334	2335	1
2126	2335	2336	1
2127	2336	2337	1
2128	2337	2338	1
2129	2338	2339	1
2130	2339	2340	1
2131	2340	2341	1
2132	2341	2342	1
2133	2342	2343	1
2134	2343	2344	1
2135	2344	2345	1
2136	2345	2346	1
2137	2346	2347	1
2138	2347	2348	1
2139	2348	2349	1
2140	2349	2350	1
2141	2350	2351	1
2142	2351	2352	1
2143	2352	2353	1
2144	2353	2354	1
2145	2354	2355	1
2146	2355	2356	1
2147	2356	2357	1
2148	2357	2358	1
2149	2358	2359	1
2150	2359	2360	1
2151	2360	2361	1
2152	2361	2362	1
2153	2362	2363	1
2154	2363	2364	1
2155	2364	2365	1
2156	2365	2366	1
2157	2366	2367	1
2158	2367	2368	1
2159	2368	2369	1
2160	2369	2370	1
2161	2370	2371	1
2162	2371	2372	1
2163	2372	2373	1
2164	2373	2374	1
2165	2374	2375	1
2166	2375	2376	1
2167	2376	2377	1
2168	2377	2378	1
2169	2378	2379	1
2170	2379	2380	1
2171	2380	2381	1
2172	2381	2382	1
2173	2382	2383	1
2174	2383	2384	1
2175	2384	2385	1
2176	2385	2386	1
2177	2386	2387	1
2178	2387	2388	1
2179	2388	2389	1
2180	2389	2390	1
2181	2390	2391	1
2182	2391	2392	1
2183	2392	2393	1
2184	2393	2394	1
2185	2394	2395	1
2186	2395	2396	1
2187	2396	2397	1
2188	2397	2398	1
2189	2398	2399	1
2190	2399	2400	1
2191	2400	2401	1
2192	2401	2402	1
2193	2402	2403	1
2194	2403	2404	1
2195	2404	2405	1
2196	2405	2406	1
2197	2406	2407	1
2198	2407	2408	1
2199	2408	2409	1
2200	2409	2410	1
2201	2410	2411	1
2202	2411	2412	1
2203	2412	2413	1
2204	2413	2414	1
2205	2414	2415	1
2206	2415	2416	1
2207	2416	2417	1
2208	2417	2418	1
2209	2418	2419	1
2210	2419	2420	1
2211	2420	2421	1
2212	2421	2422	1
2213	2422	2423	1
2214	2423	2424	1
2215	2424	2425	1
2216	2425	2426	1
2217	2426	2427	1
2218	2427	2428	1
2219	2428	2429	1
2220	2429	2430	1
2221	2430	2431	1
2222	2431	2432	1
2223	2432	2433	1
2224	2433	2434	1
2225	2434	2435	1
2226	2435	2436	1
2227	2436	2437	1
2228	2437	2438	1
2229	2438	2439	1
2230	2439	2440	1
2231	2440	2441	1
2232	2441	2442	1
2233	2442	2443	1
2234	2443	2444	1
2235	2444	2445	1
2236	2445	2446	1
2237	2446	2447	1
2238	2447	2448	1
2239	2448	2449	1
2240	2449	2450	1
2241	2450	2451	1
2242	2451	2452	1
2243	2452	2453	1
2244	2453	2454	1
2245	2454	2455	1
2246	2455	2456	1
2247	2456	2457	1
2248	2457	2458	1
2249	2458	2459	1
2250	2459	2460	1
2251	2460	2461	1
2252	2461	2462	1
2253	2462	2463	1
2254	2463	2464	1
2255	2464	2465	1
2256	2465	2466	1
2257	2466	2467	1
2258	2467	2468	1
2259	2468	2469	1
2260	2469	2470	1
2261	2470	2471	1
2262	2471	2472	1
2263	2472	2473	1
2264	2473	2474	1
2265	2474	2475	1
2266	2475	2476	1
2267	2476	2477	1
2268	2477	2478	1
2269	2478	2479	1
2270	2479	2480	1
2271	2480	2481	1
2272	2481	2482	1
2273	2482	2483	1
2274	2483	2484	1
2275	2484	2485	1
2276	2485	2486	1
2277	2486	2487	1
2278	2487	2488	1
2279	2488	2489	1
2280	2489	2490	1
2281	2490	2491	1
2282	2491	2492	1
2283	2492	2493	1
2284	2493	2494	1
2285	2494	2495	1
2286	2495	2496	1
2287	2496	2497	1
2288	2497	2498	1
2289	2498	2499	1
2290	2499	2500	1
2291	2500	2501	1
2292	2501	2502	1
2293	2502	2503	1
2294	2503	2504	1
2295	2504	2505	1
2296	2505	2506	1
2297	2506	2507	1
2298	2507	2508	1
2299	2508	2509	1
2300	2509	2510	1
2301	2510	2511	1
2302	2511	2512	1
2303	2512	2513	1
2304	2513	2514	1
2305	2514	2515	1
2306	2515	2516	1
2307	2516	2517	1
2308	2517	2518	1
2309	2518	2519	1
2310	2519	2520	1
2311	2520	2521	1
2312	2521	2522	1
2313	2522	2523	1
2314	2523	2524	1
2315	2524	2525	1
2316	2525	2526	1
2317	2526	2527	1
2318	2527	2528	1
2319	2528	2529	1
2320	2529	2530	1
2321	2530	2531	1
2322	2531	2532	1
2323	2532	2533	1
2324	2533	2534	1
2325	2534	2535	1
2326	2535	2536	1
2327	2536	2537	1
2328	2537	2538	1
2329	2538	2539	1
2330	2539	2540	1
2331	2540	2541	1
2332	2541	2542	1
2333	2542	2543	1
2334	2543	2544	1
2335	2544	2545	1
2336	2545	2546	1
2337	2546	2547	1
2338	2547	2548	1
2339	2548	2549	1
2340	2549	2550	1
2341	2550	2551	1
2342	2551	2552	1
2343	2552	2553	1
2344	2553	2554	1
2345	2554	2555	1
2346	2555	2556	1
2347	2556	2557	1
2348	2557	2558	1
2349	2558	2559	1
2350	2559	2560	1
2351	2560	2561	1
2352	2561	2562	1
2353	2562	2563	1
2354	2563	2564	1
2355	2564	2565	1
2356	2565	2566	1
2357	2566	2567	1
2358	2567	2568	1
2359	2568	2569	1
2360	2569	2570	1
2361	2570	2571	1
2362	2571	2572	1
2363	2572	2573	1
2364	2573	2574	1
2365	2574	2575	1
2366	2575	2576	1
2367	2576	2577	1
2368	2577	2578	1
2369	2578	2579	1
2370	2579	2580	1
2371	2580	2581	1
2372	2581	2582	1
2373	2582	2583	1
2374	2583	2584	1
2375	2584	2585	1
2376	2585	2586	1
2377	2586	2587	1
2378	2587	2588	1
2379	2588	2589	1
2380	2589	2590	1
2381	2590	2591	1
2382	2591	2592	1
2383	2592	2593	1
2384	2593	2594	1
2385	2594	2595	1
2386	2595	2596	1
2387	2596	2597	1
2388	2597	2598	1
2389	2598	2599	1
2390	2599	2600	1
2391	2600	2601	1
2392	2601	2602	1
2393	2602	2603	1
2394	2603	2604	1
2395	2604	2605	1
2396	2605	2606	1
2397	2606	2607	1
2398	2607	2608	1
2399	2608	2609	1
2400	2609	2610	1
2401	2610	2611	1
2402	2611	2612	1
2403	2612	2613	1
2404	2613	2614	1
2405	2614	2615	1
2406	2615	2616	1
2407	2616	2617	1
2408	2617	2618	1
2409	2618	2619	1
2410	2619	2620	1
2411	2620	2621	1
2412	2621	2622	1
2413	2622	2623	1
2414	2623	2624	1
2415	2624	2625	1
2416	2625	2626	1
2417	2626	2627	1
2418	2627	2628	1
2419	2628	2629	1
2420	2629	2630	1
2421	2630	2631	1
2422	2631	2632	1
2423	2632	2633	1
2424	2633	2634	1
2425	2634	2635	1
2426	2635	2636	1
2427	2636	2637	1
2428	2637	2638	1
2429	2638	2639	1
2430	2639	2640	1
2431	2640	2641	1
2432	2641	2642	1
2433	2642	2643	1
2434	2643	2644	1
2435	2644	2645	1
2436	2645	2646	1
2437	2646	2647	1
2438	2647	2648	1
2439	2648	2649	1
2440	2649	2650	1
2441	2650	2651	1
2442	2651	2652	1
2443	2652	2653	1
2444	2653	2654	1
2445	2654	2655	1
2446	2655	2656	1
2447	2656	2657	1
2448	2657	2658	1
2449	2658	2659	1
2450	2659	2660	1
2451	2660	2661	1
2452	2661	2662	1
2453	2662	2663	1
2454	2663	2664	1
2455	2664	2665	1
2456	2665	2666	1
2457	2666	2667	1
2458	2667	2668	1
2459	2668	2669	1
2460	2669	2670	1
2461	2670	2671	1
2462	2671	2672	1
2463	2672	2673	1
2464	2673	2674	1
2465	2674	2675	1
2466	2675	2676	1
2467	2676	2677	1
2468	2677	2678	1
2469	2678	2679	1
2470	2679	2680	1
2471	2680	2681	1
2472	2681	2682	1
2473	2682	2683	1
2474	2683	2684	1
2475	2684	2685	1
2476	2685	2686	1
2477	2686	2687	1
2478	2687	2688	1
2479	2688	2689	1
2480	2689	2690	1
2481	2690	2691	1
2482	2691	2692	1
2483	2692	2693	1
2484	2693	2694	1
2485	2694	2695	1
2486	2695	2696	1
2487	2696	2697	1
2488	2697	2698	1
2489	2698	2699	1
2490	2699	2700	1
2491	2700	2701	1
2492	2701	2702	1
2493	2702	2703	1
2494	2703	2704	1
2495	2704	2705	1
2496	2705	2706	1
2497	2706	2707	1
2498	2707	2708	1
2499	2708	2709	1
2500	2709	2710	1
2501	2710	2711	1
2502	2711	2712	1
2503	2712	2713	1
2504	2713	2714	1
2505	2714	2715	1
2506	2715	2716	1
2507	2716	2717	1
2508	2717	2718	1
2509	2718	2719	1
2510	2719	2720	1
2511	2720	2721	1
2512	2721	2722	1
2513	2722	2723	1
2514	2723	2724	1
2515	2724	2725	1
2516	2725	2726	1
2517	2726	2727	1
2518	2727	2728	1
2519	2728	2729	1
2520	2729	2730	1
2521	2730	2731	1
2522	2731	2732	1
2523	2732	2733	1
2524	2733	2734	1
2525	2734	2735	1
2526	2735	2736	1
2527	2736	2737	1
2528	2737	2738	1
2529	2738	2739	1
2530	2739	2740	1
2531	2740	2741	1
2532	2741	2742	1
2533	2742	2743	1
2534	2743	2744	1
2535	2744	2745	1
2536	2745	2746	1
2537	2746	2747	1
2538	2747	2748	1
2539	2748	2749	1
2540	2749	2750	1
2541	2750	2751	1
2542	2751	2752	1
2543	2752	2753	1
2544	2753	2754	1
2545	2754	2755	1
2546	2755	2756	1
2547	2756	2757	1
2548	2757	2758	1
2549	2758	2759	1
2550	2759	2760	1
2551	2760	2761	1
2552	2761	2762	1
2553	2762	2763	1
2554	2763	2764	1
2555	2764	2765	1
2556	2765	2766	1
2557	2766	2767	1
2558	2767	2768	1
2559	2768	2769	1
2560	2769	2770	1
2561	2770	2771	1
2562	2771	2772	1
2563	2772	2773	1
2564	2773	2774	1
2565	2774	2775	1
2566	2775	2776	1
2567	2776	2777	1
2568	2777	2778	1
2569	2778	2779	1
2570	2779	2780	1
2571	2780	2781	1
2572	2781	2782	1
2573	2782	2783	1
2574	2783	2784	1
2575	2784	2785	1
2576	2785	2786	1
2577	2786	2787	1
2578	2787	2788	1
2579	2788	2789	1
2580	2789	2790	1
2581	2790	2791	1
2582	2791	2792	1
2583	2792	2793	1
2584	2793	2794	1
2585	2794	2795	1
2586	2795	2796	1
2587	2796	2797	1
2588	2797	2798	1
2589	2798	2799	1
2590	2799	2800	1
2591	2800	2801	1
2592	2801	2802	1
2593	2802	2803	1
2594	2803	2804	1
2595	2804	2805	1
2596	2805	2806	1
2597	2806	2807	1
2598	2807	2808	1
2599	2808	2809	1
2600	2809	2810	1
2601	2810	2811	1
2602	2811	2812	1
2603	2812	2813	1
2604	2813	2814	1
2605	2814	2815	1
2606	2815	2816	1
2607	2816	2817	1
2608	2817	2818	1
2609	2818	2819	1
2610	2819	2820	1
2611	2820	2821	1
2612	2821	2822	1
2613	2822	2823	1
2614	2823	2824	1
2615	2824	2825	1
2616	2825	2826	1
2617	2826	2827	1
2618	2827	2828	1
2619	2828	2829	1
2620	2829	2830	1
2621	2830	2831	1
2622	2831	2832	1
2623	2832	2833	1
2624	2833	2834	1
2625	2834	2835	1
2626	2835	2836	1
2627	2836	2837	1
2628	2837	2838	1
2629	2838	2839	1
2630	2839	2840	1
2631	2840	2841	1
2632	2841	2842	1
2633	2842	2843	1
2634	2843	2844	1
2635	2844	2845	1
2636	2845	2846	1
2637	2846	2847	1
2638	2847	2848	1
2639	2848	2849	1
2640	2849	2850	1
2641	2850	2851	1
2642	2851	2852	1
2643	2852	2853	1
2644	2853	2854	1
2645	2854	2855	1
2646	2855	2856	1
2647	2856	2857	1
2648	2857	2858	1
2649	2858	2859	1
2650	2859	2860	1
2651	2860	2861	1
2652	2861	2862	1
2653	2862	2863	1
2654	2863	2864	1
2655	2864	2865	1
2656	2865	2866	1
2657	2866	2867	1
2658	2867	2868	1
2659	2868	2869	1
2660	2869	2870	1
2661	2870	2871	1
2662	2871	2872	1
2663	2872	2873	1
2664	2873	2874	1
2665	2874	2875	1
2666	2875	2876	1
2667	2876	2877	1
2668	2877	2878	1
2669	2878	2879	1
2670	2879	2880	1
2671	2880	2881	1
2672	2881	2882	1
2673	2882	2883	1
2674	2883	2884	1
2675	2884	2885	1
2676	2885	2886	1
2677	2886	2887	1
2678	2887	2888	1
2679	2888	2889	1
2680	2889	2890	1
2681	2890	2891	1
2682	2891	2892	1
2683	2892	2893	1
2684	2893	2894	1
2685	2894	2895	1
2686	2895	2896	1
2687	2896	2897	1
2688	2897	2898	1
2689	2898	2899	1
2690	2899	2900	1
2691	2900	2901	1
2692	2901	2902	1
2693	2902	2903	1
2694	2903	2904	1
2695	2904	2905	1
2696	2905	2906	1
2697	2906	2907	1
2698	2907	2908	1
2699	2908	2909	1
2700	2909	2910	1
2701	2910	2911	1
2702	2911	2912	1
2703	2912	2913	1
2704	2913	2914	1
2705	2914	2915	1
2706	2915	2916	1
2707	2916	2918	2
2708	2918	2920	2
2709	2920	2922	2
2710	2922	2924	2
2711	2924	2926	2
2712	2926	2928	2
2713	2928	2930	2
2714	2930	2932	2
2715	2932	2934	2
2716	2934	2936	2
2717	2936	2938	2
2718	2938	2940	2
2719	2940	2942	2
2720	2942	2944	2
2721	2944	2946	2
2722	2946	2948	2
2723	2948	2950	2
2724	2950	2952	2
2725	2952	2954	2
2726	2954	2956	2
2727	2956	2958	2
2728	2958	2960	2
2729	2960	2962	2
2730	2962	2964	2
2731	2964	2966	2
2732	2966	2968	2
2733	2968	2970	2
2734	2970	2972	2
2735	2972	2974	2
2736	2974	2976	2
2737	2976	2978	2
2738	2978	2980	2
2739	2980	2982	2
2740	2982	2984	2
2741	2984	2986	2
2742	2986	2988	2
2743	2988	2990	2
2744	2990	2992	2
2745	2992	2994	2
2746	2994	2996	2
2747	2996	2998	2
2748	2998	3000	2
2749	3000	3002	2
2750	3002	3004	2
2751	3004	3006	2
2752	3006	3008	2
2753	3008	3010	2
2754	3010	3012	2
2755	3012	3014	2
2756	3014	3016	2
2757	3016	3018	2
2758	3018	3020	2
2759	3020	3022	2
2760	3022	3024	2
2761	3024	3026	2
2762	3026	3028	2
2763	3028	3030	2
2764	3030	3032	2
2765	3032	3034	2
2766	3034	3036	2
2767	3036	3038	2
2768	3038	3040	2
2769	3040	3042	2
2770	3042	3044	2
2771	3044	3046	2
2772	3046	3048	2
2773	3048	3050	2
2774	3050	3052	2
2775	3052	3054	2
2776	3054	3056	2
2777	3056	3058	2
2778	3058	3060	2
2779	3060	3062	2
2780	3062	3064	2
2781	3064	3066	2
2782	3066	3068	2
2783	3068	3070	2
2784	3070	3072	2
2785	3072	3074	2
2786	3074	3076	2
2787	3076	3078	2
2788	3078	3080	2
2789	3080	3082	2
2790	3082	3084	2
2791	3084	3086	2
2792	3086	3088	2
2793	3088	3090	2
2794	3090	3092	2
2795	3092	3094	2
2796	3094	3096	2
2797	3096	3098	2
2798	3098	3100	2
2799	3100	3102	2
2800	3102	3104	2
2801	3104	3106	2
2802	3106	3108	2
2803	3108	3110	2
2804	3110	3112	2
2805	3112	3114	2
2806	3114	3116	2
2807	3116	3118	2
2808	3118	3120	2
2809	3120	3122	2
2810	3122	3124	2
2811	3124	3126	2
2812	3126	3128	2
2813	3128	3130	2
2814	3130	3132	2
2815	3132	3134	2
2816	3134	3136	2
2817	3136	3138	2
2818	3138	3140	2
2819	3140	3142	2
2820	3142	3144	2
2821	3144	3146	2
2822	3146	3148	2
2823	3148	3150	2
2824	3150	3152	2
2825	3152	3154	2
2826	3154	3156	2
2827	3156	3158	2
2828	3158	3160	2
2829	3160	3162	2
2830	3162	3164	2
2831	3164	3166	2
2832	3166	3168	2
2833	3168	3170	2
2834	3170	3172	2
2835	3172	3174	2
2836	3174	3176	2
2837	3176	3178	2
2838	3178	3180	2
2839	3180	3182	2
2840	3182	3184	2
2841	3184	3186	2
2842	3186	3188	2
2843	3188	3190	2
2844	3190	3192	2
2845	3192	3194	2
2846	3194	3196	2
2847	3196	3198	2
2848	3198	3200	2
2849	3200	3202	2
2850	3202	3204	2
2851	3204	3206	2
2852	3206	3208	2
2853	3208	3210	2
2854	3210	3212	2
2855	3212	3214	2
2856	3214	3216	2
2857	3216	3218	2
2858	3218	3220	2
2859	3220	3222	2
2860	3222	3224	2
2861	3224	3226	2
2862	3226	3228	2
2863	3228	3230	2
2864	3230	3232	2
2865	3232	3234	2
2866	3234	3236	2
2867	3236	3238	2
2868	3238	3240	2
2869	3240	3242	2
2870	3242	3244	2
2871	3244	3246	2
2872	3246	3248	2
2873	3248	3250	2
2874	3250	3252	2
2875	3252	3254	2
2876	3254	3256	2
2877	3256	3258	2
2878	3258	3260	2
2879	3260	3262	2
2880	3262	3264	2
2881	3264	3266	2
2882	3266	3268	2
2883	3268	3270	2
2884	3270	3272	2
2885	3272	3274	2
2886	3274	3276	2
2887	3276	3278	2
2888	3278	3280	2
2889	3280	3282	2
2890	3282	3284	2
2891	3284	3286	2
2892	3286	3288	2
2893	3288	3290	2
2894	3290	3292	2
2895	3292	3294	2
2896	3294	3296	2
2897	3296	3298	2
2898	3298	3300	2
2899	3300	3302	2
2900	3302	3304	2
2901	3304	3306	2
2902	3306	3308	2
2903	3308	3310	2
2904	3310	3312	2
2905	3312	3314	2
2906	3314	3316	2
2907	3316	3318	2
2908	3318	3320	2
2909	3320	3322	2
2910	3322	3324	2
2911	3324	3326	2
2912	3326	3328	2
2913	3328	3330	2
2914	3330	3332	2
2915	3332	3334	2
2916	3334	3336	2
2917	3336	3338	2
2918	3338	3340	2
2919	3340	3342	2
2920	3342	3344	2
2921	3344	3346	2
2922	3346	3348	2
2923	3348	3350	2
2924	3350	3352	2
2925	3352	3354	2
2926	3354	3356	2
2927	3356	3358	2
2928	3358	3360	2
2929	3360	3362	2
2930	3362	3364	2
2931	3364	3366	2
2932	3366	3368	2
2933	3368	3370	2
2934	3370	3372	2
2935	3372	3374	2
2936	3374	3376	2
2937	3376	3378	2
2938	3378	3380	2
2939	3380	3382	2
2940	3382	3384	2
2941	3384	3386	2
2942	3386	3388	2
2943	3388	3390	2
2944	3390	3392	2
2945	3392	3394	2
2946	3394	3396	2
2947	3396	3398	2
2948	3398	3400	2
2949	3400	3402	2
2950	3402	3404	2
2951	3404	3406	2
2952	3406	3408	2
2953	3408	3410	2
2954	3410	3412	2
2955	3412	3414	2
2956	3414	3416	2
2957	3416	3418	2
2958	3418	3420	2
2959	3420	3422	2
2960	3422	3424	2
2961	3424	3426	2
2962	3426	3428	2
2963	3428	3430	2
2964	3430	3432	2
2965	3432	3434	2
2966	3434	3436	2
2967	3436	3438	2
2968	3438	3440	2
2969	3440	3442	2
2970	3442	3444	2
2971	3444	3446	2
2972	3446	3448	2
2973	3448	3450	2
2974	3450	3452	2
2975	3452	3454	2
2976	3454	3456	2
2977	3456	3458	2
2978	3458	3460	2
2979	3460	3462	2
2980	3462	3464	2
2981	3464	3466	2
2982	3466	3468	2
2983	3468	3470	2
2984	3470	3472	2
2985	3472	3474	2
2986	3474	3476	2
2987	3476	3478	2
2988	3478	3480	2
2989	3480	3482	2
2990	3482	3484	2
2991	3484	3486	2
2992	3486	3488	2
2993	3488	3490	2
2994	3490	3492	2
2995	3492	3494	2
2996	3494	3496	2
2997	3496	3498	2
2998	3498	3500	2
2999	3500	3502	2
3000	3502	3504	2
3001	3504	3506	2
3002	3506	3508	2
3003	3508	3510	2
3004	3510	3512	2
3005	3512	3514	2
3006	3514	3516	2
3007	3516	3518	2
3008	3518	3520	2
3009	3520	3522	2
3010	3522	3524	2
3011	3524	3526	2
3012	3526	3528	2
3013	3528	3530	2
3014	3530	3532	2
3015	3532	3534	2
3016	3534	3536	2
3017	3536	3538	2
3018	3538	3540	2
3019	3540	3542	2
3020	3542	3544	2
3021	3544	3546	2
3022	3546	3548	2
3023	3548	3550	2
3024	3550	3552	2
3025	3552	3554	2
3026	3554	3556	2
3027	3556	3558	2
3028	3558	3560	2
3029	3560	3562	2
3030	3562	3564	2
3031	3564	3566	2
3032	3566	3568	2
3033	3568	3570	2
3034	3570	3572	2
3035	3572	3574	2
3036	3574	3576	2
3037	3576	3578	2
3038	3578	3580	2
3039	3580	3582	2
3040	3582	3584	2
3041	3584	3586	2
3042	3586	3588	2
3043	3588	3590	2
3044	3590	3592	2
3045	3592	3594	2
3046	3594	3596	2
3047	3596	3598	2
3048	3598	3600	2
3049	3600	3602	2
3050	3602	3604	2
3051	3604	3606	2
3052	3606	3608	2
3053	3608	3610	2
3054	3610	3612	2
3055	3612	3614	2
3056	3614	3616	2
3057	3616	3618	2
3058	3618	3620	2
3059	3620	3622	2
3060	3622	3624	2
3061	3624	3626	2
3062	3626	3628	2
3063	3628	3630	2
3064	3630	3632	2
3065	3632	3634	2
3066	3634	3636	2
3067	3636	3638	2
3068	3638	3640	2
3069	3640	3642	2
3070	3642	3644	2
3071	3644	3646	2
3072	3646	3648	2
3073	3648	3650	2
3074	3650	3652	2
3075	3652	3654	2
3076	3654	3656	2
3077	3656	3658	2
3078	3658	3660	2
3079	3660	3662	2
3080	3662	3664	2
3081	3664	3666	2
3082	3666	3668	2
3083	3668	3670	2
3084	3670	3672	2
3085	3672	3674	2
3086	3674	3676	2
3087	3676	3678	2
3088	3678	3680	2
3089	3680	3682	2
3090	3682	3684	2
3091	3684	3686	2
3092	3686	3688	2
3093	3688	3690	2
3094	3690	3692	2
3095	3692	3694	2
3096	3694	3696	2
3097	3696	3698	2
3098	3698	3700	2
3099	3700	3702	2
3100	3702	3704	2
3101	3704	3706	2
3102	3706	3708	2
3103	3708	3710	2
3104	3710	3712	2
3105	3712	3714	2
3106	3714	3716	2
3107	3716	3718	2
3108	3718	3720	2
3109	3720	3722	2
3110	3722	3724	2
3111	3724	3726	2
3112	3726	3728	2
3113	3728	3730	2
3114	3730	3732	2
3115	3732	3734	2
3116	3734	3736	2
3117	3736	3738	2
3118	3738	3740	2
3119	3740	3742	2
3120	3742	3744	2
3121	3744	3746	2
3122	3746	3748	2
3123	3748	3750	2
3124	3750	3752	2
3125	3752	3754	2
3126	3754	3756	2
3127	3756	3758	2
3128	3758	3760	2
3129	3760	3762	2
3130	3762	3764	2
3131	3764	3766	2
3132	3766	3768	2
3133	3768	3770	2
3134	3770	3772	2
3135	3772	3774	2
3136	3774	3776	2
3137	3776	3778	2
3138	3778	3780	2
3139	3780	3782	2
3140	3782	3784	2
3141	3784	3786	2
3142	3786	3788	2
3143	3788	3790	2
3144	3790	3792	2
3145	3792	3794	2
3146	3794	3796	2
3147	3796	3798	2
3148	3798	3800	2
3149	3800	3802	2
3150	3802	3804	2
3151	3804	3806	2
3152	3806	3808	2
3153	3808	3810	2
3154	3810	3812	2
3155	3812	3814	2
3156	3814	3816	2
3157	3816	3818	2
3158	3818	3820	2
3159	3820	3822	2
3160	3822	3824	2
3161	3824	3826	2
3162	3826	3828	2
3163	3828	3830	2
3164	3830	3832	2
3165	3832	3834	2
3166	3834	3836	2
3167	3836	3838	2
3168	3838	3840	2
3169	3840	3842	2
3170	3842	3844	2
3171	3844	3846	2
3172	3846	3848	2
3173	3848	3850	2
3174	3850	3852	2
3175	3852	3854	2
3176	3854	3856	2
3177	3856	3858	2
3178	3858	3860	2
3179	3860	3862	2
3180	3862	3864	2
3181	3864	3866	2
3182	3866	3868	2
3183	3868	3870	2
3184	3870	3872	2
3185	3872	3874	2
3186	3874	3876	2
3187	3876	3878	2
3188	3878	3880	2
3189	3880	3882	2
3190	3882	3884	2
3191	3884	3886	2
3192	3886	3888	2
3193	3888	3890	2
3194	3890	3892	2
3195	3892	3894	2
3196	3894	3896	2
3197	3896	3898	2
3198	3898	3900	2
3199	3900	3902	2
3200	3902	3904	2
3201	3904	3906	2
3202	3906	3908	2
3203	3908	3910	2
3204	3910	3912	2
3205	3912	3914	2
3206	3914	3916	2
3207	3916	3918	2
3208	3918	3920	2
3209	3920	3922	2
3210	3922	3924	2
3211	3924	3926	2
3212	3926	3928	2
3213	3928	3930	2
3214	3930	3932	2
3215	3932	3934	2
3216	3934	3936	2
3217	3936	3938	2
3218	3938	3940	2
3219	3940	3942	2
3220	3942	3944	2
3221	3944	3946	2
3222	3946	3948	2
3223	3948	3950	2
3224	3950	3952	2
3225	3952	3954	2
3226	3954	3956	2
3227	3956	3958	2
3228	3958	3960	2
3229	3960	3962	2
3230	3962	3964	2
3231	3964	3966	2
3232	3966	3968	2
3233	3968	3970	2
3234	3970	3972	2
3235	3972	3974	2
3236	3974	3976	2
3237	3976	3978	2
3238	3978	3980	2
3239	3980	3982	2
3240	3982	3984	2
3241	3984	3986	2
3242	3986	3988	2
3243	3988	3990	2
3244	3990	3992	2
3245	3992	3994	2
3246	3994	3996	2
3247	3996	3998	2
3248	3998	4000	2
3249	4000	4002	2
3250	4002	4004	2
3251	4004	4006	2
3252	4006	4008	2
3253	4008	4010	2
3254	4010	4012	2
3255	4012	4014	2
3256	4014	4016	2
3257	4016	4018	2
3258	4018	4020	2
3259	4020	4022	2
3260	4022	4024	2
3261	4024	4026	2
3262	4026	4028	2
3263	4028	4030	2
3264	4030	4032	2
3265	4032	4034	2
3266	4034	4036	2
3267	4036	4038	2
3268	4038	4040	2
3269	4040	4042	2
3270	4042	4044	2
3271	4044	4046	2
3272	4046	4048	2
3273	4048	4050	2
3274	4050	4052	2
3275	4052	4054	2
3276	4054	4056	2
3277	4056	4058	2
3278	4058	4060	2
3279	4060	4062	2
3280	4062	4064	2
3281	4064	4066	2
3282	4066	4068	2
3283	4068	4070	2
3284	4070	4072	2
3285	4072	4074	2
3286	4074	4076	2
3287	4076	4078	2
3288	4078	4080	2
3289	4080	4082	2
3290	4082	4084	2
3291	4084	4086	2
3292	4086	4088	2
3293	4088	4090	2
3294	4090	4092	2
3295	4092	4094	2
3296	4094	4096	2
3297	4096	4098	2
3298	4098	4100	2
3299	4100	4102	2
3300	4102	4104	2
3301	4104	4106	2
3302	4106	4108	2
3303	4108	4110	2
3304	4110	4112	2
3305	4112	4114	2
3306	4114	4116	2
3307	4116	4118	2
3308	4118	4120	2
3309	4120	4122	2
3310	4122	4124	2
3311	4124	4126	2
3312	4126	4128	2
3313	4128	4130	2
3314	4130	4132	2
3315	4132	4134	2
3316	4134	4136	2
3317	4136	4138	2
3318	4138	4140	2
3319	4140	4142	2
3320	4142	4144	2
3321	4144	4146	2
3322	4146	4148	2
3323	4148	4150	2
3324	4150	4152	2
3325	4152	4154	2
3326	4154	4156	2
3327	4156	4158	2
3328	4158	4160	2
3329	4160	4162	2
3330	4162	4164	2
3331	4164	4166	2
3332	4166	4168	2
3333	4168	4170	2
3334	4170	4172	2
3335	4172	4174	2
3336	4174	4176	2
3337	4176	4178	2
3338	4178	4180	2
3339	4180	4182	2
3340	4182	4184	2
3341	4184	4186	2
3342	4186	4188	2
3343	4188	4190	2
3344	4190	4192	2
3345	4192	4194	2
3346	4194	4196	2
3347	4196	4198	2
3348	4198	4200	2
3349	4200	4202	2
3350	4202	4204	2
3351	4204	4206	2
3352	4206	4208	2
3353	4208	4210	2
3354	4210	4212	2
3355	4212	4214	2
3356	4214	4216	2
3357	4216	4218	2
3358	4218	4220	2
3359	4220	4222	2
3360	4222	4224	2
3361	4224	4226	2
3362	4226	4228	2
3363	4228	4230	2
3364	4230	4232	2
3365	4232	4234	2
3366	4234	4236	2
3367	4236	4238	2
3368	4238	4240	2
3369	4240	4242	2
3370	4242	4244	2
3371	4244	4246	2
3372	4246	4248	2
3373	4248	4250	2
3374	4250	4252	2
3375	4252	4254	2
3376	4254	4256	2
3377	4256	4258	2
3378	4258	4260	2
3379	4260	4262	2
3380	4262	4264	2
3381	4264	4266	2
3382	4266	4268	2
3383	4268	4270	2
3384	4270	4272	2
3385	4272	4274	2
3386	4274	4276	2
3387	4276	4278	2
3388	4278	4280	2
3389	4280	4282	2
3390	4282	4284	2
3391	4284	4286	2
3392	4286	4288	2
3393	4288	4290	2
3394	4290	4292	2
3395	4292	4294	2
3396	4294	4296	2
3397	4296	4298	2
3398	4298	4300	2
3399	4300	4302	2
3400	4302	4304	2
3401	4304	4306	2
3402	4306	4308	2
3403	4308	4310	2
3404	4310	4312	2
3405	4312	4314	2
3406	4314	4316	2
3407	4316	4318	2
3408	4318	4320	2
3409	4320	4322	2
3410	4322	4324	2
3411	4324	4326	2
3412	4326	4328	2
3413	4328	4330	2
3414	4330	4332	2
3415	4332	4334	2
3416	4334	4336	2
3417	4336	4338	2
3418	4338	4340	2
3419	4340	4342	2
3420	4342	4344	2
3421	4344	4346	2
3422	4346	4348	2
3423	4348	4350	2
3424	4350	4352	2
3425	4352	4354	2
3426	4354	4356	2
3427	4356	4358	2
3428	4358	4360	2
3429	4360	4362	2
3430	4362	4364	2
3431	4364	4366	2
3432	4366	4368	2
3433	4368	4370	2
3434	4370	4372	2
3435	4372	4374	2
3436	4374	4376	2
3437	4376	4378	2
3438	4378	4380	2
3439	4380	4382	2
3440	4382	4384	2
3441	4384	4386	2
3442	4386	4388	2
3443	4388	4390	2
3444	4390	4392	2
3445	4392	4394	2
3446	4394	4396	2
3447	4396	4398	2
3448	4398	4400	2
3449	4400	4402	2
3450	4402	4404	2
3451	4404	4406	2
3452	4406	4408	2
3453	4408	4410	2
3454	4410	4412	2
3455	4412	4414	2
3456	4414	4416	2
3457	4416	4418	2
3458	4418	4420	2
3459	4420	4422	2
3460	4422	4424	2
3461	4424	4426	2
3462	4426	4428	2
3463	4428	4430	2
3464	4430	4432	2
3465	4432	4434	2
3466	4434	4436	2
3467	4436	4438	2
3468	4438	4440	2
3469	4440	4442	2
3470	4442	4444	2
3471	4444	4446	2
3472	4446	4448	2
3473	4448	4450	2
3474	4450	4452	2
3475	4452	4454	2
3476	4454	4456	2
3477	4456	4458	2
3478	4458	4460	2
3479	4460	4462	2
3480	4462	4464	2
3481	4464	4466	2
3482	4466	4468	2
3483	4468	4470	2
3484	4470	4472	2
3485	4472	4474	2
3486	4474	4476	2
3487	4476	4478	2
3488	4478	4480	2
3489	4480	4482	2
3490	4482	4484	2
3491	4484	4486	2
3492	4486	4488	2
3493	4488	4490	2
3494	4490	4492	2
3495	4492	4494	2
3496	4494	4496	2
3497	4496	4498	2
3498	4498	4500	2
3499	4500	4502	2
3500	4502	4504	2
3501	4504	4506	2
3502	4506	4508	2
3503	4508	4510	2
3504	4510	4512	2
3505	4512	4514	2
3506	4514	4516	2
3507	4516	4518	2
3508	4518	4520	2
3509	4520	4522	2
3510	4522	4524	2
3511	4524	4526	2
3512	4526	4528	2
3513	4528	4530	2
3514	4530	4532	2
3515	4532	4534	2
3516	4534	4536	2
3517	4536	4538	2
3518	4538	4540	2
3519	4540	4542	2
3520	4542	4544	2
3521	4544	4546	2
3522	4546	4548	2
3523	4548	4550	2
3524	4550	4552	2
3525	4552	4554	2
3526	4554	4556	2
3527	4556	4558	2
3528	4558	4560	2
3529	4560	4562	2
3530	4562	4564	2
3531	4564	4566	2
3532	4566	4568	2
3533	4568	4570	2
3534	4570	4572	2
3535	4572	4574	2
3536	4574	4576	2
3537	4576	4578	2
3538	4578	4580	2
3539	4580	4582	2
3540	4582	4584	2
3541	4584	4586	2
3542	4586	4588	2
3543	4588	4590	2
3544	4590	4592	2
3545	4592	4594	2
3546	4594	4596	2
3547	4596	4598	2
3548	4598	4600	2
3549	4600	4602	2
3550	4602	4604	2
3551	4604	4606	2
3552	4606	4608	2
3553	4608	4610	2
3554	4610	4612	2
3555	4612	4614	2
3556	4614	4616	2
3557	4616	4618	2
3558	4618	4620	2
3559	4620	4622	2
3560	4622	4624	2
3561	4624	4626	2
3562	4626	4628	2
3563	4628	4630	2
3564	4630	4632	2
3565	4632	4634	2
3566	4634	4636	2
3567	4636	4638	2
3568	4638	4640	2
3569	4640	4642	2
3570	4642	4644	2
3571	4644	4646	2
3572	4646	4648	2
3573	4648	4650	2
3574	4650	4652	2
3575	4652	4654	2
3576	4654	4656	2
3577	4656	4658	2
3578	4658	4660	2
3579	4660	4662	2
3580	4662	4664	2
3581	4664	4666	2
3582	4666	4668	2
3583	4668	4670	2
3584	4670	4672	2
3585	4672	4674	2
3586	4674	4676	2
3587	4676	4678	2
3588	4678	4680	2
3589	4680	4682	2
3590	4682	4684	2
3591	4684	4686	2
3592	4686	4688	2
3593	4688	4690	2
3594	4690	4692	2
3595	4692	4694	2
3596	4694	4696	2
3597	4696	4698	2
3598	4698	4700	2
3599	4700	4702	2
3600	4702	4704	2
3601	4704	4706	2
3602	4706	4708	2
3603	4708	4710	2
3604	4710	4712	2
3605	4712	4714	2
3606	4714	4716	2
3607	4716	4718	2
3608	4718	4720	2
3609	4720	4722	2
3610	4722	4724	2
3611	4724	4726	2
3612	4726	4728	2
3613	4728	4730	2
3614	4730	4732	2
3615	4732	4734	2
3616	4734	4736	2
3617	4736	4738	2
3618	4738	4740	2
3619	4740	4742	2
3620	4742	4744	2
3621	4744	4746	2
3622	4746	4748	2
3623	4748	4750	2
3624	4750	4752	2
3625	4752	4754	2
3626	4754	4756	2
3627	4756	4758	2
3628	4758	4760	2
3629	4760	4762	2
3630	4762	4764	2
3631	4764	4766	2
3632	4766	4768	2
3633	4768	4770	2
3634	4770	4772	2
3635	4772	4774	2
3636	4774	4776	2
3637	4776	4778	2
3638	4778	4780	2
3639	4780	4782	2
3640	4782	4784	2
3641	4784	4786	2
3642	4786	4788	2
3643	4788	4790	2
3644	4790	4792	2
3645	4792	4794	2
3646	4794	4796	2
3647	4796	4798	2
3648	4798	4800	2
3649	4800	4802	2
3650	4802	4804	2
3651	4804	4806	2
3652	4806	4808	2
3653	4808	4810	2
3654	4810	4812	2
3655	4812	4814	2
3656	4814	4816	2
3657	4816	4818	2
3658	4818	4820	2
3659	4820	4822	2
3660	4822	4824	2
3661	4824	4826	2
3662	4826	4828	2
3663	4828	4830	2
3664	4830	4832	2
3665	4832	4834	2
3666	4834	4836	2
3667	4836	4838	2
3668	4838	4840	2
3669	4840	4842	2
3670	4842	4844	2
3671	4844	4846	2
3672	4846	4848	2
3673	4848	4850	2
3674	4850	4852	2
3675	4852	4854	2
3676	4854	4856	2
3677	4856	4858	2
3678	4858	4860	2
3679	4860	4862	2
3680	4862	4864	2
3681	4864	4866	2
3682	4866	4868	2
3683	4868	4870	2
3684	4870	4872	2
3685	4872	4874	2
3686	4874	4876	2
3687	4876	4878	2
3688	4878	4880	2
3689	4880	4882	2
3690	4882	4884	2
3691	4884	4886	2
3692	4886	4888	2
3693	4888	4890	2
3694	4890	4892	2
3695	4892	4894	2
3696	4894	4896	2
3697	4896	4898	2
3698	4898	4900	2
3699	4900	4902	2
3700	4902	4904	2
3701	4904	4906	2
3702	4906	4908	2
3703	4908	4910	2
3704	4910	4912	2
3705	4912	4914	2
3706	4914	4916	2
3707	4916	4918	2
3708	4918	4920	2
3709	4920	4922	2
3710	4922	4924	2
3711	4924	4926	2
3712	4926	4928	2
3713	4928	4930	2
3714	4930	4932	2
3715	4932	4934	2
3716	4934	4936	2
3717	4936	4938	2
3718	4938	4940	2
3719	4940	4942	2
3720	4942	4944	2
3721	4944	4946	2
3722	4946	4948	2
3723	4948	4950	2
3724	4950	4952	2
3725	4952	4954	2
3726	4954	4956	2
3727	4956	4958	2
3728	4958	4960	2
3729	4960	4962	2
3730	4962	4964	2
3731	4964	4966	2
3732	4966	4968	2
3733	4968	4970	2
3734	4970	4972	2
3735	4972	4974	2
3736	4974	4976	2
3737	4976	4978	2
3738	4978	4980	2
3739	4980	4982	2
3740	4982	4984	2
3741	4984	4986	2
3742	4986	4988	2
3743	4988	4990	2
3744	4990	4992	2
3745	4992	4994	2
3746	4994	4996	2
3747	4996	4998	2
3748	4998	5000	2
3749	5000	5002	2
3750	5002	5004	2
3751	5004	5006	2
3752	5006	5008	2
3753	5008	5010	2
3754	5010	5012	2
3755	5012	5014	2
3756	5014	5016	2
3757	5016	5018	2
3758	5018	5020	2
3759	5020	5022	2
3760	5022	5024	2
3761	5024	5026	2
3762	5026	5028	2
3763	5028	5030	2
3764	5030	5032	2
3765	5032	5034	2
3766	5034	5036	2
3767	5036	5038	2
3768	5038	5040	2
3769	5040	5042	2
3770	5042	5044	2
3771	5044	5046	2
3772	5046	5048	2
3773	5048	5050	2
3774	5050	5052	2
3775	5052	5054	2
3776	5054	5056	2
3777	5056	5058	2
3778	5058	5060	2
3779	5060	5062	2
3780	5062	5064	2
3781	5064	5066	2
3782	5066	5068	2
3783	5068	5070	2
3784	5070	5072	2
3785	5072	5074	2
3786	5074	5076	2
3787	5076	5078	2
3788	5078	5080	2
3789	5080	5082	2
3790	5082	5084	2
3791	5084	5086	2
3792	5086	5088	2
3793	5088	5090	2
3794	5090	5092	2
3795	5092	5094	2
3796	5094	5096	2
3797	5096	5098	2
3798	5098	5100	2
3799	5100	5102	2
3800	5102	5104	2
3801	5104	5106	2
3802	5106	5108	2
3803	5108	5110	2
3804	5110	5112	2
3805	5112	5114	2
3806	5114	5116	2
3807	5116	5118	2
3808	5118	5120	2
3809	5120	5122	2
3810	5122	5124	2
3811	5124	5126	2
3812	5126	5128	2
3813	5128	5130	2
3814	5130	5132	2
3815	5132	5134	2
3816	5134	5136	2
3817	5136	5138	2
3818	5138	5140	2
3819	5140	5142	2
3820	5142	5144	2
3821	5144	5146	2
3822	5146	5148	2
3823	5148	5150	2
3824	5150	5152	2
3825	5152	5154	2
3826	5154	5156	2
3827	5156	5158	2
3828	5158	5160	2
3829	5160	5162	2
3830	5162	5164	2
3831	5164	5166	2
3832	5166	5168	2
3833	5168	5170	2
3834	5170	5172	2
3835	5172	5174	2
3836	5174	5177	3
3837	5177	5180	3
3838	5180	5183	3
3839	5183	5186	3
3840	5186	5189	3
3841	5189	5192	3
3842	5192	5195	3
3843	5195	5198	3
3844	5198	5201	3
3845	5201	5204	3
3846	5204	5207	3
3847	5207	5210	3
3848	5210	5213	3
3849	5213	5216	3
3850	5216	5219	3
3851	5219	5222	3
3852	5222	5225	3
3853	5225	5228	3
3854	5228	5231	3
3855	5231	5234	3
3856	5234	5237	3
3857	5237	5240	3
3858	5240	5243	3
3859	5243	5246	3
3860	5246	5249	3
3861	5249	5252	3
3862	5252	5255	3
3863	5255	5258	3
3864	5258	5261	3
3865	5261	5264	3
3866	5264	5267	3
3867	5267	5270	3
3868	5270	5273	3
3869	5273	5276	3
3870	5276	5279	3
3871	5279	5282	3
3872	5282	5285	3
3873	5285	5288	3
3874	5288	5291	3
3875	5291	5294	3
3876	5294	5297	3
3877	5297	5300	3
3878	5300	5303	3
3879	5303	5306	3
3880	5306	5309	3
3881	5309	5312	3
3882	5312	5315	3
3883	5315	5318	3
3884	5318	5321	3
3885	5321	5324	3
3886	5324	5327	3
3887	5327	5330	3
3888	5330	5333	3
3889	5333	5336	3
3890	5336	5339	3
3891	5339	5342	3
3892	5342	5345	3
3893	5345	5348	3
3894	5348	5351	3
3895	5351	5354	3
3896	5354	5357	3
3897	5357	5360	3
3898	5360	5363	3
3899	5363	5366	3
3900	5366	5369	3
3901	5369	5372	3
3902	5372	5375	3
3903	5375	5378	3
3904	5378	5381	3
3905	5381	5384	3
3906	5384	5387	3
3907	5387	5390	3
3908	5390	5393	3
3909	5393	5396	3
3910	5396	5399	3
3911	5399	5402	3
3912	5402	5405	3
3913	5405	5408	3
3914	5408	5411	3
3915	5411	5414	3
3916	5414	5417	3
3917	5417	5420	3
3918	5420	5423	3
3919	5423	5426	3
3920	5426	5429	3
3921	5429	5432	3
3922	5432	5435	3
3923	5435	5438	3
3924	5438	5441	3
3925	5441	5444	3
3926	5444	5447	3
3927	5447	5450	3
3928	5450	5453	3
3929	5453	5456	3
3930	5456	5459	3
3931	5459	5462	3
3932	5462	5465	3
3933	5465	5468	3
3934	5468	5471	3
3935	5471	5474	3
3936	5474	5477	3
3937	5477	5480	3
3938	5480	5483	3
3939	5483	5486	3
3940	5486	5489	3
3941	5489	5492	3
3942	5492	5495	3
3943	5495	5498	3
3944	5498	5501	3
3945	5501	5504	3
3946	5504	5507	3
3947	5507	5510	3
3948	5510	5513	3
3949	5513	5516	3
3950	5516	5519	3
3951	5519	5522	3
3952	5522	5525	3
3953	5525	5528	3
3954	5528	5531	3
3955	5531	5534	3
3956	5534	5537	3
3957	5537	5540	3
3958	5540	5543	3
3959	5543	5546	3
3960	5546	5549	3
3961	5549	5552	3
3962	5552	5555	3
3963	5555	5558	3
3964	5558	5561	3
3965	5561	5564	3
3966	5564	5567	3
3967	5567	5570	3
3968	5570	5573	3
3969	5573	5576	3
3970	5576	5579	3
3971	5579	5582	3
3972	5582	5585	3
3973	5585	5588	3
3974	5588	5591	3
3975	5591	5594	3
3976	5594	5597	3
3977	5597	5600	3
3978	5600	5603	3
3979	5603	5606	3
3980	5606	5609	3
3981	5609	5612	3
3982	5612	5615	3
3983	5615	5618	3
3984	5618	5621	3
3985	5621	5624	3
3986	5624	5627	3
3987	5627	5630	3
3988	5630	5633	3
3989	5633	5636	3
3990	5636	5639	3
3991	5639	5642	3
3992	5642	5645	3
3993	5645	5648	3
3994	5648	5651	3
3995	5651	5654	3
3996	5654	5657	3
3997	5657	5660	3
3998	5660	5663	3
3999	5663	5666	3
4000	5666	5669	3
4001	5669	5672	3
4002	5672	5675	3
4003	5675	5678	3
4004	5678	5681	3
4005	5681	5684	3
4006	5684	5687	3
4007	5687	5690	3
4008	5690	5693	3
4009	5693	5696	3
4010	5696	5699	3
4011	5699	5702	3
4012	5702	5705	3
4013	5705	5708	3
4014	5708	5711	3
4015	5711	5714	3
4016	5714	5717	3
4017	5717	5720	3
4018	5720	5723	3
4019	5723	5726	3
4020	5726	5729	3
4021	5729	5732	3
4022	5732	5735	3
4023	5735	5738	3
4024	5738	5741	3
4025	5741	5744	3
4026	5744	5747	3
4027	5747	5750	3
4028	5750	5753	3
4029	5753	5756	3
4030	5756	5759	3
4031	5759	5762	3
4032	5762	5765	3
4033	5765	5768	3
4034	5768	5771	3
4035	5771	5774	3
4036	5774	5777	3
4037	5777	5780	3
4038	5780	5783	3
4039	5783	5786	3
4040	5786	5789	3
4041	5789	5792	3
4042	5792	5795	3
4043	5795	5798	3
4044	5798	5801	3
4045	5801	5804	3
4046	5804	5807	3
4047	5807	5810	3
4048	5810	5813	3
4049	5813	5816	3
4050	5816	5819	3
4051	5819	5822	3
4052	5822	5825	3
4053	5825	5828	3
4054	5828	5831	3
4055	5831	5834	3
4056	5834	5837	3
4057	5837	5840	3
4058	5840	5843	3
4059	5843	5846	3
4060	5846	5849	3
4061	5849	5852	3
4062	5852	5855	3
4063	5855	5858	3
4064	5858	5861	3
4065	5861	5864	3
4066	5864	5867	3
4067	5867	5870	3
4068	5870	5873	3
4069	5873	5876	3
4070	5876	5879	3
4071	5879	5882	3
4072	5882	5885	3
4073	5885	5888	3
4074	5888	5891	3
4075	5891	5894	3
4076	5894	5897	3
4077	5897	5900	3
4078	5900	5903	3
4079	5903	5906	3
4080	5906	5909	3
4081	5909	5912	3
4082	5912	5915	3
4083	5915	5918	3
4084	5918	5921	3
4085	5921	5924	3
4086	5924	5927	3
4087	5927	5930	3
4088	5930	5933	3
4089	5933	5936	3
4090	5936	5939	3
4091	5939	5942	3
4092	5942	5945	3
4093	5945	5948	3
4094	5948	5951	3
4095	5951	5954	3
4096	5954	5957	3
4097	5957	5960	3
4098	5960	5963	3
4099	5963	5966	3
4100	5966	5969	3
4101	5969	5972	3
4102	5972	5975	3
4103	5975	5978	3
4104	5978	5981	3
4105	5981	5984	3
4106	5984	5987	3
4107	5987	5990	3
4108	5990	5993	3
4109	5993	5996	3
4110	5996	5999	3
4111	5999	6002	3
4112	6002	6005	3
4113	6005	6008	3
4114	6008	6011	3
4115	6011	6014	3
4116	6014	6017	3
4117	6017	6020	3
4118	6020	6023	3
4119	6023	6026	3
4120	6026	6029	3
4121	6029	6032	3
4122	6032	6035	3
4123	6035	6038	3
4124	6038	6041	3
4125	6041	6044	3
4126	6044	6047	3
4127	6047	6050	3
4128	6050	6053	3
4129	6053	6056	3
4130	6056	6059	3
4131	6059	6062	3
4132	6062	6065	3
4133	6065	6068	3
4134	6068	6071	3
4135	6071	6074	3
4136	6074	6077	3
4137	6077	6080	3
4138	6080	6083	3
4139	6083	6086	3
4140	6086	6089	3
4141	6089	6092	3
4142	6092	6095	3
4143	6095	6098	3
4144	6098	6101	3
4145	6101	6104	3
4146	6104	6107	3
4147	6107	6110	3
4148	6110	6113	3
4149	6113	6116	3
4150	6116	6119	3
4151	6119	6122	3
4152	6122	6125	3
4153	6125	6128	3
4154	6128	6131	3
4155	6131	6134	3
4156	6134	6137	3
4157	6137	6140	3
4158	6140	6143	3
4159	6143	6146	3
4160	6146	6149	3
4161	6149	6152	3
4162	6152	6155	3
4163	6155	6158	3
4164	6158	6161	3
4165	6161	6164	3
4166	6164	6167	3
4167	6167	6170	3
4168	6170	6173	3
4169	6173	6176	3
4170	6176	6179	3
4171	6179	6182	3
4172	6182	6185	3
4173	6185	6188	3
4174	6188	6191	3
4175	6191	6194	3
4176	6194	6197	3
4177	6197	6200	3
4178	6200	6203	3
4179	6203	6206	3
4180	6206	6209	3
4181	6209	6212	3
4182	6212	6215	3
4183	6215	6218	3
4184	6218	6221	3
4185	6221	6224	3
4186	6224	6227	3
4187	6227	6230	3
4188	6230	6233	3
4189	6233	6236	3
4190	6236	6239	3
4191	6239	6242	3
4192	6242	6245	3
4193	6245	6248	3
4194	6248	6251	3
4195	6251	6254	3
4196	6254	6257	3
4197	6257	6260	3
4198	6260	6263	3
4199	6263	6266	3
4200	6266	6269	3
4201	6269	6272	3
4202	6272	6275	3
4203	6275	6278	3
4204	6278	6281	3
4205	6281	6284	3
4206	6284	6287	3
4207	6287	6290	3
4208	6290	6293	3
4209	6293	6296	3
4210	6296	6299	3
4211	6299	6302	3
4212	6302	6305	3
4213	6305	6308	3
4214	6308	6311	3
4215	6311	6314	3
4216	6314	6317	3
4217	6317	6320	3
4218	6320	6323	3
4219	6323	6326	3
4220	6326	6329	3
4221	6329	6332	3
4222	6332	6335	3
4223	6335	6338	3
4224	6338	6341	3
4225	6341	6344	3
4226	6344	6347	3
4227	6347	6350	3
4228	6350	6353	3
4229	6353	6356	3
4230	6356	6359	3
4231	6359	6362	3
4232	6362	6365	3
4233	6365	6368	3
4234	6368	6371	3
4235	6371	6374	3
4236	6374	6377	3
4237	6377	6380	3
4238	6380	6383	3
4239	6383	6386	3
4240	6386	6389	3
4241	6389	6392	3
4242	6392	6395	3
4243	6395	6398	3
4244	6398	6401	3
4245	6401	6404	3
4246	6404	6407	3
4247	6407	6410	3
4248	6410	6413	3
4249	6413	6416	3
4250	6416	6419	3
4251	6419	6422	3
4252	6422	6425	3
4253	6425	6428	3
4254	6428	6431	3
4255	6431	6434	3
4256	6434	6437	3
4257	6437	6440	3
4258	6440	6443	3
4259	6443	6446	3
4260	6446	6449	3
4261	6449	6452	3
4262	6452	6455	3
4263	6455	6458	3
4264	6458	6461	3
4265	6461	6464	3
4266	6464	6467	3
4267	6467	6470	3
4268	6470	6473	3
4269	6473	6476	3
4270	6476	6479	3
4271	6479	6482	3
4272	6482	6485	3
4273	6485	6488	3
4274	6488	6491	3
4275	6491	6494	3
4276	6494	6497	3
4277	6497	6500	3
4278	6500	6503	3
4279	6503	6506	3
4280	6506	6509	3
4281	6509	6512	3
4282	6512	6515	3
4283	6515	6518	3
4284	6518	6521	3
4285	6521	6524	3
4286	6524	6527	3
4287	6527	6530	3
4288	6530	6533	3
4289	6533	6536	3
4290	6536	6539	3
4291	6539	6542	3
4292	6542	6545	3
4293	6545	6548	3
4294	6548	6551	3
4295	6551	6554	3
4296	6554	6557	3
4297	6557	6560	3
4298	6560	6563	3
4299	6563	6566	3
4300	6566	6569	3
4301	6569	6572	3
4302	6572	6575	3
4303	6575	6578	3
4304	6578	6581	3
4305	6581	6584	3
4306	6584	6587	3
4307	6587	6590	3
4308	6590	6593	3
4309	6593	6596	3
4310	6596	6599	3
4311	6599	6602	3
4312	6602	6605	3
4313	6605	6608	3
4314	6608	6611	3
4315	6611	6614	3
4316	6614	6617	3
4317	6617	6620	3
4318	6620	6623	3
4319	6623	6626	3
4320	6626	6629	3
4321	6629	6632	3
4322	6632	6635	3
4323	6635	6638	3
4324	6638	6641	3
4325	6641	6644	3
4326	6644	6647	3
4327	6647	6650	3
4328	6650	6653	3
4329	6653	6656	3
4330	6656	6659	3
4331	6659	6662	3
4332	6662	6665	3
4333	6665	6668	3
4334	6668	6671	3
4335	6671	6674	3
4336	6674	6677	3
4337	6677	6680	3
4338	6680	6683	3
4339	6683	6686	3
4340	6686	6689	3
4341	6689	6692	3
4342	6692	6695	3
4343	6695	6698	3
4344	6698	6701	3
4345	6701	6704	3
4346	6704	6707	3
4347	6707	6710	3
4348	6710	6713	3
4349	6713	6716	3
4350	6716	6719	3
4351	6719	6722	3
4352	6722	6725	3
4353	6725	6728	3
4354	6728	6731	3
4355	6731	6734	3
4356	6734	6737	3
4357	6737	6740	3
4358	6740	6743	3
4359	6743	6746	3
4360	6746	6749	3
4361	6749	6752	3
4362	6752	6755	3
4363	6755	6758	3
4364	6758	6761	3
4365	6761	6764	3
4366	6764	6767	3
4367	6767	6770	3
4368	6770	6773	3
4369	6773	6776	3
4370	6776	6779	3
4371	6779	6782	3
4372	6782	6785	3
4373	6785	6788	3
4374	6788	6791	3
4375	6791	6795	4
4376	6795	6799	4
4377	6799	6803	4
4378	6803	6807	4
4379	6807	6811	4
4380	6811	6815	4
4381	6815	6819	4
4382	6819	6823	4
4383	6823	6827	4
4384	6827	6831	4
4385	6831	6835	4
4386	6835	6839	4
4387	6839	6843	4
4388	6843	6847	4
4389	6847	6851	4
4390	6851	6855	4
4391	6855	6859	4
4392	6859	6863	4
4393	6863	6867	4
4394	6867	6871	4
4395	6871	6875	4
4396	6875	6879	4
4397	6879	6883	4
4398	6883	6887	4
4399	6887	6891	4
4400	6891	6895	4
4401	6895	6899	4
4402	6899	6903	4
4403	6903	6907	4
4404	6907	6911	4
4405	6911	6915	4
4406	6915	6919	4
4407	6919	6923	4
4408	6923	6927	4
4409	6927	6931	4
4410	6931	6935	4
4411	6935	6939	4
4412	6939	6943	4
4413	6943	6947	4
4414	6947	6951	4
4415	6951	6955	4
4416	6955	6959	4
4417	6959	6963	4
4418	6963	6967	4
4419	6967	6971	4
4420	6971	6975	4
4421	6975	6979	4
4422	6979	6983	4
4423	6983	6987	4
4424	6987	6991	4
4425	6991	6995	4
4426	6995	6999	4
4427	6999	7003	4
4428	7003	7007	4
4429	7007	7011	4
4430	7011	7015	4
4431	7015	7019	4
4432	7019	7023	4
4433	7023	7027	4
4434	7027	7031	4
4435	7031	7035	4
4436	7035	7039	4
4437	7039	7043	4
4438	7043	7047	4
4439	7047	7051	4
4440	7051	7055	4
4441	7055	7059	4
4442	7059	7063	4
4443	7063	7067	4
4444	7067	7071	4
4445	7071	7075	4
4446	7075	7079	4
4447	7079	7083	4
4448	7083	7087	4
4449	7087	7091	4
4450	7091	7095	4
4451	7095	7099	4
4452	7099	7103	4
4453	7103	7107	4
4454	7107	7111	4
4455	7111	7115	4
4456	7115	7119	4
4457	7119	7123	4
4458	7123	7127	4
4459	7127	7131	4
4460	7131	7135	4
4461	7135	7139	4
4462	7139	7143	4
4463	7143	7147	4
4464	7147	7151	4
4465	7151	7155	4
4466	7155	7159	4
4467	7159	7163	4
4468	7163	7167	4
4469	7167	7171	4
4470	7171	7175	4
4471	7175	7179	4
4472	7179	7183	4
4473	7183	7187	4
4474	7187	7191	4
4475	7191	7195	4
4476	7195	7199	4
4477	7199	7203	4
4478	7203	7207	4
4479	7207	7211	4
4480	7211	7215	4
4481	7215	7219	4
4482	7219	7223	4
4483	7223	7227	4
4484	7227	7231	4
4485	7231	7235	4
4486	7235	7239	4
4487	7239	7243	4
4488	7243	7247	4
4489	7247	7251	4
4490	7251	7255	4
4491	7255	7259	4
4492	7259	7263	4
4493	7263	7267	4
4494	7267	7271	4
4495	7271	7275	4
4496	7275	7279	4
4497	7279	7283	4
4498	7283	7287	4
4499	7287	7291	4
4500	7291	7295	4
4501	7295	7299	4
4502	7299	7303	4
4503	7303	7307	4
4504	7307	7311	4
4505	7311	7315	4
4506	7315	7319	4
4507	7319	7323	4
4508	7323	7327	4
4509	7327	7331	4
4510	7331	7335	4
4511	7335	7339	4
4512	7339	7343	4
4513	7343	7347	4
4514	7347	7351	4
4515	7351	7355	4
4516	7355	7359	4
4517	7359	7363	4
4518	7363	7367	4
4519	7367	7371	4
4520	7371	7375	4
4521	7375	7379	4
4522	7379	7383	4
4523	7383	7387	4
4524	7387	7391	4
4525	7391	7395	4
4526	7395	7399	4
4527	7399	7403	4
4528	7403	7407	4
4529	7407	7411	4
4530	7411	7415	4
4531	7415	7419	4
4532	7419	7423	4
4533	7423	7427	4
4534	7427	7431	4
4535	7431	7435	4
4536	7435	7439	4
4537	7439	7443	4
4538	7443	7447	4
4539	7447	7451	4
4540	7451	7455	4
4541	7455	7459	4
4542	7459	7463	4
4543	7463	7467	4
4544	7467	7471	4
4545	7471	7475	4
4546	7475	7479	4
4547	7479	7483	4
4548	7483	7487	4
4549	7487	7491	4
4550	7491	7495	4
4551	7495	7499	4
4552	7499	7503	4
4553	7503	7507	4
4554	7507	7511	4
4555	7511	7515	4
4556	7515	7519	4
4557	7519	7523	4
4558	7523	7527	4
4559	7527	7531	4
4560	7531	7535	4
4561	7535	7539	4
4562	7539	7543	4
4563	7543	7547	4
4564	7547	7551	4
4565	7551	7555	4
4566	7555	7559	4
4567	7559	7563	4
4568	7563	7567	4
4569	7567	7571	4
4570	7571	7575	4
4571	7575	7579	4
4572	7579	7583	4
4573	7583	7587	4
4574	7587	7591	4
4575	7591	7595	4
4576	7595	7599	4
4577	7599	7603	4
4578	7603	7607	4
4579	7607	7611	4
4580	7611	7615	4
4581	7615	7619	4
4582	7619	7623	4
4583	7623	7627	4
4584	7627	7631	4
4585	7631	7635	4
4586	7635	7639	4
4587	7639	7643	4
4588	7643	7647	4
4589	7647	7651	4
4590	7651	7655	4
4591	7655	7659	4
4592	7659	7663	4
4593	7663	7667	4
4594	7667	7671	4
4595	7671	7675	4
4596	7675	7679	4
4597	7679	7683	4
4598	7683	7687	4
4599	7687	7691	4
4600	7691	7695	4
4601	7695	7699	4
4602	7699	7703	4
4603	7703	7707	4
4604	7707	7711	4
4605	7711	7715	4
4606	7715	7719	4
4607	7719	7723	4
4608	7723	7727	4
4609	7727	7731	4
4610	7731	7735	4
4611	7735	7739	4
4612	7739	7743	4
4613	7743	7747	4
4614	7747	7751	4
4615	7751	7755	4
4616	7755	7759	4
4617	7759	7763	4
4618	7763	7767	4
4619	7767	7771	4
4620	7771	7775	4
4621	7775	7779	4
4622	7779	7783	4
4623	7783	7787	4
4624	7787	7791	4
4625	7791	7795	4
4626	7795	7799	4
4627	7799	7803	4
4628	7803	7807	4
4629	7807	7811	4
4630	7811	7815	4
4631	7815	7819	4
4632	7819	7823	4
4633	7823	7827	4
4634	7827	7831	4
4635	7831	7835	4
4636	7835	7839	4
4637	7839	7843	4
4638	7843	7847	4
4639	7847	7851	4
4640	7851	7855	4
4641	7855	7859	4
4642	7859	7863	4
4643	7863	7867	4
4644	7867	7871	4
4645	7871	7875	4
4646	7875	7879	4
4647	7879	7883	4
4648	7883	7887	4
4649	7887	7891	4
4650	7891	7895	4
4651	7895	7899	4
4652	7899	7903	4
4653	7903	7907	4
4654	7907	7911	4
4655	7911	7915	4
4656	7915	7919	4
4657	7919	7923	4
4658	7923	7927	4
4659	7927	7931	4
4660	7931	7935	4
4661	7935	7939	4
4662	7939	7943	4
4663	7943	7947	4
4664	7947	7951	4
4665	7951	7955	4
4666	7955	7959	4
4667	7959	7964	5
4668	7964	7969	5
4669	7969	7974	5
4670	7974	7979	5
4671	7979	7984	5
4672	7984	7989	5
4673	7989	7994	5
4674	7994	7999	5
4675	7999	8004	5
4676	8004	8009	5
4677	8009	8014	5
4678	8014	8019	5
4679	8019	8024	5
4680	8024	8029	5
4681	8029	8034	5
4682	8034	8039	5
4683	8039	8044	5
4684	8044	8049	5
4685	8049	8054	5
4686	8054	8059	5
4687	8059	8064	5
4688	8064	8069	5
4689	8069	8074	5
4690	8074	8079	5
4691	8079	8084	5
4692	8084	8089	5
4693	8089	8094	5
4694	8094	8099	5
4695	8099	8104	5
4696	8104	8109	5
4697	8109	8114	5
4698	8114	8119	5
4699	8119	8124	5
4700	8124	8129	5
4701	8129	8134	5
4702	8134	8139	5
4703	8139	8144	5
4704	8144	8149	5
4705	8149	8154	5
4706	8154	8159	5
4707	8159	8164	5
4708	8164	8169	5
4709	8169	8174	5
4710	8174	8179	5
4711	8179	8184	5
4712	8184	8189	5
4713	8189	8194	5
4714	8194	8199	5
4715	8199	8204	5
4716	8204	8209	5
4717	8209	8214	5
4718	8214	8219	5
4719	8219	8224	5
4720	8224	8229	5
4721	8229	8234	5
4722	8234	8239	5
4723	8239	8244	5
4724	8244	8249	5
4725	8249	8254	5
4726	8254	8259	5
4727	8259	8264	5
4728	8264	8269	5
4729	8269	8274	5
4730	8274	8279	5
4731	8279	8284	5
4732	8284	8289	5
4733	8289	8294	5
4734	8294	8299	5
4735	8299	8304	5
4736	8304	8309	5
4737	8309	8314	5
4738	8314	8319	5
4739	8319	8324	5
4740	8324	8329	5
4741	8329	8334	5
4742	8334	8339	5
4743	8339	8344	5
4744	8344	8349	5
4745	8349	8354	5
4746	8354	8359	5
4747	8359	8364	5
4748	8364	8369	5
4749	8369	8374	5
4750	8374	8379	5
4751	8379	8384	5
4752	8384	8389	5
4753	8389	8394	5
4754	8394	8399	5
4755	8399	8404	5
4756	8404	8409	5
4757	8409	8414	5
4758	8414	8419	5
4759	8419	8424	5
4760	8424	8429	5
4761	8429	8434	5
4762	8434	8439	5
4763	8439	8444	5
4764	8444	8449	5
4765	8449	8454	5
4766	8454	8459	5
4767	8459	8464	5
4768	8464	8469	5
4769	8469	8474	5
4770	8474	8479	5
4771	8479	8484	5
4772	8484	8489	5
4773	8489	8494	5
4774	8494	8499	5
4775	8499	8504	5
4776	8504	8509	5
4777	8509	8514	5
4778	8514	8519	5
4779	8519	8524	5
4780	8524	8529	5
4781	8529	8534	5
4782	8534	8539	5
4783	8539	8544	5
4784	8544	8549	5
4785	8549	8554	5
4786	8554	8559	5
4787	8559	8564	5
4788	8564	8569	5
4789	8569	8574	5
4790	8574	8579	5
4791	8579	8584	5
4792	8584	8589	5
4793	8589	8594	5
4794	8594	8599	5
4795	8599	8604	5
4796	8604	8609	5
4797	8609	8614	5
4798	8614	8619	5
4799	8619	8624	5
4800	8624	8629	5
4801	8629	8634	5
4802	8634	8639	5
4803	8639	8644	5
4804	8644	8649	5
4805	8649	8654	5
4806	8654	8659	5
4807	8659	8664	5
4808	8664	8669	5
4809	8669	8674	5
4810	8674	8679	5
4811	8679	8684	5
4812	8684	8689	5
4813	8689	8694	5
4814	8694	8699	5
4815	8699	8704	5
4816	8704	8709	5
4817	8709	8714	5
4818	8714	8719	5
4819	8719	8724	5
4820	8724	8729	5
4821	8729	8734	5
4822	8734	8739	5
4823	8739	8744	5
4824	8744	8749	5
4825	8749	8754	5
4826	8754	8759	5
4827	8759	8764	5
4828	8764	8769	5
4829	8769	8774	5
4830	8774	8779	5
4831	8779	8784	5
4832	8784	8789	5
4833	8789	8794	5
4834	8794	8799	5
4835	8799	8804	5
4836	8804	8809	5
4837	8809	8814	5
4838	8814	8819	5
4839	8819	8824	5
4840	8824	8829	5
4841	8829	8834	5
4842	8834	8839	5
4843	8839	8844	5
4844	8844	8849	5
4845	8849	8854	5
4846	8854	8859	5
4847	8859	8864	5
4848	8864	8869	5
4849	8869	8874	5
4850	8874	8879	5
4851	8879	8884	5
4852	8884	8889	5
4853	8889	8894	5
4854	8894	8899	5
4855	8899	8904	5
4856	8904	8909	5
4857	8909	8914	5
4858	8914	8919	5
4859	8919	8924	5
4860	8924	8929	5
4861	8929	8934	5
4862	8934	8939	5
4863	8939	8944	5
4864	8944	8949	5
4865	8949	8954	5
4866	8954	8959	5
4867	8959	8964	5
4868	8964	8969	5
4869	8969	8974	5
4870	8974	8979	5
4871	8979	8984	5
4872	8984	8989	5
4873	8989	8994	5
4874	8994	8999	5
4875	8999	9004	5
4876	9004	9009	5
4877	9009	9014	5
4878	9014	9019	5
4879	9019	9024	5
4880	9024	9029	5
4881	9029	9034	5
4882	9034	9039	5
4883	9039	9044	5
4884	9044	9049	5
4885	9049	9054	5
4886	9054	9059	5
4887	9059	9064	5
4888	9064	9069	5
4889	9069	9074	5
4890	9074	9079	5
4891	9079	9084	5
4892	9084	9089	5
4893	9089	9094	5
4894	9094	9099	5
4895	9099	9104	5
4896	9104	9109	5
4897	9109	9114	5
4898	9114	9119	5
4899	9119	9124	5
4900	9124	9129	5
4901	9129	9134	5
4902	9134	9139	5
4903	9139	9144	5
4904	9144	9149	5
4905	9149	9155	6
4906	9155	9161	6
4907	9161	9167	6
4908	9167	9173	6
4909	9173	9179	6
4910	9179	9185	6
4911	9185	9191	6
4912	9191	9197	6
4913	9197	9203	6
4914	9203	9209	6
4915	9209	9215	6
4916	9215	9221	6
4917	9221	9227	6
4918	9227	9233	6
4919	9233	9239	6
4920	9239	9245	6
4921	9245	9251	6
4922	9251	9257	6
4923	9257	9263	6
4924	9263	9269	6
4925	9269	9275	6
4926	9275	9281	6
4927	9281	9287	6
4928	9287	9293	6
4929	9293	9299	6
4930	9299	9305	6
4931	9305	9311	6
4932	9311	9317	6
4933	9317	9323	6
4934	9323	9329	6
4935	9329	9335	6
4936	9335	9341	6
4937	9341	9347	6
4938	9347	9353	6
4939	9353	9359	6
4940	9359	9365	6
4941	9365	9371	6
4942	9371	9377	6
4943	9377	9383	6
4944	9383	9389	6
4945	9389	9395	6
4946	9395	9401	6
4947	9401	9407	6
4948	9407	9413	6
4949	9413	9419	6
4950	9419	9425	6
4951	9425	9431	6
4952	9431	9437	6
4953	9437	9443	6
4954	9443	9449	6
4955	9449	9455	6
4956	9455	9461	6
4957	9461	9467	6
4958	9467	9473	6
4959	9473	9479	6
4960	9479	9485	6
4961	9485	9491	6
4962	9491	9497	6
4963	9497	9503	6
4964	9503	9509	6
4965	9509	9515	6
4966	9515	9521	6
4967	9521	9527	6
4968	9527	9533	6
4969	9533	9539	6
4970	9539	9545	6
4971	9545	9551	6
4972	9551	9557	6
4973	9557	9563	6
4974	9563	9569	6
4975	9569	9575	6
4976	9575	9581	6
4977	9581	9587	6
4978	9587	9593	6
4979	9593	9599	6
4980	9599	9605	6
4981	9605	9611	6
4982	9611	9617	6
4983	9617	9623	6
4984	9623	9629	6
4985	9629	9635	6
4986	9635	9641	6
4987	9641	9647	6
4988	9647	9653	6
4989	9653	9659	6
4990	9659	9665	6
4991	9665	9671	6
4992	9671	9677	6
4993	9677	9683	6
4994	9683	9689	6
4995	9689	9695	6
4996	9695	9701	6
4997	9701	9707	6
4998	9707	9713	6
4999	9713	9719	6
5000	9719	9725	6
5001	9725	9731	6
5002	9731	9737	6
5003	9737	9743	6
5004	9743	9749	6
5005	9749	9755	6
5006	9755	9761	6
5007	9761	9767	6
5008	9767	9773	6
5009	9773	9779	6
5010	9779	9785	6
5011	9785	9791	6
5012	9791	9797	6
5013	9797	9803	6
5014	9803	9809	6
5015	9809	9815	6
5016	9815	9821	6
5017	9821	9827	6
5018	9827	9833	6
5019	9833	9839	6
5020	9839	9845	6
5021	9845	9851	6
5022	9851	9857	6
5023	9857	9863	6
5024	9863	9869	6
5025	9869	9875	6
5026	9875	9881	6
5027	9881	9887	6
5028	9887	9893	6
5029	9893	9899	6
5030	9899	9905	6
5031	9905	9911	6
5032	9911	9917	6
5033	9917	9923	6
5034	9923	9929	6
5035	9929	9935	6
5036	9935	9941	6
5037	9941	9947	6
5038	9947	9953	6
5039	9953	9959	6
5040	9959	9965	6
5041	9965	9972	7
5042	9972	9979	7
5043	9979	9986	7
5044	9986	9993	7
5045	9993	10000	7
5046	10000	10007	7
5047	10007	10014	7
5048	10014	10021	7
5049	10021	10028	7
5050	10028	10035	7
5051	10035	10042	7
5052	10042	10049	7
5053	10049	10056	7
5054	10056	10063	7
5055	10063	10070	7
5056	10070	10077	7
5057	10077	10084	7
5058	10084	10091	7
5059	10091	10098	7
5060	10098	10105	7
5061	10105	10112	7
5062	10112	10119	7
5063	10119	10126	7
5064	10126	10133	7
5065	10133	10140	7
5066	10140	10147	7
5067	10147	10154	7
5068	10154	10161	7
5069	10161	10168	7
5070	10168	10175	7
5071	10175	10182	7
5072	10182	10189	7
5073	10189	10196	7
5074	10196	10203	7
