#
#N Pointing	tstart	tend	Obs time
#		s
1	210	211	1
2	211	212	1
3	212	213	1
4	213	214	1
5	214	215	1
6	215	216	1
7	216	217	1
8	217	218	1
9	218	219	1
10	219	220	1
11	220	221	1
12	221	222	1
13	222	223	1
14	223	224	1
15	224	225	1
16	225	226	1
17	226	227	1
18	227	228	1
19	228	229	1
20	229	230	1
21	230	231	1
22	231	232	1
23	232	233	1
24	233	234	1
25	234	235	1
26	235	236	1
27	236	237	1
28	237	238	1
29	238	239	1
30	239	240	1
31	240	241	1
32	241	242	1
33	242	243	1
34	243	244	1
35	244	245	1
36	245	246	1
37	246	247	1
38	247	248	1
39	248	249	1
40	249	250	1
41	250	251	1
42	251	252	1
43	252	253	1
44	253	254	1
45	254	255	1
46	255	256	1
47	256	257	1
48	257	258	1
49	258	259	1
50	259	260	1
51	260	261	1
52	261	262	1
53	262	263	1
54	263	264	1
55	264	265	1
56	265	266	1
57	266	267	1
58	267	268	1
59	268	269	1
60	269	270	1
61	270	271	1
62	271	272	1
63	272	273	1
64	273	274	1
65	274	275	1
66	275	276	1
67	276	277	1
68	277	278	1
69	278	279	1
70	279	280	1
71	280	281	1
72	281	282	1
73	282	283	1
74	283	284	1
75	284	285	1
76	285	286	1
77	286	287	1
78	287	288	1
79	288	289	1
80	289	290	1
81	290	291	1
82	291	292	1
83	292	293	1
84	293	294	1
85	294	295	1
86	295	296	1
87	296	297	1
88	297	298	1
89	298	299	1
90	299	300	1
91	300	301	1
92	301	302	1
93	302	303	1
94	303	304	1
95	304	305	1
96	305	306	1
97	306	307	1
98	307	308	1
99	308	309	1
100	309	310	1
101	310	311	1
102	311	312	1
103	312	313	1
104	313	314	1
105	314	315	1
106	315	316	1
107	316	317	1
108	317	318	1
109	318	319	1
110	319	320	1
111	320	321	1
112	321	322	1
113	322	323	1
114	323	324	1
115	324	325	1
116	325	326	1
117	326	327	1
118	327	328	1
119	328	329	1
120	329	330	1
121	330	331	1
122	331	332	1
123	332	333	1
124	333	334	1
125	334	335	1
126	335	336	1
127	336	337	1
128	337	338	1
129	338	339	1
130	339	340	1
131	340	341	1
132	341	342	1
133	342	343	1
134	343	344	1
135	344	345	1
136	345	346	1
137	346	347	1
138	347	348	1
139	348	349	1
140	349	350	1
141	350	351	1
142	351	352	1
143	352	353	1
144	353	354	1
145	354	355	1
146	355	356	1
147	356	357	1
148	357	358	1
149	358	359	1
150	359	360	1
151	360	361	1
152	361	362	1
153	362	363	1
154	363	364	1
155	364	365	1
156	365	366	1
157	366	367	1
158	367	368	1
159	368	369	1
160	369	370	1
161	370	371	1
162	371	372	1
163	372	373	1
164	373	374	1
165	374	375	1
166	375	376	1
167	376	377	1
168	377	378	1
169	378	379	1
170	379	380	1
171	380	381	1
172	381	382	1
173	382	383	1
174	383	384	1
175	384	385	1
176	385	386	1
177	386	387	1
178	387	388	1
179	388	389	1
180	389	390	1
181	390	391	1
182	391	392	1
183	392	393	1
184	393	394	1
185	394	395	1
186	395	396	1
187	396	397	1
188	397	398	1
189	398	399	1
190	399	400	1
191	400	401	1
192	401	402	1
193	402	403	1
194	403	404	1
195	404	405	1
196	405	406	1
197	406	407	1
198	407	408	1
199	408	409	1
200	409	410	1
201	410	411	1
202	411	412	1
203	412	413	1
204	413	414	1
205	414	415	1
206	415	416	1
207	416	417	1
208	417	418	1
209	418	419	1
210	419	420	1
211	420	421	1
212	421	422	1
213	422	423	1
214	423	424	1
215	424	425	1
216	425	426	1
217	426	427	1
218	427	428	1
219	428	429	1
220	429	430	1
221	430	431	1
222	431	432	1
223	432	433	1
224	433	434	1
225	434	435	1
226	435	436	1
227	436	437	1
228	437	438	1
229	438	439	1
230	439	440	1
231	440	441	1
232	441	442	1
233	442	443	1
234	443	444	1
235	444	445	1
236	445	446	1
237	446	447	1
238	447	448	1
239	448	449	1
240	449	450	1
241	450	451	1
242	451	452	1
243	452	453	1
244	453	454	1
245	454	455	1
246	455	456	1
247	456	457	1
248	457	458	1
249	458	459	1
250	459	460	1
251	460	461	1
252	461	462	1
253	462	463	1
254	463	464	1
255	464	465	1
256	465	466	1
257	466	467	1
258	467	468	1
259	468	469	1
260	469	470	1
261	470	471	1
262	471	472	1
263	472	473	1
264	473	474	1
265	474	475	1
266	475	476	1
267	476	477	1
268	477	478	1
269	478	479	1
270	479	480	1
271	480	481	1
272	481	482	1
273	482	483	1
274	483	484	1
275	484	485	1
276	485	486	1
277	486	487	1
278	487	488	1
279	488	489	1
280	489	490	1
281	490	491	1
282	491	492	1
283	492	493	1
284	493	494	1
285	494	495	1
286	495	496	1
287	496	497	1
288	497	498	1
289	498	499	1
290	499	500	1
291	500	501	1
292	501	502	1
293	502	503	1
294	503	504	1
295	504	505	1
296	505	506	1
297	506	507	1
298	507	508	1
299	508	509	1
300	509	510	1
301	510	511	1
302	511	512	1
303	512	513	1
304	513	514	1
305	514	515	1
306	515	516	1
307	516	517	1
308	517	518	1
309	518	519	1
310	519	520	1
311	520	521	1
312	521	522	1
313	522	523	1
314	523	524	1
315	524	525	1
316	525	526	1
317	526	527	1
318	527	528	1
319	528	529	1
320	529	530	1
321	530	531	1
322	531	532	1
323	532	533	1
324	533	534	1
325	534	535	1
326	535	536	1
327	536	537	1
328	537	538	1
329	538	539	1
330	539	540	1
331	540	541	1
332	541	542	1
333	542	543	1
334	543	544	1
335	544	545	1
336	545	546	1
337	546	547	1
338	547	548	1
339	548	549	1
340	549	550	1
341	550	551	1
342	551	552	1
343	552	553	1
344	553	554	1
345	554	555	1
346	555	556	1
347	556	557	1
348	557	558	1
349	558	559	1
350	559	560	1
351	560	561	1
352	561	562	1
353	562	563	1
354	563	564	1
355	564	565	1
356	565	566	1
357	566	567	1
358	567	568	1
359	568	569	1
360	569	570	1
361	570	571	1
362	571	572	1
363	572	573	1
364	573	574	1
365	574	575	1
366	575	576	1
367	576	577	1
368	577	578	1
369	578	579	1
370	579	580	1
371	580	581	1
372	581	582	1
373	582	583	1
374	583	584	1
375	584	585	1
376	585	586	1
377	586	587	1
378	587	588	1
379	588	589	1
380	589	590	1
381	590	591	1
382	591	592	1
383	592	593	1
384	593	594	1
385	594	595	1
386	595	596	1
387	596	597	1
388	597	598	1
389	598	599	1
390	599	600	1
391	600	601	1
392	601	602	1
393	602	603	1
394	603	604	1
395	604	605	1
396	605	606	1
397	606	607	1
398	607	608	1
399	608	609	1
400	609	610	1
401	610	611	1
402	611	612	1
403	612	613	1
404	613	614	1
405	614	615	1
406	615	616	1
407	616	617	1
408	617	618	1
409	618	619	1
410	619	620	1
411	620	621	1
412	621	622	1
413	622	623	1
414	623	624	1
415	624	625	1
416	625	626	1
417	626	627	1
418	627	628	1
419	628	629	1
420	629	630	1
421	630	631	1
422	631	632	1
423	632	633	1
424	633	634	1
425	634	635	1
426	635	636	1
427	636	637	1
428	637	638	1
429	638	639	1
430	639	640	1
431	640	641	1
432	641	642	1
433	642	643	1
434	643	644	1
435	644	645	1
436	645	646	1
437	646	647	1
438	647	648	1
439	648	649	1
440	649	650	1
441	650	651	1
442	651	652	1
443	652	653	1
444	653	654	1
445	654	655	1
446	655	656	1
447	656	657	1
448	657	658	1
449	658	659	1
450	659	660	1
451	660	661	1
452	661	662	1
453	662	663	1
454	663	664	1
455	664	665	1
456	665	666	1
457	666	667	1
458	667	668	1
459	668	669	1
460	669	670	1
461	670	671	1
462	671	672	1
463	672	673	1
464	673	674	1
465	674	675	1
466	675	676	1
467	676	677	1
468	677	678	1
469	678	679	1
470	679	680	1
471	680	681	1
472	681	682	1
473	682	683	1
474	683	684	1
475	684	685	1
476	685	686	1
477	686	687	1
478	687	688	1
479	688	689	1
480	689	690	1
481	690	691	1
482	691	692	1
483	692	693	1
484	693	694	1
485	694	695	1
486	695	696	1
487	696	697	1
488	697	698	1
489	698	699	1
490	699	700	1
491	700	701	1
492	701	702	1
493	702	703	1
494	703	704	1
495	704	705	1
496	705	706	1
497	706	707	1
498	707	708	1
499	708	709	1
500	709	710	1
501	710	711	1
502	711	712	1
503	712	713	1
504	713	714	1
505	714	715	1
506	715	716	1
507	716	717	1
508	717	718	1
509	718	719	1
510	719	720	1
511	720	721	1
512	721	722	1
513	722	723	1
514	723	724	1
515	724	725	1
516	725	726	1
517	726	727	1
518	727	728	1
519	728	729	1
520	729	730	1
521	730	731	1
522	731	732	1
523	732	733	1
524	733	734	1
525	734	735	1
526	735	736	1
527	736	737	1
528	737	738	1
529	738	739	1
530	739	740	1
531	740	741	1
532	741	742	1
533	742	743	1
534	743	744	1
535	744	745	1
536	745	746	1
537	746	747	1
538	747	748	1
539	748	749	1
540	749	750	1
541	750	751	1
542	751	752	1
543	752	753	1
544	753	754	1
545	754	755	1
546	755	756	1
547	756	757	1
548	757	758	1
549	758	759	1
550	759	760	1
551	760	761	1
552	761	762	1
553	762	763	1
554	763	764	1
555	764	765	1
556	765	766	1
557	766	767	1
558	767	768	1
559	768	769	1
560	769	770	1
561	770	771	1
562	771	772	1
563	772	773	1
564	773	774	1
565	774	775	1
566	775	776	1
567	776	777	1
568	777	778	1
569	778	779	1
570	779	780	1
571	780	781	1
572	781	782	1
573	782	783	1
574	783	784	1
575	784	785	1
576	785	786	1
577	786	787	1
578	787	788	1
579	788	789	1
580	789	790	1
581	790	791	1
582	791	792	1
583	792	793	1
584	793	794	1
585	794	795	1
586	795	796	1
587	796	797	1
588	797	798	1
589	798	799	1
590	799	800	1
591	800	801	1
592	801	802	1
593	802	803	1
594	803	804	1
595	804	805	1
596	805	806	1
597	806	807	1
598	807	808	1
599	808	809	1
600	809	810	1
601	810	811	1
602	811	812	1
603	812	813	1
604	813	814	1
605	814	815	1
606	815	816	1
607	816	817	1
608	817	818	1
609	818	819	1
610	819	820	1
611	820	821	1
612	821	822	1
613	822	823	1
614	823	824	1
615	824	825	1
616	825	826	1
617	826	827	1
618	827	828	1
619	828	829	1
620	829	830	1
621	830	831	1
622	831	832	1
623	832	833	1
624	833	834	1
625	834	835	1
626	835	836	1
627	836	837	1
628	837	838	1
629	838	839	1
630	839	840	1
631	840	841	1
632	841	842	1
633	842	843	1
634	843	844	1
635	844	845	1
636	845	846	1
637	846	847	1
638	847	848	1
639	848	849	1
640	849	850	1
641	850	851	1
642	851	852	1
643	852	853	1
644	853	854	1
645	854	855	1
646	855	856	1
647	856	857	1
648	857	858	1
649	858	859	1
650	859	860	1
651	860	861	1
652	861	862	1
653	862	863	1
654	863	864	1
655	864	865	1
656	865	866	1
657	866	867	1
658	867	868	1
659	868	869	1
660	869	870	1
661	870	871	1
662	871	872	1
663	872	873	1
664	873	874	1
665	874	875	1
666	875	876	1
667	876	877	1
668	877	878	1
669	878	879	1
670	879	880	1
671	880	881	1
672	881	882	1
673	882	883	1
674	883	884	1
675	884	885	1
676	885	886	1
677	886	887	1
678	887	888	1
679	888	889	1
680	889	890	1
681	890	891	1
682	891	892	1
683	892	893	1
684	893	894	1
685	894	895	1
686	895	896	1
687	896	897	1
688	897	898	1
689	898	899	1
690	899	900	1
691	900	901	1
692	901	902	1
693	902	903	1
694	903	904	1
695	904	905	1
696	905	906	1
697	906	907	1
698	907	908	1
699	908	909	1
700	909	910	1
701	910	911	1
702	911	912	1
703	912	913	1
704	913	914	1
705	914	915	1
706	915	916	1
707	916	917	1
708	917	918	1
709	918	919	1
710	919	920	1
711	920	921	1
712	921	922	1
713	922	923	1
714	923	924	1
715	924	925	1
716	925	926	1
717	926	927	1
718	927	928	1
719	928	929	1
720	929	930	1
721	930	931	1
722	931	932	1
723	932	933	1
724	933	934	1
725	934	935	1
726	935	936	1
727	936	937	1
728	937	938	1
729	938	939	1
730	939	940	1
731	940	941	1
732	941	942	1
733	942	943	1
734	943	944	1
735	944	945	1
736	945	946	1
737	946	947	1
738	947	948	1
739	948	949	1
740	949	950	1
741	950	951	1
742	951	952	1
743	952	953	1
744	953	954	1
745	954	955	1
746	955	956	1
747	956	957	1
748	957	958	1
749	958	959	1
750	959	960	1
751	960	961	1
752	961	962	1
753	962	963	1
754	963	964	1
755	964	965	1
756	965	966	1
757	966	967	1
758	967	968	1
759	968	969	1
760	969	970	1
761	970	971	1
762	971	972	1
763	972	973	1
764	973	974	1
765	974	975	1
766	975	976	1
767	976	977	1
768	977	978	1
769	978	979	1
770	979	980	1
771	980	981	1
772	981	982	1
773	982	983	1
774	983	984	1
775	984	985	1
776	985	986	1
777	986	987	1
778	987	988	1
779	988	989	1
780	989	990	1
781	990	991	1
782	991	992	1
783	992	993	1
784	993	994	1
785	994	995	1
786	995	996	1
787	996	997	1
788	997	998	1
789	998	999	1
790	999	1000	1
791	1000	1001	1
792	1001	1002	1
793	1002	1003	1
794	1003	1004	1
795	1004	1005	1
796	1005	1006	1
797	1006	1007	1
798	1007	1008	1
799	1008	1009	1
800	1009	1010	1
801	1010	1011	1
802	1011	1012	1
803	1012	1013	1
804	1013	1014	1
805	1014	1015	1
806	1015	1016	1
807	1016	1017	1
808	1017	1018	1
809	1018	1019	1
810	1019	1020	1
811	1020	1021	1
812	1021	1022	1
813	1022	1023	1
814	1023	1024	1
815	1024	1025	1
816	1025	1026	1
817	1026	1027	1
818	1027	1028	1
819	1028	1029	1
820	1029	1030	1
821	1030	1031	1
822	1031	1032	1
823	1032	1033	1
824	1033	1034	1
825	1034	1035	1
826	1035	1036	1
827	1036	1037	1
828	1037	1038	1
829	1038	1039	1
830	1039	1040	1
831	1040	1041	1
832	1041	1042	1
833	1042	1043	1
834	1043	1044	1
835	1044	1045	1
836	1045	1046	1
837	1046	1047	1
838	1047	1048	1
839	1048	1049	1
840	1049	1050	1
841	1050	1051	1
842	1051	1052	1
843	1052	1053	1
844	1053	1054	1
845	1054	1055	1
846	1055	1056	1
847	1056	1057	1
848	1057	1058	1
849	1058	1059	1
850	1059	1060	1
851	1060	1061	1
852	1061	1062	1
853	1062	1063	1
854	1063	1064	1
855	1064	1065	1
856	1065	1066	1
857	1066	1067	1
858	1067	1068	1
859	1068	1069	1
860	1069	1070	1
861	1070	1071	1
862	1071	1072	1
863	1072	1073	1
864	1073	1074	1
865	1074	1075	1
866	1075	1076	1
867	1076	1077	1
868	1077	1078	1
869	1078	1079	1
870	1079	1080	1
871	1080	1081	1
872	1081	1082	1
873	1082	1083	1
874	1083	1084	1
875	1084	1085	1
876	1085	1086	1
877	1086	1087	1
878	1087	1088	1
879	1088	1089	1
880	1089	1090	1
881	1090	1091	1
882	1091	1092	1
883	1092	1093	1
884	1093	1094	1
885	1094	1095	1
886	1095	1096	1
887	1096	1097	1
888	1097	1098	1
889	1098	1099	1
890	1099	1100	1
891	1100	1101	1
892	1101	1102	1
893	1102	1103	1
894	1103	1104	1
895	1104	1105	1
896	1105	1106	1
897	1106	1107	1
898	1107	1108	1
899	1108	1109	1
900	1109	1110	1
901	1110	1111	1
902	1111	1112	1
903	1112	1113	1
904	1113	1114	1
905	1114	1115	1
906	1115	1116	1
907	1116	1117	1
908	1117	1118	1
909	1118	1119	1
910	1119	1120	1
911	1120	1121	1
912	1121	1122	1
913	1122	1123	1
914	1123	1124	1
915	1124	1125	1
916	1125	1126	1
917	1126	1127	1
918	1127	1128	1
919	1128	1129	1
920	1129	1130	1
921	1130	1131	1
922	1131	1132	1
923	1132	1133	1
924	1133	1134	1
925	1134	1135	1
926	1135	1136	1
927	1136	1137	1
928	1137	1138	1
929	1138	1139	1
930	1139	1140	1
931	1140	1141	1
932	1141	1142	1
933	1142	1143	1
934	1143	1144	1
935	1144	1145	1
936	1145	1146	1
937	1146	1147	1
938	1147	1148	1
939	1148	1149	1
940	1149	1150	1
941	1150	1151	1
942	1151	1152	1
943	1152	1153	1
944	1153	1154	1
945	1154	1155	1
946	1155	1156	1
947	1156	1157	1
948	1157	1158	1
949	1158	1159	1
950	1159	1160	1
951	1160	1161	1
952	1161	1162	1
953	1162	1163	1
954	1163	1164	1
955	1164	1165	1
956	1165	1166	1
957	1166	1167	1
958	1167	1168	1
959	1168	1169	1
960	1169	1170	1
961	1170	1171	1
962	1171	1172	1
963	1172	1173	1
964	1173	1174	1
965	1174	1175	1
966	1175	1176	1
967	1176	1177	1
968	1177	1178	1
969	1178	1179	1
970	1179	1180	1
971	1180	1181	1
972	1181	1182	1
973	1182	1183	1
974	1183	1184	1
975	1184	1185	1
976	1185	1186	1
977	1186	1187	1
978	1187	1188	1
979	1188	1189	1
980	1189	1190	1
981	1190	1191	1
982	1191	1192	1
983	1192	1193	1
984	1193	1194	1
985	1194	1195	1
986	1195	1196	1
987	1196	1197	1
988	1197	1198	1
989	1198	1199	1
990	1199	1200	1
991	1200	1201	1
992	1201	1202	1
993	1202	1203	1
994	1203	1204	1
995	1204	1205	1
996	1205	1206	1
997	1206	1207	1
998	1207	1208	1
999	1208	1209	1
1000	1209	1210	1
1001	1210	1211	1
1002	1211	1212	1
1003	1212	1213	1
1004	1213	1214	1
1005	1214	1215	1
1006	1215	1216	1
1007	1216	1217	1
1008	1217	1218	1
1009	1218	1219	1
1010	1219	1220	1
1011	1220	1221	1
1012	1221	1222	1
1013	1222	1223	1
1014	1223	1224	1
1015	1224	1225	1
1016	1225	1226	1
1017	1226	1227	1
1018	1227	1228	1
1019	1228	1229	1
1020	1229	1230	1
1021	1230	1231	1
1022	1231	1232	1
1023	1232	1233	1
1024	1233	1234	1
1025	1234	1235	1
1026	1235	1236	1
1027	1236	1237	1
1028	1237	1238	1
1029	1238	1239	1
1030	1239	1240	1
1031	1240	1241	1
1032	1241	1242	1
1033	1242	1243	1
1034	1243	1244	1
1035	1244	1245	1
1036	1245	1246	1
1037	1246	1247	1
1038	1247	1248	1
1039	1248	1249	1
1040	1249	1250	1
1041	1250	1251	1
1042	1251	1252	1
1043	1252	1253	1
1044	1253	1254	1
1045	1254	1255	1
1046	1255	1256	1
1047	1256	1257	1
1048	1257	1258	1
1049	1258	1259	1
1050	1259	1260	1
1051	1260	1261	1
1052	1261	1262	1
1053	1262	1263	1
1054	1263	1264	1
1055	1264	1265	1
1056	1265	1266	1
1057	1266	1267	1
1058	1267	1268	1
1059	1268	1269	1
1060	1269	1270	1
1061	1270	1271	1
1062	1271	1272	1
1063	1272	1273	1
1064	1273	1274	1
1065	1274	1275	1
1066	1275	1276	1
1067	1276	1277	1
1068	1277	1278	1
1069	1278	1279	1
1070	1279	1280	1
1071	1280	1281	1
1072	1281	1282	1
1073	1282	1283	1
1074	1283	1284	1
1075	1284	1285	1
1076	1285	1286	1
1077	1286	1287	1
1078	1287	1288	1
1079	1288	1289	1
1080	1289	1290	1
1081	1290	1291	1
1082	1291	1292	1
1083	1292	1293	1
1084	1293	1294	1
1085	1294	1295	1
1086	1295	1296	1
1087	1296	1297	1
1088	1297	1298	1
1089	1298	1299	1
1090	1299	1300	1
1091	1300	1301	1
1092	1301	1302	1
1093	1302	1303	1
1094	1303	1304	1
1095	1304	1305	1
1096	1305	1306	1
1097	1306	1307	1
1098	1307	1308	1
1099	1308	1309	1
1100	1309	1310	1
1101	1310	1311	1
1102	1311	1312	1
1103	1312	1313	1
1104	1313	1314	1
1105	1314	1315	1
1106	1315	1316	1
1107	1316	1317	1
1108	1317	1318	1
1109	1318	1319	1
1110	1319	1320	1
1111	1320	1321	1
1112	1321	1322	1
1113	1322	1323	1
1114	1323	1324	1
1115	1324	1325	1
1116	1325	1326	1
1117	1326	1327	1
1118	1327	1328	1
1119	1328	1329	1
1120	1329	1330	1
1121	1330	1331	1
1122	1331	1332	1
1123	1332	1333	1
1124	1333	1334	1
1125	1334	1335	1
1126	1335	1336	1
1127	1336	1337	1
1128	1337	1338	1
1129	1338	1339	1
1130	1339	1340	1
1131	1340	1341	1
1132	1341	1342	1
1133	1342	1343	1
1134	1343	1344	1
1135	1344	1345	1
1136	1345	1346	1
1137	1346	1347	1
1138	1347	1348	1
1139	1348	1349	1
1140	1349	1350	1
1141	1350	1351	1
1142	1351	1352	1
1143	1352	1353	1
1144	1353	1354	1
1145	1354	1355	1
1146	1355	1356	1
1147	1356	1357	1
1148	1357	1358	1
1149	1358	1359	1
1150	1359	1360	1
1151	1360	1361	1
1152	1361	1362	1
1153	1362	1363	1
1154	1363	1364	1
1155	1364	1365	1
1156	1365	1366	1
1157	1366	1367	1
1158	1367	1368	1
1159	1368	1369	1
1160	1369	1370	1
1161	1370	1371	1
1162	1371	1372	1
1163	1372	1373	1
1164	1373	1374	1
1165	1374	1375	1
1166	1375	1376	1
1167	1376	1377	1
1168	1377	1378	1
1169	1378	1379	1
1170	1379	1380	1
1171	1380	1381	1
1172	1381	1382	1
1173	1382	1383	1
1174	1383	1384	1
1175	1384	1385	1
1176	1385	1386	1
1177	1386	1387	1
1178	1387	1388	1
1179	1388	1389	1
1180	1389	1390	1
1181	1390	1391	1
1182	1391	1392	1
1183	1392	1393	1
1184	1393	1394	1
1185	1394	1395	1
1186	1395	1396	1
1187	1396	1397	1
1188	1397	1398	1
1189	1398	1399	1
1190	1399	1400	1
1191	1400	1401	1
1192	1401	1402	1
1193	1402	1403	1
1194	1403	1404	1
1195	1404	1405	1
1196	1405	1406	1
1197	1406	1407	1
1198	1407	1408	1
1199	1408	1409	1
1200	1409	1410	1
1201	1410	1411	1
1202	1411	1412	1
1203	1412	1413	1
1204	1413	1414	1
1205	1414	1415	1
1206	1415	1416	1
1207	1416	1417	1
1208	1417	1418	1
1209	1418	1419	1
1210	1419	1420	1
1211	1420	1421	1
1212	1421	1422	1
1213	1422	1423	1
1214	1423	1424	1
1215	1424	1425	1
1216	1425	1426	1
1217	1426	1427	1
1218	1427	1428	1
1219	1428	1429	1
1220	1429	1430	1
1221	1430	1431	1
1222	1431	1432	1
1223	1432	1433	1
1224	1433	1434	1
1225	1434	1435	1
1226	1435	1436	1
1227	1436	1437	1
1228	1437	1438	1
1229	1438	1439	1
1230	1439	1440	1
1231	1440	1441	1
1232	1441	1442	1
1233	1442	1443	1
1234	1443	1444	1
1235	1444	1445	1
1236	1445	1446	1
1237	1446	1447	1
1238	1447	1448	1
1239	1448	1449	1
1240	1449	1450	1
1241	1450	1451	1
1242	1451	1452	1
1243	1452	1453	1
1244	1453	1454	1
1245	1454	1455	1
1246	1455	1456	1
1247	1456	1457	1
1248	1457	1458	1
1249	1458	1459	1
1250	1459	1460	1
1251	1460	1461	1
1252	1461	1462	1
1253	1462	1463	1
1254	1463	1464	1
1255	1464	1465	1
1256	1465	1466	1
1257	1466	1467	1
1258	1467	1468	1
1259	1468	1469	1
1260	1469	1470	1
1261	1470	1471	1
1262	1471	1472	1
1263	1472	1473	1
1264	1473	1474	1
1265	1474	1475	1
1266	1475	1476	1
1267	1476	1477	1
1268	1477	1478	1
1269	1478	1479	1
1270	1479	1480	1
1271	1480	1481	1
1272	1481	1482	1
1273	1482	1483	1
1274	1483	1484	1
1275	1484	1485	1
1276	1485	1486	1
1277	1486	1487	1
1278	1487	1488	1
1279	1488	1489	1
1280	1489	1490	1
1281	1490	1491	1
1282	1491	1492	1
1283	1492	1493	1
1284	1493	1494	1
1285	1494	1495	1
1286	1495	1496	1
1287	1496	1497	1
1288	1497	1498	1
1289	1498	1499	1
1290	1499	1500	1
1291	1500	1501	1
1292	1501	1502	1
1293	1502	1503	1
1294	1503	1504	1
1295	1504	1505	1
1296	1505	1506	1
1297	1506	1507	1
1298	1507	1508	1
1299	1508	1509	1
1300	1509	1510	1
1301	1510	1511	1
1302	1511	1512	1
1303	1512	1513	1
1304	1513	1514	1
1305	1514	1515	1
1306	1515	1516	1
1307	1516	1517	1
1308	1517	1518	1
1309	1518	1519	1
1310	1519	1520	1
1311	1520	1521	1
1312	1521	1522	1
1313	1522	1523	1
1314	1523	1524	1
1315	1524	1525	1
1316	1525	1526	1
1317	1526	1527	1
1318	1527	1528	1
1319	1528	1529	1
1320	1529	1530	1
1321	1530	1531	1
1322	1531	1532	1
1323	1532	1533	1
1324	1533	1534	1
1325	1534	1535	1
1326	1535	1536	1
1327	1536	1537	1
1328	1537	1538	1
1329	1538	1539	1
1330	1539	1540	1
1331	1540	1541	1
1332	1541	1542	1
1333	1542	1543	1
1334	1543	1544	1
1335	1544	1545	1
1336	1545	1546	1
1337	1546	1547	1
1338	1547	1548	1
1339	1548	1549	1
1340	1549	1550	1
1341	1550	1551	1
1342	1551	1552	1
1343	1552	1553	1
1344	1553	1554	1
1345	1554	1555	1
1346	1555	1556	1
1347	1556	1557	1
1348	1557	1558	1
1349	1558	1559	1
1350	1559	1560	1
1351	1560	1561	1
1352	1561	1562	1
1353	1562	1563	1
1354	1563	1564	1
1355	1564	1565	1
1356	1565	1566	1
1357	1566	1567	1
1358	1567	1568	1
1359	1568	1569	1
1360	1569	1570	1
1361	1570	1571	1
1362	1571	1572	1
1363	1572	1573	1
1364	1573	1574	1
1365	1574	1575	1
1366	1575	1576	1
1367	1576	1577	1
1368	1577	1578	1
1369	1578	1579	1
1370	1579	1580	1
1371	1580	1581	1
1372	1581	1582	1
1373	1582	1583	1
1374	1583	1584	1
1375	1584	1585	1
1376	1585	1586	1
1377	1586	1587	1
1378	1587	1588	1
1379	1588	1589	1
1380	1589	1590	1
1381	1590	1591	1
1382	1591	1592	1
1383	1592	1593	1
1384	1593	1594	1
1385	1594	1595	1
1386	1595	1596	1
1387	1596	1597	1
1388	1597	1598	1
1389	1598	1599	1
1390	1599	1600	1
1391	1600	1601	1
1392	1601	1602	1
1393	1602	1603	1
1394	1603	1604	1
1395	1604	1605	1
1396	1605	1606	1
1397	1606	1607	1
1398	1607	1608	1
1399	1608	1609	1
1400	1609	1610	1
1401	1610	1611	1
1402	1611	1612	1
1403	1612	1613	1
1404	1613	1614	1
1405	1614	1615	1
1406	1615	1616	1
1407	1616	1617	1
1408	1617	1618	1
1409	1618	1619	1
1410	1619	1620	1
1411	1620	1621	1
1412	1621	1622	1
1413	1622	1623	1
1414	1623	1624	1
1415	1624	1625	1
1416	1625	1626	1
1417	1626	1627	1
1418	1627	1628	1
1419	1628	1629	1
1420	1629	1630	1
1421	1630	1631	1
1422	1631	1632	1
1423	1632	1633	1
1424	1633	1634	1
1425	1634	1635	1
1426	1635	1636	1
1427	1636	1637	1
1428	1637	1638	1
1429	1638	1639	1
1430	1639	1640	1
1431	1640	1641	1
1432	1641	1642	1
1433	1642	1643	1
1434	1643	1644	1
1435	1644	1645	1
1436	1645	1646	1
1437	1646	1647	1
1438	1647	1648	1
1439	1648	1649	1
1440	1649	1650	1
1441	1650	1651	1
1442	1651	1652	1
1443	1652	1653	1
1444	1653	1654	1
1445	1654	1655	1
1446	1655	1656	1
1447	1656	1657	1
1448	1657	1658	1
1449	1658	1659	1
1450	1659	1660	1
1451	1660	1661	1
1452	1661	1662	1
1453	1662	1663	1
1454	1663	1664	1
1455	1664	1665	1
1456	1665	1666	1
1457	1666	1667	1
1458	1667	1668	1
1459	1668	1669	1
1460	1669	1670	1
1461	1670	1671	1
1462	1671	1672	1
1463	1672	1673	1
1464	1673	1674	1
1465	1674	1675	1
1466	1675	1676	1
1467	1676	1677	1
1468	1677	1678	1
1469	1678	1679	1
1470	1679	1680	1
1471	1680	1681	1
1472	1681	1682	1
1473	1682	1683	1
1474	1683	1684	1
1475	1684	1685	1
1476	1685	1686	1
1477	1686	1687	1
1478	1687	1688	1
1479	1688	1689	1
1480	1689	1690	1
1481	1690	1691	1
1482	1691	1692	1
1483	1692	1693	1
1484	1693	1694	1
1485	1694	1695	1
1486	1695	1696	1
1487	1696	1697	1
1488	1697	1698	1
1489	1698	1699	1
1490	1699	1700	1
1491	1700	1701	1
1492	1701	1702	1
1493	1702	1703	1
1494	1703	1704	1
1495	1704	1705	1
1496	1705	1706	1
1497	1706	1707	1
1498	1707	1708	1
1499	1708	1709	1
1500	1709	1710	1
1501	1710	1711	1
1502	1711	1712	1
1503	1712	1713	1
1504	1713	1714	1
1505	1714	1715	1
1506	1715	1716	1
1507	1716	1717	1
1508	1717	1718	1
1509	1718	1719	1
1510	1719	1720	1
1511	1720	1721	1
1512	1721	1722	1
1513	1722	1723	1
1514	1723	1724	1
1515	1724	1725	1
1516	1725	1726	1
1517	1726	1727	1
1518	1727	1728	1
1519	1728	1729	1
1520	1729	1730	1
1521	1730	1731	1
1522	1731	1732	1
1523	1732	1733	1
1524	1733	1734	1
1525	1734	1735	1
1526	1735	1736	1
1527	1736	1737	1
1528	1737	1738	1
1529	1738	1739	1
1530	1739	1740	1
1531	1740	1741	1
1532	1741	1742	1
1533	1742	1743	1
1534	1743	1744	1
1535	1744	1745	1
1536	1745	1746	1
1537	1746	1747	1
1538	1747	1748	1
1539	1748	1749	1
1540	1749	1750	1
1541	1750	1751	1
1542	1751	1752	1
1543	1752	1753	1
1544	1753	1754	1
1545	1754	1755	1
1546	1755	1756	1
1547	1756	1757	1
1548	1757	1758	1
1549	1758	1759	1
1550	1759	1760	1
1551	1760	1761	1
1552	1761	1762	1
1553	1762	1763	1
1554	1763	1764	1
1555	1764	1765	1
1556	1765	1766	1
1557	1766	1767	1
1558	1767	1768	1
1559	1768	1769	1
1560	1769	1770	1
1561	1770	1771	1
1562	1771	1772	1
1563	1772	1773	1
1564	1773	1774	1
1565	1774	1775	1
1566	1775	1776	1
1567	1776	1777	1
1568	1777	1778	1
1569	1778	1779	1
1570	1779	1780	1
1571	1780	1781	1
1572	1781	1782	1
1573	1782	1783	1
1574	1783	1784	1
1575	1784	1785	1
1576	1785	1786	1
1577	1786	1787	1
1578	1787	1788	1
1579	1788	1789	1
1580	1789	1790	1
1581	1790	1791	1
1582	1791	1792	1
1583	1792	1793	1
1584	1793	1794	1
1585	1794	1795	1
1586	1795	1796	1
1587	1796	1797	1
1588	1797	1798	1
1589	1798	1799	1
1590	1799	1800	1
1591	1800	1801	1
1592	1801	1802	1
1593	1802	1803	1
1594	1803	1804	1
1595	1804	1805	1
1596	1805	1806	1
1597	1806	1807	1
1598	1807	1808	1
1599	1808	1809	1
1600	1809	1810	1
1601	1810	1811	1
1602	1811	1812	1
1603	1812	1813	1
1604	1813	1814	1
1605	1814	1815	1
1606	1815	1816	1
1607	1816	1817	1
1608	1817	1818	1
1609	1818	1819	1
1610	1819	1820	1
1611	1820	1821	1
1612	1821	1822	1
1613	1822	1823	1
1614	1823	1824	1
1615	1824	1825	1
1616	1825	1826	1
1617	1826	1827	1
1618	1827	1828	1
1619	1828	1829	1
1620	1829	1830	1
1621	1830	1831	1
1622	1831	1832	1
1623	1832	1833	1
1624	1833	1834	1
1625	1834	1835	1
1626	1835	1836	1
1627	1836	1837	1
1628	1837	1838	1
1629	1838	1839	1
1630	1839	1840	1
1631	1840	1841	1
1632	1841	1842	1
1633	1842	1843	1
1634	1843	1844	1
1635	1844	1845	1
1636	1845	1846	1
1637	1846	1847	1
1638	1847	1848	1
1639	1848	1849	1
1640	1849	1850	1
1641	1850	1851	1
1642	1851	1852	1
1643	1852	1853	1
1644	1853	1854	1
1645	1854	1855	1
1646	1855	1856	1
1647	1856	1857	1
1648	1857	1858	1
1649	1858	1859	1
1650	1859	1860	1
1651	1860	1861	1
1652	1861	1862	1
1653	1862	1863	1
1654	1863	1864	1
1655	1864	1865	1
1656	1865	1866	1
1657	1866	1867	1
1658	1867	1868	1
1659	1868	1869	1
1660	1869	1870	1
1661	1870	1871	1
1662	1871	1872	1
1663	1872	1873	1
1664	1873	1874	1
1665	1874	1875	1
1666	1875	1876	1
1667	1876	1877	1
1668	1877	1878	1
1669	1878	1879	1
1670	1879	1880	1
1671	1880	1881	1
1672	1881	1882	1
1673	1882	1883	1
1674	1883	1884	1
1675	1884	1885	1
1676	1885	1886	1
1677	1886	1887	1
1678	1887	1888	1
1679	1888	1889	1
1680	1889	1890	1
1681	1890	1891	1
1682	1891	1892	1
1683	1892	1893	1
1684	1893	1894	1
1685	1894	1895	1
1686	1895	1896	1
1687	1896	1897	1
1688	1897	1898	1
1689	1898	1899	1
1690	1899	1900	1
1691	1900	1901	1
1692	1901	1902	1
1693	1902	1903	1
1694	1903	1904	1
1695	1904	1905	1
1696	1905	1906	1
1697	1906	1907	1
1698	1907	1908	1
1699	1908	1909	1
1700	1909	1910	1
1701	1910	1911	1
1702	1911	1912	1
1703	1912	1913	1
1704	1913	1914	1
1705	1914	1915	1
1706	1915	1916	1
1707	1916	1917	1
1708	1917	1918	1
1709	1918	1919	1
1710	1919	1920	1
1711	1920	1921	1
1712	1921	1922	1
1713	1922	1923	1
1714	1923	1924	1
1715	1924	1925	1
1716	1925	1926	1
1717	1926	1927	1
1718	1927	1928	1
1719	1928	1929	1
1720	1929	1930	1
1721	1930	1931	1
1722	1931	1932	1
1723	1932	1933	1
1724	1933	1934	1
1725	1934	1935	1
1726	1935	1936	1
1727	1936	1937	1
1728	1937	1938	1
1729	1938	1939	1
1730	1939	1940	1
1731	1940	1941	1
1732	1941	1942	1
1733	1942	1943	1
1734	1943	1944	1
1735	1944	1945	1
1736	1945	1946	1
1737	1946	1947	1
1738	1947	1948	1
1739	1948	1949	1
1740	1949	1950	1
1741	1950	1951	1
1742	1951	1952	1
1743	1952	1953	1
1744	1953	1954	1
1745	1954	1955	1
1746	1955	1956	1
1747	1956	1957	1
1748	1957	1958	1
1749	1958	1959	1
1750	1959	1960	1
1751	1960	1961	1
1752	1961	1962	1
1753	1962	1963	1
1754	1963	1964	1
1755	1964	1965	1
1756	1965	1966	1
1757	1966	1967	1
1758	1967	1968	1
1759	1968	1969	1
1760	1969	1970	1
1761	1970	1971	1
1762	1971	1972	1
1763	1972	1973	1
1764	1973	1974	1
1765	1974	1975	1
1766	1975	1976	1
1767	1976	1977	1
1768	1977	1978	1
1769	1978	1979	1
1770	1979	1980	1
1771	1980	1981	1
1772	1981	1982	1
1773	1982	1983	1
1774	1983	1984	1
1775	1984	1985	1
1776	1985	1986	1
1777	1986	1987	1
1778	1987	1988	1
1779	1988	1989	1
1780	1989	1990	1
1781	1990	1991	1
1782	1991	1992	1
1783	1992	1993	1
1784	1993	1994	1
1785	1994	1995	1
1786	1995	1996	1
1787	1996	1997	1
1788	1997	1998	1
1789	1998	1999	1
1790	1999	2000	1
1791	2000	2001	1
1792	2001	2002	1
1793	2002	2003	1
1794	2003	2004	1
1795	2004	2005	1
1796	2005	2006	1
1797	2006	2007	1
1798	2007	2008	1
1799	2008	2009	1
1800	2009	2010	1
1801	2010	2011	1
1802	2011	2012	1
1803	2012	2013	1
1804	2013	2014	1
1805	2014	2015	1
1806	2015	2016	1
1807	2016	2017	1
1808	2017	2018	1
1809	2018	2019	1
1810	2019	2020	1
1811	2020	2021	1
1812	2021	2022	1
1813	2022	2023	1
1814	2023	2024	1
1815	2024	2025	1
1816	2025	2026	1
1817	2026	2027	1
1818	2027	2028	1
1819	2028	2029	1
1820	2029	2030	1
1821	2030	2031	1
1822	2031	2032	1
1823	2032	2033	1
1824	2033	2034	1
1825	2034	2035	1
1826	2035	2036	1
1827	2036	2037	1
1828	2037	2038	1
1829	2038	2039	1
1830	2039	2040	1
1831	2040	2041	1
1832	2041	2042	1
1833	2042	2043	1
1834	2043	2044	1
1835	2044	2045	1
1836	2045	2046	1
1837	2046	2047	1
1838	2047	2048	1
1839	2048	2049	1
1840	2049	2050	1
1841	2050	2051	1
1842	2051	2052	1
1843	2052	2053	1
1844	2053	2054	1
1845	2054	2055	1
1846	2055	2056	1
1847	2056	2057	1
1848	2057	2058	1
1849	2058	2059	1
1850	2059	2060	1
1851	2060	2061	1
1852	2061	2062	1
1853	2062	2063	1
1854	2063	2064	1
1855	2064	2065	1
1856	2065	2066	1
1857	2066	2067	1
1858	2067	2068	1
1859	2068	2069	1
1860	2069	2070	1
1861	2070	2071	1
1862	2071	2072	1
1863	2072	2073	1
1864	2073	2074	1
1865	2074	2075	1
1866	2075	2076	1
1867	2076	2077	1
1868	2077	2078	1
1869	2078	2079	1
1870	2079	2080	1
1871	2080	2081	1
1872	2081	2082	1
1873	2082	2083	1
1874	2083	2084	1
1875	2084	2085	1
1876	2085	2086	1
1877	2086	2087	1
1878	2087	2088	1
1879	2088	2089	1
1880	2089	2090	1
1881	2090	2091	1
1882	2091	2092	1
1883	2092	2093	1
1884	2093	2094	1
1885	2094	2095	1
1886	2095	2096	1
1887	2096	2097	1
1888	2097	2098	1
1889	2098	2099	1
1890	2099	2100	1
1891	2100	2101	1
1892	2101	2102	1
1893	2102	2103	1
1894	2103	2104	1
1895	2104	2105	1
1896	2105	2106	1
1897	2106	2107	1
1898	2107	2108	1
1899	2108	2109	1
1900	2109	2110	1
1901	2110	2111	1
1902	2111	2112	1
1903	2112	2113	1
1904	2113	2114	1
1905	2114	2115	1
1906	2115	2116	1
1907	2116	2117	1
1908	2117	2118	1
1909	2118	2119	1
1910	2119	2120	1
1911	2120	2121	1
1912	2121	2122	1
1913	2122	2123	1
1914	2123	2124	1
1915	2124	2125	1
1916	2125	2126	1
1917	2126	2127	1
1918	2127	2128	1
1919	2128	2129	1
1920	2129	2130	1
1921	2130	2131	1
1922	2131	2132	1
1923	2132	2133	1
1924	2133	2134	1
1925	2134	2135	1
1926	2135	2136	1
1927	2136	2137	1
1928	2137	2138	1
1929	2138	2139	1
1930	2139	2140	1
1931	2140	2141	1
1932	2141	2142	1
1933	2142	2143	1
1934	2143	2144	1
1935	2144	2145	1
1936	2145	2146	1
1937	2146	2147	1
1938	2147	2148	1
1939	2148	2149	1
1940	2149	2150	1
1941	2150	2151	1
1942	2151	2152	1
1943	2152	2153	1
1944	2153	2154	1
1945	2154	2155	1
1946	2155	2156	1
1947	2156	2157	1
1948	2157	2158	1
1949	2158	2159	1
1950	2159	2160	1
1951	2160	2161	1
1952	2161	2162	1
1953	2162	2163	1
1954	2163	2164	1
1955	2164	2165	1
1956	2165	2166	1
1957	2166	2167	1
1958	2167	2168	1
1959	2168	2169	1
1960	2169	2170	1
1961	2170	2171	1
1962	2171	2172	1
1963	2172	2173	1
1964	2173	2174	1
1965	2174	2175	1
1966	2175	2176	1
1967	2176	2177	1
1968	2177	2178	1
1969	2178	2179	1
1970	2179	2180	1
1971	2180	2181	1
1972	2181	2182	1
1973	2182	2183	1
1974	2183	2184	1
1975	2184	2185	1
1976	2185	2186	1
1977	2186	2187	1
1978	2187	2188	1
1979	2188	2189	1
1980	2189	2190	1
1981	2190	2191	1
1982	2191	2192	1
1983	2192	2193	1
1984	2193	2194	1
1985	2194	2195	1
1986	2195	2196	1
1987	2196	2197	1
1988	2197	2198	1
1989	2198	2199	1
1990	2199	2200	1
1991	2200	2201	1
1992	2201	2202	1
1993	2202	2203	1
1994	2203	2204	1
1995	2204	2205	1
1996	2205	2206	1
1997	2206	2207	1
1998	2207	2208	1
1999	2208	2209	1
2000	2209	2210	1
2001	2210	2211	1
2002	2211	2212	1
2003	2212	2213	1
2004	2213	2214	1
2005	2214	2215	1
2006	2215	2216	1
2007	2216	2217	1
2008	2217	2218	1
2009	2218	2219	1
2010	2219	2220	1
2011	2220	2221	1
2012	2221	2222	1
2013	2222	2223	1
2014	2223	2224	1
2015	2224	2225	1
2016	2225	2226	1
2017	2226	2227	1
2018	2227	2228	1
2019	2228	2229	1
2020	2229	2230	1
2021	2230	2231	1
2022	2231	2232	1
2023	2232	2233	1
2024	2233	2234	1
2025	2234	2235	1
2026	2235	2236	1
2027	2236	2237	1
2028	2237	2238	1
2029	2238	2239	1
2030	2239	2240	1
2031	2240	2241	1
2032	2241	2242	1
2033	2242	2243	1
2034	2243	2244	1
2035	2244	2245	1
2036	2245	2246	1
2037	2246	2247	1
2038	2247	2248	1
2039	2248	2249	1
2040	2249	2250	1
2041	2250	2251	1
2042	2251	2252	1
2043	2252	2253	1
2044	2253	2254	1
2045	2254	2255	1
2046	2255	2256	1
2047	2256	2257	1
2048	2257	2258	1
2049	2258	2259	1
2050	2259	2260	1
2051	2260	2261	1
2052	2261	2262	1
2053	2262	2263	1
2054	2263	2264	1
2055	2264	2265	1
2056	2265	2266	1
2057	2266	2267	1
2058	2267	2268	1
2059	2268	2269	1
2060	2269	2270	1
2061	2270	2271	1
2062	2271	2272	1
2063	2272	2273	1
2064	2273	2274	1
2065	2274	2275	1
2066	2275	2276	1
2067	2276	2277	1
2068	2277	2278	1
2069	2278	2279	1
2070	2279	2280	1
2071	2280	2281	1
2072	2281	2282	1
2073	2282	2283	1
2074	2283	2284	1
2075	2284	2285	1
2076	2285	2286	1
2077	2286	2287	1
2078	2287	2288	1
2079	2288	2289	1
2080	2289	2290	1
2081	2290	2291	1
2082	2291	2292	1
2083	2292	2293	1
2084	2293	2294	1
2085	2294	2295	1
2086	2295	2296	1
2087	2296	2297	1
2088	2297	2298	1
2089	2298	2299	1
2090	2299	2300	1
2091	2300	2301	1
2092	2301	2302	1
2093	2302	2303	1
2094	2303	2304	1
2095	2304	2305	1
2096	2305	2306	1
2097	2306	2307	1
2098	2307	2308	1
2099	2308	2309	1
2100	2309	2310	1
2101	2310	2311	1
2102	2311	2312	1
2103	2312	2313	1
2104	2313	2315	2
2105	2315	2317	2
2106	2317	2319	2
2107	2319	2321	2
2108	2321	2323	2
2109	2323	2325	2
2110	2325	2327	2
2111	2327	2329	2
2112	2329	2331	2
2113	2331	2333	2
2114	2333	2335	2
2115	2335	2337	2
2116	2337	2339	2
2117	2339	2341	2
2118	2341	2343	2
2119	2343	2345	2
2120	2345	2347	2
2121	2347	2349	2
2122	2349	2351	2
2123	2351	2353	2
2124	2353	2355	2
2125	2355	2357	2
2126	2357	2359	2
2127	2359	2361	2
2128	2361	2363	2
2129	2363	2365	2
2130	2365	2367	2
2131	2367	2369	2
2132	2369	2371	2
2133	2371	2373	2
2134	2373	2375	2
2135	2375	2377	2
2136	2377	2379	2
2137	2379	2381	2
2138	2381	2383	2
2139	2383	2385	2
2140	2385	2387	2
2141	2387	2389	2
2142	2389	2391	2
2143	2391	2393	2
2144	2393	2395	2
2145	2395	2397	2
2146	2397	2399	2
2147	2399	2401	2
2148	2401	2403	2
2149	2403	2405	2
2150	2405	2407	2
2151	2407	2409	2
2152	2409	2411	2
2153	2411	2413	2
2154	2413	2415	2
2155	2415	2417	2
2156	2417	2419	2
2157	2419	2421	2
2158	2421	2423	2
2159	2423	2425	2
2160	2425	2427	2
2161	2427	2429	2
2162	2429	2431	2
2163	2431	2433	2
2164	2433	2435	2
2165	2435	2437	2
2166	2437	2439	2
2167	2439	2441	2
2168	2441	2443	2
2169	2443	2445	2
2170	2445	2447	2
2171	2447	2449	2
2172	2449	2451	2
2173	2451	2453	2
2174	2453	2455	2
2175	2455	2457	2
2176	2457	2459	2
2177	2459	2461	2
2178	2461	2463	2
2179	2463	2465	2
2180	2465	2467	2
2181	2467	2469	2
2182	2469	2471	2
2183	2471	2473	2
2184	2473	2475	2
2185	2475	2477	2
2186	2477	2479	2
2187	2479	2481	2
2188	2481	2483	2
2189	2483	2485	2
2190	2485	2487	2
2191	2487	2489	2
2192	2489	2491	2
2193	2491	2493	2
2194	2493	2495	2
2195	2495	2497	2
2196	2497	2499	2
2197	2499	2501	2
2198	2501	2503	2
2199	2503	2505	2
2200	2505	2507	2
2201	2507	2509	2
2202	2509	2511	2
2203	2511	2513	2
2204	2513	2515	2
2205	2515	2517	2
2206	2517	2519	2
2207	2519	2521	2
2208	2521	2523	2
2209	2523	2525	2
2210	2525	2527	2
2211	2527	2529	2
2212	2529	2531	2
2213	2531	2533	2
2214	2533	2535	2
2215	2535	2537	2
2216	2537	2539	2
2217	2539	2541	2
2218	2541	2543	2
2219	2543	2545	2
2220	2545	2547	2
2221	2547	2549	2
2222	2549	2551	2
2223	2551	2553	2
2224	2553	2555	2
2225	2555	2557	2
2226	2557	2559	2
2227	2559	2561	2
2228	2561	2563	2
2229	2563	2565	2
2230	2565	2567	2
2231	2567	2569	2
2232	2569	2571	2
2233	2571	2573	2
2234	2573	2575	2
2235	2575	2577	2
2236	2577	2579	2
2237	2579	2581	2
2238	2581	2583	2
2239	2583	2585	2
2240	2585	2587	2
2241	2587	2589	2
2242	2589	2591	2
2243	2591	2593	2
2244	2593	2595	2
2245	2595	2597	2
2246	2597	2599	2
2247	2599	2601	2
2248	2601	2603	2
2249	2603	2605	2
2250	2605	2607	2
2251	2607	2609	2
2252	2609	2611	2
2253	2611	2613	2
2254	2613	2615	2
2255	2615	2617	2
2256	2617	2619	2
2257	2619	2621	2
2258	2621	2623	2
2259	2623	2625	2
2260	2625	2627	2
2261	2627	2629	2
2262	2629	2631	2
2263	2631	2633	2
2264	2633	2635	2
2265	2635	2637	2
2266	2637	2639	2
2267	2639	2641	2
2268	2641	2643	2
2269	2643	2645	2
2270	2645	2647	2
2271	2647	2649	2
2272	2649	2651	2
2273	2651	2653	2
2274	2653	2655	2
2275	2655	2657	2
2276	2657	2659	2
2277	2659	2661	2
2278	2661	2663	2
2279	2663	2665	2
2280	2665	2667	2
2281	2667	2669	2
2282	2669	2671	2
2283	2671	2673	2
2284	2673	2675	2
2285	2675	2677	2
2286	2677	2679	2
2287	2679	2681	2
2288	2681	2683	2
2289	2683	2685	2
2290	2685	2687	2
2291	2687	2689	2
2292	2689	2691	2
2293	2691	2693	2
2294	2693	2695	2
2295	2695	2697	2
2296	2697	2699	2
2297	2699	2701	2
2298	2701	2703	2
2299	2703	2705	2
2300	2705	2707	2
2301	2707	2709	2
2302	2709	2711	2
2303	2711	2713	2
2304	2713	2715	2
2305	2715	2717	2
2306	2717	2719	2
2307	2719	2721	2
2308	2721	2723	2
2309	2723	2725	2
2310	2725	2727	2
2311	2727	2729	2
2312	2729	2731	2
2313	2731	2733	2
2314	2733	2735	2
2315	2735	2737	2
2316	2737	2739	2
2317	2739	2741	2
2318	2741	2743	2
2319	2743	2745	2
2320	2745	2747	2
2321	2747	2749	2
2322	2749	2751	2
2323	2751	2753	2
2324	2753	2755	2
2325	2755	2757	2
2326	2757	2759	2
2327	2759	2761	2
2328	2761	2763	2
2329	2763	2765	2
2330	2765	2767	2
2331	2767	2769	2
2332	2769	2771	2
2333	2771	2773	2
2334	2773	2775	2
2335	2775	2777	2
2336	2777	2779	2
2337	2779	2781	2
2338	2781	2783	2
2339	2783	2785	2
2340	2785	2787	2
2341	2787	2789	2
2342	2789	2791	2
2343	2791	2793	2
2344	2793	2795	2
2345	2795	2797	2
2346	2797	2799	2
2347	2799	2801	2
2348	2801	2803	2
2349	2803	2805	2
2350	2805	2807	2
2351	2807	2809	2
2352	2809	2811	2
2353	2811	2813	2
2354	2813	2815	2
2355	2815	2817	2
2356	2817	2819	2
2357	2819	2821	2
2358	2821	2823	2
2359	2823	2825	2
2360	2825	2827	2
2361	2827	2829	2
2362	2829	2831	2
2363	2831	2833	2
2364	2833	2835	2
2365	2835	2837	2
2366	2837	2839	2
2367	2839	2841	2
2368	2841	2843	2
2369	2843	2845	2
2370	2845	2847	2
2371	2847	2849	2
2372	2849	2851	2
2373	2851	2853	2
2374	2853	2855	2
2375	2855	2857	2
2376	2857	2859	2
2377	2859	2861	2
2378	2861	2863	2
2379	2863	2865	2
2380	2865	2867	2
2381	2867	2869	2
2382	2869	2871	2
2383	2871	2873	2
2384	2873	2875	2
2385	2875	2877	2
2386	2877	2879	2
2387	2879	2881	2
2388	2881	2883	2
2389	2883	2885	2
2390	2885	2887	2
2391	2887	2889	2
2392	2889	2891	2
2393	2891	2893	2
2394	2893	2895	2
2395	2895	2897	2
2396	2897	2899	2
2397	2899	2901	2
2398	2901	2903	2
2399	2903	2905	2
2400	2905	2907	2
2401	2907	2909	2
2402	2909	2911	2
2403	2911	2913	2
2404	2913	2915	2
2405	2915	2917	2
2406	2917	2919	2
2407	2919	2921	2
2408	2921	2923	2
2409	2923	2925	2
2410	2925	2927	2
2411	2927	2929	2
2412	2929	2931	2
2413	2931	2933	2
2414	2933	2935	2
2415	2935	2937	2
2416	2937	2939	2
2417	2939	2941	2
2418	2941	2943	2
2419	2943	2945	2
2420	2945	2947	2
2421	2947	2949	2
2422	2949	2951	2
2423	2951	2953	2
2424	2953	2955	2
2425	2955	2957	2
2426	2957	2959	2
2427	2959	2961	2
2428	2961	2963	2
2429	2963	2965	2
2430	2965	2967	2
2431	2967	2969	2
2432	2969	2971	2
2433	2971	2973	2
2434	2973	2975	2
2435	2975	2977	2
2436	2977	2979	2
2437	2979	2981	2
2438	2981	2983	2
2439	2983	2985	2
2440	2985	2987	2
2441	2987	2989	2
2442	2989	2991	2
2443	2991	2993	2
2444	2993	2995	2
2445	2995	2997	2
2446	2997	2999	2
2447	2999	3001	2
2448	3001	3003	2
2449	3003	3005	2
2450	3005	3007	2
2451	3007	3009	2
2452	3009	3011	2
2453	3011	3013	2
2454	3013	3015	2
2455	3015	3017	2
2456	3017	3019	2
2457	3019	3021	2
2458	3021	3023	2
2459	3023	3025	2
2460	3025	3027	2
2461	3027	3029	2
2462	3029	3031	2
2463	3031	3033	2
2464	3033	3035	2
2465	3035	3037	2
2466	3037	3039	2
2467	3039	3041	2
2468	3041	3043	2
2469	3043	3045	2
2470	3045	3047	2
2471	3047	3049	2
2472	3049	3051	2
2473	3051	3053	2
2474	3053	3055	2
2475	3055	3057	2
2476	3057	3059	2
2477	3059	3061	2
2478	3061	3063	2
2479	3063	3065	2
2480	3065	3067	2
2481	3067	3069	2
2482	3069	3071	2
2483	3071	3073	2
2484	3073	3075	2
2485	3075	3077	2
2486	3077	3079	2
2487	3079	3081	2
2488	3081	3083	2
2489	3083	3085	2
2490	3085	3087	2
2491	3087	3089	2
2492	3089	3091	2
2493	3091	3093	2
2494	3093	3095	2
2495	3095	3097	2
2496	3097	3099	2
2497	3099	3101	2
2498	3101	3103	2
2499	3103	3105	2
2500	3105	3107	2
2501	3107	3109	2
2502	3109	3111	2
2503	3111	3113	2
2504	3113	3115	2
2505	3115	3117	2
2506	3117	3119	2
2507	3119	3121	2
2508	3121	3123	2
2509	3123	3125	2
2510	3125	3127	2
2511	3127	3129	2
2512	3129	3131	2
2513	3131	3133	2
2514	3133	3135	2
2515	3135	3137	2
2516	3137	3139	2
2517	3139	3141	2
2518	3141	3143	2
2519	3143	3145	2
2520	3145	3147	2
2521	3147	3149	2
2522	3149	3151	2
2523	3151	3153	2
2524	3153	3155	2
2525	3155	3157	2
2526	3157	3159	2
2527	3159	3161	2
2528	3161	3163	2
2529	3163	3165	2
2530	3165	3167	2
2531	3167	3169	2
2532	3169	3171	2
2533	3171	3173	2
2534	3173	3175	2
2535	3175	3177	2
2536	3177	3179	2
2537	3179	3181	2
2538	3181	3183	2
2539	3183	3185	2
2540	3185	3187	2
2541	3187	3189	2
2542	3189	3191	2
2543	3191	3193	2
2544	3193	3195	2
2545	3195	3197	2
2546	3197	3199	2
2547	3199	3201	2
2548	3201	3203	2
2549	3203	3205	2
2550	3205	3207	2
2551	3207	3209	2
2552	3209	3211	2
2553	3211	3213	2
2554	3213	3215	2
2555	3215	3217	2
2556	3217	3219	2
2557	3219	3221	2
2558	3221	3223	2
2559	3223	3225	2
2560	3225	3227	2
2561	3227	3229	2
2562	3229	3231	2
2563	3231	3233	2
2564	3233	3235	2
2565	3235	3237	2
2566	3237	3239	2
2567	3239	3241	2
2568	3241	3243	2
2569	3243	3245	2
2570	3245	3247	2
2571	3247	3249	2
2572	3249	3251	2
2573	3251	3253	2
2574	3253	3255	2
2575	3255	3257	2
2576	3257	3259	2
2577	3259	3261	2
2578	3261	3263	2
2579	3263	3265	2
2580	3265	3267	2
2581	3267	3269	2
2582	3269	3271	2
2583	3271	3273	2
2584	3273	3275	2
2585	3275	3277	2
2586	3277	3279	2
2587	3279	3281	2
2588	3281	3283	2
2589	3283	3285	2
2590	3285	3287	2
2591	3287	3289	2
2592	3289	3291	2
2593	3291	3293	2
2594	3293	3295	2
2595	3295	3297	2
2596	3297	3299	2
2597	3299	3301	2
2598	3301	3303	2
2599	3303	3305	2
2600	3305	3307	2
2601	3307	3309	2
2602	3309	3311	2
2603	3311	3313	2
2604	3313	3315	2
2605	3315	3317	2
2606	3317	3319	2
2607	3319	3321	2
2608	3321	3323	2
2609	3323	3325	2
2610	3325	3327	2
2611	3327	3329	2
2612	3329	3331	2
2613	3331	3333	2
2614	3333	3335	2
2615	3335	3337	2
2616	3337	3339	2
2617	3339	3341	2
2618	3341	3343	2
2619	3343	3345	2
2620	3345	3347	2
2621	3347	3349	2
2622	3349	3351	2
2623	3351	3353	2
2624	3353	3355	2
2625	3355	3357	2
2626	3357	3359	2
2627	3359	3361	2
2628	3361	3363	2
2629	3363	3365	2
2630	3365	3367	2
2631	3367	3369	2
2632	3369	3371	2
2633	3371	3373	2
2634	3373	3375	2
2635	3375	3377	2
2636	3377	3379	2
2637	3379	3381	2
2638	3381	3383	2
2639	3383	3385	2
2640	3385	3387	2
2641	3387	3389	2
2642	3389	3391	2
2643	3391	3393	2
2644	3393	3395	2
2645	3395	3397	2
2646	3397	3399	2
2647	3399	3401	2
2648	3401	3403	2
2649	3403	3405	2
2650	3405	3407	2
2651	3407	3409	2
2652	3409	3411	2
2653	3411	3413	2
2654	3413	3415	2
2655	3415	3417	2
2656	3417	3419	2
2657	3419	3421	2
2658	3421	3423	2
2659	3423	3425	2
2660	3425	3427	2
2661	3427	3429	2
2662	3429	3431	2
2663	3431	3433	2
2664	3433	3435	2
2665	3435	3437	2
2666	3437	3439	2
2667	3439	3441	2
2668	3441	3443	2
2669	3443	3445	2
2670	3445	3447	2
2671	3447	3449	2
2672	3449	3451	2
2673	3451	3453	2
2674	3453	3455	2
2675	3455	3457	2
2676	3457	3459	2
2677	3459	3461	2
2678	3461	3463	2
2679	3463	3465	2
2680	3465	3467	2
2681	3467	3469	2
2682	3469	3471	2
2683	3471	3473	2
2684	3473	3475	2
2685	3475	3477	2
2686	3477	3479	2
2687	3479	3481	2
2688	3481	3483	2
2689	3483	3485	2
2690	3485	3487	2
2691	3487	3489	2
2692	3489	3491	2
2693	3491	3493	2
2694	3493	3495	2
2695	3495	3497	2
2696	3497	3499	2
2697	3499	3501	2
2698	3501	3503	2
2699	3503	3505	2
2700	3505	3507	2
2701	3507	3509	2
2702	3509	3511	2
2703	3511	3513	2
2704	3513	3515	2
2705	3515	3517	2
2706	3517	3519	2
2707	3519	3521	2
2708	3521	3523	2
2709	3523	3525	2
2710	3525	3527	2
2711	3527	3529	2
2712	3529	3531	2
2713	3531	3533	2
2714	3533	3535	2
2715	3535	3537	2
2716	3537	3539	2
2717	3539	3541	2
2718	3541	3543	2
2719	3543	3545	2
2720	3545	3547	2
2721	3547	3549	2
2722	3549	3551	2
2723	3551	3553	2
2724	3553	3555	2
2725	3555	3557	2
2726	3557	3559	2
2727	3559	3561	2
2728	3561	3563	2
2729	3563	3565	2
2730	3565	3567	2
2731	3567	3569	2
2732	3569	3571	2
2733	3571	3573	2
2734	3573	3575	2
2735	3575	3577	2
2736	3577	3579	2
2737	3579	3581	2
2738	3581	3583	2
2739	3583	3585	2
2740	3585	3587	2
2741	3587	3589	2
2742	3589	3591	2
2743	3591	3593	2
2744	3593	3595	2
2745	3595	3597	2
2746	3597	3599	2
2747	3599	3601	2
2748	3601	3603	2
2749	3603	3605	2
2750	3605	3607	2
2751	3607	3609	2
2752	3609	3611	2
2753	3611	3613	2
2754	3613	3615	2
2755	3615	3617	2
2756	3617	3619	2
2757	3619	3621	2
2758	3621	3623	2
2759	3623	3625	2
2760	3625	3627	2
2761	3627	3629	2
2762	3629	3631	2
2763	3631	3633	2
2764	3633	3635	2
2765	3635	3637	2
2766	3637	3639	2
2767	3639	3641	2
2768	3641	3643	2
2769	3643	3645	2
2770	3645	3647	2
2771	3647	3649	2
2772	3649	3651	2
2773	3651	3653	2
2774	3653	3655	2
2775	3655	3657	2
2776	3657	3659	2
2777	3659	3661	2
2778	3661	3663	2
2779	3663	3665	2
2780	3665	3667	2
2781	3667	3669	2
2782	3669	3671	2
2783	3671	3673	2
2784	3673	3675	2
2785	3675	3677	2
2786	3677	3679	2
2787	3679	3681	2
2788	3681	3683	2
2789	3683	3685	2
2790	3685	3687	2
2791	3687	3689	2
2792	3689	3691	2
2793	3691	3693	2
2794	3693	3695	2
2795	3695	3697	2
2796	3697	3699	2
2797	3699	3701	2
2798	3701	3703	2
2799	3703	3705	2
2800	3705	3707	2
2801	3707	3709	2
2802	3709	3711	2
2803	3711	3713	2
2804	3713	3715	2
2805	3715	3717	2
2806	3717	3719	2
2807	3719	3721	2
2808	3721	3723	2
2809	3723	3725	2
2810	3725	3727	2
2811	3727	3729	2
2812	3729	3731	2
2813	3731	3733	2
2814	3733	3735	2
2815	3735	3737	2
2816	3737	3739	2
2817	3739	3741	2
2818	3741	3743	2
2819	3743	3745	2
2820	3745	3747	2
2821	3747	3749	2
2822	3749	3751	2
2823	3751	3753	2
2824	3753	3755	2
2825	3755	3757	2
2826	3757	3759	2
2827	3759	3761	2
2828	3761	3763	2
2829	3763	3765	2
2830	3765	3767	2
2831	3767	3769	2
2832	3769	3771	2
2833	3771	3773	2
2834	3773	3775	2
2835	3775	3777	2
2836	3777	3779	2
2837	3779	3781	2
2838	3781	3783	2
2839	3783	3785	2
2840	3785	3787	2
2841	3787	3789	2
2842	3789	3791	2
2843	3791	3793	2
2844	3793	3795	2
2845	3795	3797	2
2846	3797	3799	2
2847	3799	3801	2
2848	3801	3803	2
2849	3803	3805	2
2850	3805	3807	2
2851	3807	3809	2
2852	3809	3811	2
2853	3811	3813	2
2854	3813	3815	2
2855	3815	3817	2
2856	3817	3819	2
2857	3819	3821	2
2858	3821	3823	2
2859	3823	3825	2
2860	3825	3827	2
2861	3827	3829	2
2862	3829	3831	2
2863	3831	3833	2
2864	3833	3835	2
2865	3835	3837	2
2866	3837	3839	2
2867	3839	3841	2
2868	3841	3843	2
2869	3843	3845	2
2870	3845	3847	2
2871	3847	3849	2
2872	3849	3851	2
2873	3851	3853	2
2874	3853	3855	2
2875	3855	3857	2
2876	3857	3859	2
2877	3859	3861	2
2878	3861	3863	2
2879	3863	3865	2
2880	3865	3867	2
2881	3867	3869	2
2882	3869	3871	2
2883	3871	3873	2
2884	3873	3875	2
2885	3875	3877	2
2886	3877	3879	2
2887	3879	3881	2
2888	3881	3883	2
2889	3883	3885	2
2890	3885	3887	2
2891	3887	3889	2
2892	3889	3891	2
2893	3891	3893	2
2894	3893	3895	2
2895	3895	3897	2
2896	3897	3899	2
2897	3899	3901	2
2898	3901	3903	2
2899	3903	3905	2
2900	3905	3907	2
2901	3907	3909	2
2902	3909	3911	2
2903	3911	3913	2
2904	3913	3915	2
2905	3915	3917	2
2906	3917	3919	2
2907	3919	3921	2
2908	3921	3923	2
2909	3923	3925	2
2910	3925	3927	2
2911	3927	3929	2
2912	3929	3931	2
2913	3931	3933	2
2914	3933	3935	2
2915	3935	3937	2
2916	3937	3939	2
2917	3939	3941	2
2918	3941	3943	2
2919	3943	3945	2
2920	3945	3947	2
2921	3947	3949	2
2922	3949	3951	2
2923	3951	3953	2
2924	3953	3955	2
2925	3955	3957	2
2926	3957	3959	2
2927	3959	3961	2
2928	3961	3963	2
2929	3963	3965	2
2930	3965	3967	2
2931	3967	3969	2
2932	3969	3971	2
2933	3971	3973	2
2934	3973	3975	2
2935	3975	3977	2
2936	3977	3979	2
2937	3979	3981	2
2938	3981	3983	2
2939	3983	3985	2
2940	3985	3987	2
2941	3987	3989	2
2942	3989	3991	2
2943	3991	3993	2
2944	3993	3995	2
2945	3995	3997	2
2946	3997	3999	2
2947	3999	4001	2
2948	4001	4003	2
2949	4003	4005	2
2950	4005	4007	2
2951	4007	4009	2
2952	4009	4011	2
2953	4011	4013	2
2954	4013	4015	2
2955	4015	4017	2
2956	4017	4019	2
2957	4019	4021	2
2958	4021	4023	2
2959	4023	4025	2
2960	4025	4027	2
2961	4027	4029	2
2962	4029	4031	2
2963	4031	4033	2
2964	4033	4035	2
2965	4035	4037	2
2966	4037	4039	2
2967	4039	4041	2
2968	4041	4043	2
2969	4043	4045	2
2970	4045	4047	2
2971	4047	4049	2
2972	4049	4051	2
2973	4051	4053	2
2974	4053	4055	2
2975	4055	4057	2
2976	4057	4059	2
2977	4059	4061	2
2978	4061	4063	2
2979	4063	4065	2
2980	4065	4067	2
2981	4067	4069	2
2982	4069	4071	2
2983	4071	4073	2
2984	4073	4075	2
2985	4075	4077	2
2986	4077	4079	2
2987	4079	4081	2
2988	4081	4083	2
2989	4083	4085	2
2990	4085	4087	2
2991	4087	4089	2
2992	4089	4091	2
2993	4091	4093	2
2994	4093	4095	2
2995	4095	4097	2
2996	4097	4099	2
2997	4099	4101	2
2998	4101	4103	2
2999	4103	4105	2
3000	4105	4107	2
3001	4107	4109	2
3002	4109	4111	2
3003	4111	4113	2
3004	4113	4115	2
3005	4115	4117	2
3006	4117	4119	2
3007	4119	4121	2
3008	4121	4123	2
3009	4123	4125	2
3010	4125	4127	2
3011	4127	4129	2
3012	4129	4131	2
3013	4131	4133	2
3014	4133	4135	2
3015	4135	4137	2
3016	4137	4139	2
3017	4139	4141	2
3018	4141	4143	2
3019	4143	4145	2
3020	4145	4147	2
3021	4147	4149	2
3022	4149	4151	2
3023	4151	4153	2
3024	4153	4155	2
3025	4155	4157	2
3026	4157	4159	2
3027	4159	4161	2
3028	4161	4163	2
3029	4163	4165	2
3030	4165	4167	2
3031	4167	4169	2
3032	4169	4171	2
3033	4171	4173	2
3034	4173	4175	2
3035	4175	4177	2
3036	4177	4179	2
3037	4179	4181	2
3038	4181	4183	2
3039	4183	4185	2
3040	4185	4187	2
3041	4187	4189	2
3042	4189	4191	2
3043	4191	4193	2
3044	4193	4195	2
3045	4195	4197	2
3046	4197	4199	2
3047	4199	4201	2
3048	4201	4203	2
3049	4203	4205	2
3050	4205	4207	2
3051	4207	4209	2
3052	4209	4211	2
3053	4211	4213	2
3054	4213	4215	2
3055	4215	4217	2
3056	4217	4219	2
3057	4219	4221	2
3058	4221	4223	2
3059	4223	4225	2
3060	4225	4227	2
3061	4227	4229	2
3062	4229	4231	2
3063	4231	4233	2
3064	4233	4235	2
3065	4235	4237	2
3066	4237	4239	2
3067	4239	4241	2
3068	4241	4243	2
3069	4243	4245	2
3070	4245	4247	2
3071	4247	4249	2
3072	4249	4251	2
3073	4251	4253	2
3074	4253	4255	2
3075	4255	4257	2
3076	4257	4259	2
3077	4259	4261	2
3078	4261	4263	2
3079	4263	4265	2
3080	4265	4267	2
3081	4267	4269	2
3082	4269	4271	2
3083	4271	4273	2
3084	4273	4275	2
3085	4275	4277	2
3086	4277	4279	2
3087	4279	4281	2
3088	4281	4283	2
3089	4283	4285	2
3090	4285	4287	2
3091	4287	4289	2
3092	4289	4291	2
3093	4291	4293	2
3094	4293	4295	2
3095	4295	4297	2
3096	4297	4299	2
3097	4299	4301	2
3098	4301	4303	2
3099	4303	4305	2
3100	4305	4307	2
3101	4307	4309	2
3102	4309	4311	2
3103	4311	4313	2
3104	4313	4315	2
3105	4315	4317	2
3106	4317	4319	2
3107	4319	4321	2
3108	4321	4323	2
3109	4323	4325	2
3110	4325	4327	2
3111	4327	4329	2
3112	4329	4331	2
3113	4331	4333	2
3114	4333	4335	2
3115	4335	4337	2
3116	4337	4339	2
3117	4339	4341	2
3118	4341	4343	2
3119	4343	4345	2
3120	4345	4347	2
3121	4347	4349	2
3122	4349	4351	2
3123	4351	4353	2
3124	4353	4355	2
3125	4355	4357	2
3126	4357	4359	2
3127	4359	4361	2
3128	4361	4363	2
3129	4363	4365	2
3130	4365	4367	2
3131	4367	4369	2
3132	4369	4371	2
3133	4371	4373	2
3134	4373	4375	2
3135	4375	4377	2
3136	4377	4379	2
3137	4379	4381	2
3138	4381	4383	2
3139	4383	4385	2
3140	4385	4387	2
3141	4387	4389	2
3142	4389	4391	2
3143	4391	4393	2
3144	4393	4395	2
3145	4395	4397	2
3146	4397	4399	2
3147	4399	4401	2
3148	4401	4403	2
3149	4403	4405	2
3150	4405	4407	2
3151	4407	4409	2
3152	4409	4411	2
3153	4411	4413	2
3154	4413	4415	2
3155	4415	4417	2
3156	4417	4419	2
3157	4419	4421	2
3158	4421	4423	2
3159	4423	4425	2
3160	4425	4427	2
3161	4427	4429	2
3162	4429	4431	2
3163	4431	4433	2
3164	4433	4435	2
3165	4435	4437	2
3166	4437	4439	2
3167	4439	4441	2
3168	4441	4443	2
3169	4443	4445	2
3170	4445	4447	2
3171	4447	4449	2
3172	4449	4451	2
3173	4451	4453	2
3174	4453	4455	2
3175	4455	4457	2
3176	4457	4459	2
3177	4459	4461	2
3178	4461	4463	2
3179	4463	4465	2
3180	4465	4467	2
3181	4467	4469	2
3182	4469	4471	2
3183	4471	4473	2
3184	4473	4475	2
3185	4475	4477	2
3186	4477	4479	2
3187	4479	4481	2
3188	4481	4483	2
3189	4483	4485	2
3190	4485	4487	2
3191	4487	4489	2
3192	4489	4491	2
3193	4491	4493	2
3194	4493	4495	2
3195	4495	4497	2
3196	4497	4499	2
3197	4499	4501	2
3198	4501	4503	2
3199	4503	4505	2
3200	4505	4507	2
3201	4507	4509	2
3202	4509	4511	2
3203	4511	4513	2
3204	4513	4515	2
3205	4515	4517	2
3206	4517	4519	2
3207	4519	4521	2
3208	4521	4523	2
3209	4523	4525	2
3210	4525	4527	2
3211	4527	4529	2
3212	4529	4531	2
3213	4531	4533	2
3214	4533	4535	2
3215	4535	4537	2
3216	4537	4539	2
3217	4539	4541	2
3218	4541	4543	2
3219	4543	4545	2
3220	4545	4547	2
3221	4547	4549	2
3222	4549	4551	2
3223	4551	4553	2
3224	4553	4555	2
3225	4555	4557	2
3226	4557	4559	2
3227	4559	4561	2
3228	4561	4563	2
3229	4563	4565	2
3230	4565	4567	2
3231	4567	4569	2
3232	4569	4571	2
3233	4571	4573	2
3234	4573	4575	2
3235	4575	4577	2
3236	4577	4579	2
3237	4579	4581	2
3238	4581	4583	2
3239	4583	4585	2
3240	4585	4587	2
3241	4587	4589	2
3242	4589	4591	2
3243	4591	4593	2
3244	4593	4595	2
3245	4595	4597	2
3246	4597	4599	2
3247	4599	4601	2
3248	4601	4603	2
3249	4603	4605	2
3250	4605	4607	2
3251	4607	4609	2
3252	4609	4611	2
3253	4611	4613	2
3254	4613	4615	2
3255	4615	4617	2
3256	4617	4620	3
3257	4620	4623	3
3258	4623	4626	3
3259	4626	4629	3
3260	4629	4632	3
3261	4632	4635	3
3262	4635	4638	3
3263	4638	4641	3
3264	4641	4644	3
3265	4644	4647	3
3266	4647	4650	3
3267	4650	4653	3
3268	4653	4656	3
3269	4656	4659	3
3270	4659	4662	3
3271	4662	4665	3
3272	4665	4668	3
3273	4668	4671	3
3274	4671	4674	3
3275	4674	4677	3
3276	4677	4680	3
3277	4680	4683	3
3278	4683	4686	3
3279	4686	4689	3
3280	4689	4692	3
3281	4692	4695	3
3282	4695	4698	3
3283	4698	4701	3
3284	4701	4704	3
3285	4704	4707	3
3286	4707	4710	3
3287	4710	4713	3
3288	4713	4716	3
3289	4716	4719	3
3290	4719	4722	3
3291	4722	4725	3
3292	4725	4728	3
3293	4728	4731	3
3294	4731	4734	3
3295	4734	4737	3
3296	4737	4740	3
3297	4740	4743	3
3298	4743	4746	3
3299	4746	4749	3
3300	4749	4752	3
3301	4752	4755	3
3302	4755	4758	3
3303	4758	4761	3
3304	4761	4764	3
3305	4764	4767	3
3306	4767	4770	3
3307	4770	4773	3
3308	4773	4776	3
3309	4776	4779	3
3310	4779	4782	3
3311	4782	4785	3
3312	4785	4788	3
3313	4788	4791	3
3314	4791	4794	3
3315	4794	4797	3
3316	4797	4800	3
3317	4800	4803	3
3318	4803	4806	3
3319	4806	4809	3
3320	4809	4812	3
3321	4812	4815	3
3322	4815	4818	3
3323	4818	4821	3
3324	4821	4824	3
3325	4824	4827	3
3326	4827	4830	3
3327	4830	4833	3
3328	4833	4836	3
3329	4836	4839	3
3330	4839	4842	3
3331	4842	4845	3
3332	4845	4848	3
3333	4848	4851	3
3334	4851	4854	3
3335	4854	4857	3
3336	4857	4860	3
3337	4860	4863	3
3338	4863	4866	3
3339	4866	4869	3
3340	4869	4872	3
3341	4872	4875	3
3342	4875	4878	3
3343	4878	4881	3
3344	4881	4884	3
3345	4884	4887	3
3346	4887	4890	3
3347	4890	4893	3
3348	4893	4896	3
3349	4896	4899	3
3350	4899	4902	3
3351	4902	4905	3
3352	4905	4908	3
3353	4908	4911	3
3354	4911	4914	3
3355	4914	4917	3
3356	4917	4920	3
3357	4920	4923	3
3358	4923	4926	3
3359	4926	4929	3
3360	4929	4932	3
3361	4932	4935	3
3362	4935	4938	3
3363	4938	4941	3
3364	4941	4944	3
3365	4944	4947	3
3366	4947	4950	3
3367	4950	4953	3
3368	4953	4956	3
3369	4956	4959	3
3370	4959	4962	3
3371	4962	4965	3
3372	4965	4968	3
3373	4968	4971	3
3374	4971	4974	3
3375	4974	4977	3
3376	4977	4980	3
3377	4980	4983	3
3378	4983	4986	3
3379	4986	4989	3
3380	4989	4992	3
3381	4992	4995	3
3382	4995	4998	3
3383	4998	5001	3
3384	5001	5004	3
3385	5004	5007	3
3386	5007	5010	3
3387	5010	5013	3
3388	5013	5016	3
3389	5016	5019	3
3390	5019	5022	3
3391	5022	5025	3
3392	5025	5028	3
3393	5028	5031	3
3394	5031	5034	3
3395	5034	5037	3
3396	5037	5040	3
3397	5040	5043	3
3398	5043	5046	3
3399	5046	5049	3
3400	5049	5052	3
3401	5052	5055	3
3402	5055	5058	3
3403	5058	5061	3
3404	5061	5064	3
3405	5064	5067	3
3406	5067	5070	3
3407	5070	5073	3
3408	5073	5076	3
3409	5076	5079	3
3410	5079	5082	3
3411	5082	5085	3
3412	5085	5088	3
3413	5088	5091	3
3414	5091	5094	3
3415	5094	5097	3
3416	5097	5100	3
3417	5100	5103	3
3418	5103	5106	3
3419	5106	5109	3
3420	5109	5112	3
3421	5112	5115	3
3422	5115	5118	3
3423	5118	5121	3
3424	5121	5124	3
3425	5124	5127	3
3426	5127	5130	3
3427	5130	5133	3
3428	5133	5136	3
3429	5136	5139	3
3430	5139	5142	3
3431	5142	5145	3
3432	5145	5148	3
3433	5148	5151	3
3434	5151	5154	3
3435	5154	5157	3
3436	5157	5160	3
3437	5160	5163	3
3438	5163	5166	3
3439	5166	5169	3
3440	5169	5172	3
3441	5172	5175	3
3442	5175	5178	3
3443	5178	5181	3
3444	5181	5184	3
3445	5184	5187	3
3446	5187	5190	3
3447	5190	5193	3
3448	5193	5196	3
3449	5196	5199	3
3450	5199	5202	3
3451	5202	5205	3
3452	5205	5208	3
3453	5208	5211	3
3454	5211	5214	3
3455	5214	5217	3
3456	5217	5220	3
3457	5220	5223	3
3458	5223	5226	3
3459	5226	5229	3
3460	5229	5232	3
3461	5232	5235	3
3462	5235	5238	3
3463	5238	5241	3
3464	5241	5244	3
3465	5244	5247	3
3466	5247	5250	3
3467	5250	5253	3
3468	5253	5256	3
3469	5256	5259	3
3470	5259	5262	3
3471	5262	5265	3
3472	5265	5268	3
3473	5268	5271	3
3474	5271	5274	3
3475	5274	5277	3
3476	5277	5280	3
3477	5280	5283	3
3478	5283	5286	3
3479	5286	5289	3
3480	5289	5292	3
3481	5292	5295	3
3482	5295	5298	3
3483	5298	5301	3
3484	5301	5304	3
3485	5304	5307	3
3486	5307	5310	3
3487	5310	5313	3
3488	5313	5316	3
3489	5316	5319	3
3490	5319	5322	3
3491	5322	5325	3
3492	5325	5328	3
3493	5328	5331	3
3494	5331	5334	3
3495	5334	5337	3
3496	5337	5340	3
3497	5340	5343	3
3498	5343	5346	3
3499	5346	5349	3
3500	5349	5352	3
3501	5352	5355	3
3502	5355	5358	3
3503	5358	5361	3
3504	5361	5364	3
3505	5364	5367	3
3506	5367	5370	3
3507	5370	5373	3
3508	5373	5376	3
3509	5376	5379	3
3510	5379	5382	3
3511	5382	5385	3
3512	5385	5388	3
3513	5388	5391	3
3514	5391	5394	3
3515	5394	5397	3
3516	5397	5400	3
3517	5400	5403	3
3518	5403	5406	3
3519	5406	5409	3
3520	5409	5412	3
3521	5412	5415	3
3522	5415	5418	3
3523	5418	5421	3
3524	5421	5424	3
3525	5424	5427	3
3526	5427	5430	3
3527	5430	5433	3
3528	5433	5436	3
3529	5436	5439	3
3530	5439	5442	3
3531	5442	5445	3
3532	5445	5448	3
3533	5448	5451	3
3534	5451	5454	3
3535	5454	5457	3
3536	5457	5460	3
3537	5460	5463	3
3538	5463	5466	3
3539	5466	5469	3
3540	5469	5472	3
3541	5472	5475	3
3542	5475	5478	3
3543	5478	5481	3
3544	5481	5484	3
3545	5484	5487	3
3546	5487	5490	3
3547	5490	5493	3
3548	5493	5496	3
3549	5496	5499	3
3550	5499	5502	3
3551	5502	5505	3
3552	5505	5508	3
3553	5508	5511	3
3554	5511	5514	3
3555	5514	5517	3
3556	5517	5520	3
3557	5520	5523	3
3558	5523	5526	3
3559	5526	5529	3
3560	5529	5532	3
3561	5532	5535	3
3562	5535	5538	3
3563	5538	5541	3
3564	5541	5544	3
3565	5544	5547	3
3566	5547	5550	3
3567	5550	5553	3
3568	5553	5556	3
3569	5556	5559	3
3570	5559	5562	3
3571	5562	5565	3
3572	5565	5568	3
3573	5568	5571	3
3574	5571	5574	3
3575	5574	5577	3
3576	5577	5580	3
3577	5580	5583	3
3578	5583	5586	3
3579	5586	5589	3
3580	5589	5592	3
3581	5592	5595	3
3582	5595	5598	3
3583	5598	5601	3
3584	5601	5604	3
3585	5604	5607	3
3586	5607	5610	3
3587	5610	5613	3
3588	5613	5616	3
3589	5616	5619	3
3590	5619	5622	3
3591	5622	5625	3
3592	5625	5628	3
3593	5628	5631	3
3594	5631	5634	3
3595	5634	5637	3
3596	5637	5640	3
3597	5640	5643	3
3598	5643	5646	3
3599	5646	5649	3
3600	5649	5652	3
3601	5652	5655	3
3602	5655	5658	3
3603	5658	5661	3
3604	5661	5664	3
3605	5664	5667	3
3606	5667	5670	3
3607	5670	5673	3
3608	5673	5676	3
3609	5676	5679	3
3610	5679	5682	3
3611	5682	5685	3
3612	5685	5688	3
3613	5688	5691	3
3614	5691	5694	3
3615	5694	5697	3
3616	5697	5700	3
3617	5700	5703	3
3618	5703	5706	3
3619	5706	5709	3
3620	5709	5712	3
3621	5712	5715	3
3622	5715	5719	4
3623	5719	5723	4
3624	5723	5727	4
3625	5727	5731	4
3626	5731	5735	4
3627	5735	5739	4
3628	5739	5743	4
3629	5743	5747	4
3630	5747	5751	4
3631	5751	5755	4
3632	5755	5759	4
3633	5759	5763	4
3634	5763	5767	4
3635	5767	5771	4
3636	5771	5775	4
3637	5775	5779	4
3638	5779	5783	4
3639	5783	5787	4
3640	5787	5791	4
3641	5791	5795	4
3642	5795	5799	4
3643	5799	5803	4
3644	5803	5807	4
3645	5807	5811	4
3646	5811	5815	4
3647	5815	5819	4
3648	5819	5823	4
3649	5823	5827	4
3650	5827	5831	4
3651	5831	5835	4
3652	5835	5839	4
3653	5839	5843	4
3654	5843	5847	4
3655	5847	5851	4
3656	5851	5855	4
3657	5855	5859	4
3658	5859	5863	4
3659	5863	5867	4
3660	5867	5871	4
3661	5871	5875	4
3662	5875	5879	4
3663	5879	5883	4
3664	5883	5887	4
3665	5887	5891	4
3666	5891	5895	4
3667	5895	5899	4
3668	5899	5903	4
3669	5903	5907	4
3670	5907	5911	4
3671	5911	5915	4
3672	5915	5919	4
3673	5919	5923	4
3674	5923	5927	4
3675	5927	5931	4
3676	5931	5935	4
3677	5935	5939	4
3678	5939	5943	4
3679	5943	5947	4
3680	5947	5951	4
3681	5951	5955	4
3682	5955	5959	4
3683	5959	5963	4
3684	5963	5967	4
3685	5967	5971	4
3686	5971	5975	4
3687	5975	5979	4
3688	5979	5983	4
3689	5983	5987	4
3690	5987	5991	4
3691	5991	5995	4
3692	5995	5999	4
3693	5999	6003	4
3694	6003	6007	4
3695	6007	6011	4
3696	6011	6015	4
3697	6015	6019	4
3698	6019	6023	4
3699	6023	6027	4
3700	6027	6031	4
3701	6031	6035	4
3702	6035	6039	4
3703	6039	6043	4
3704	6043	6047	4
3705	6047	6051	4
3706	6051	6055	4
3707	6055	6059	4
3708	6059	6063	4
3709	6063	6067	4
3710	6067	6071	4
3711	6071	6075	4
3712	6075	6079	4
3713	6079	6083	4
3714	6083	6087	4
3715	6087	6091	4
3716	6091	6095	4
3717	6095	6099	4
3718	6099	6103	4
3719	6103	6107	4
3720	6107	6111	4
3721	6111	6115	4
3722	6115	6119	4
3723	6119	6123	4
3724	6123	6127	4
3725	6127	6131	4
3726	6131	6135	4
3727	6135	6139	4
3728	6139	6143	4
3729	6143	6147	4
3730	6147	6151	4
3731	6151	6155	4
3732	6155	6159	4
3733	6159	6163	4
3734	6163	6167	4
3735	6167	6171	4
3736	6171	6175	4
3737	6175	6179	4
3738	6179	6183	4
3739	6183	6187	4
3740	6187	6191	4
3741	6191	6195	4
3742	6195	6199	4
3743	6199	6203	4
3744	6203	6207	4
3745	6207	6211	4
3746	6211	6215	4
3747	6215	6219	4
3748	6219	6223	4
3749	6223	6227	4
3750	6227	6231	4
3751	6231	6235	4
3752	6235	6239	4
3753	6239	6243	4
3754	6243	6247	4
3755	6247	6251	4
3756	6251	6255	4
3757	6255	6259	4
3758	6259	6263	4
3759	6263	6267	4
3760	6267	6271	4
3761	6271	6275	4
3762	6275	6279	4
3763	6279	6283	4
3764	6283	6287	4
3765	6287	6291	4
3766	6291	6295	4
3767	6295	6299	4
3768	6299	6303	4
3769	6303	6307	4
3770	6307	6311	4
3771	6311	6315	4
3772	6315	6319	4
3773	6319	6323	4
3774	6323	6327	4
3775	6327	6331	4
3776	6331	6335	4
3777	6335	6339	4
3778	6339	6343	4
3779	6343	6347	4
3780	6347	6351	4
3781	6351	6355	4
3782	6355	6359	4
3783	6359	6363	4
3784	6363	6367	4
3785	6367	6371	4
3786	6371	6375	4
3787	6375	6379	4
3788	6379	6383	4
3789	6383	6387	4
3790	6387	6391	4
3791	6391	6395	4
3792	6395	6399	4
3793	6399	6403	4
3794	6403	6407	4
3795	6407	6411	4
3796	6411	6415	4
3797	6415	6419	4
3798	6419	6423	4
3799	6423	6427	4
3800	6427	6431	4
3801	6431	6435	4
3802	6435	6439	4
3803	6439	6443	4
3804	6443	6447	4
3805	6447	6451	4
3806	6451	6455	4
3807	6455	6459	4
3808	6459	6463	4
3809	6463	6467	4
3810	6467	6471	4
3811	6471	6475	4
3812	6475	6479	4
3813	6479	6483	4
3814	6483	6487	4
3815	6487	6491	4
3816	6491	6495	4
3817	6495	6499	4
3818	6499	6503	4
3819	6503	6507	4
3820	6507	6511	4
3821	6511	6515	4
3822	6515	6519	4
3823	6519	6523	4
3824	6523	6527	4
3825	6527	6531	4
3826	6531	6535	4
3827	6535	6539	4
3828	6539	6543	4
3829	6543	6547	4
3830	6547	6551	4
3831	6551	6555	4
3832	6555	6559	4
3833	6559	6563	4
3834	6563	6567	4
3835	6567	6571	4
3836	6571	6575	4
3837	6575	6579	4
3838	6579	6583	4
3839	6583	6588	5
3840	6588	6593	5
3841	6593	6598	5
3842	6598	6603	5
3843	6603	6608	5
3844	6608	6613	5
3845	6613	6618	5
3846	6618	6623	5
3847	6623	6628	5
3848	6628	6633	5
3849	6633	6638	5
3850	6638	6643	5
3851	6643	6648	5
3852	6648	6653	5
3853	6653	6658	5
3854	6658	6663	5
3855	6663	6668	5
3856	6668	6673	5
3857	6673	6678	5
3858	6678	6683	5
3859	6683	6688	5
3860	6688	6693	5
3861	6693	6698	5
3862	6698	6703	5
3863	6703	6708	5
3864	6708	6713	5
3865	6713	6718	5
3866	6718	6723	5
3867	6723	6728	5
3868	6728	6733	5
3869	6733	6738	5
3870	6738	6743	5
3871	6743	6748	5
3872	6748	6753	5
3873	6753	6758	5
3874	6758	6763	5
3875	6763	6768	5
3876	6768	6773	5
3877	6773	6778	5
3878	6778	6783	5
3879	6783	6788	5
3880	6788	6793	5
3881	6793	6798	5
3882	6798	6803	5
3883	6803	6808	5
3884	6808	6813	5
3885	6813	6818	5
3886	6818	6823	5
3887	6823	6828	5
3888	6828	6833	5
3889	6833	6838	5
3890	6838	6843	5
3891	6843	6848	5
3892	6848	6853	5
3893	6853	6858	5
3894	6858	6863	5
3895	6863	6868	5
3896	6868	6873	5
3897	6873	6878	5
3898	6878	6883	5
3899	6883	6888	5
3900	6888	6893	5
3901	6893	6898	5
3902	6898	6903	5
3903	6903	6908	5
3904	6908	6913	5
3905	6913	6918	5
3906	6918	6923	5
3907	6923	6928	5
3908	6928	6933	5
3909	6933	6938	5
3910	6938	6943	5
3911	6943	6948	5
3912	6948	6953	5
3913	6953	6958	5
3914	6958	6963	5
3915	6963	6968	5
3916	6968	6973	5
3917	6973	6978	5
3918	6978	6983	5
3919	6983	6988	5
3920	6988	6993	5
3921	6993	6998	5
3922	6998	7003	5
3923	7003	7008	5
3924	7008	7013	5
3925	7013	7018	5
3926	7018	7023	5
3927	7023	7028	5
3928	7028	7033	5
3929	7033	7038	5
3930	7038	7043	5
3931	7043	7048	5
3932	7048	7053	5
3933	7053	7058	5
3934	7058	7063	5
3935	7063	7068	5
3936	7068	7073	5
3937	7073	7078	5
3938	7078	7083	5
3939	7083	7088	5
3940	7088	7093	5
3941	7093	7098	5
3942	7098	7103	5
3943	7103	7108	5
3944	7108	7113	5
3945	7113	7118	5
3946	7118	7123	5
3947	7123	7128	5
3948	7128	7133	5
3949	7133	7138	5
3950	7138	7143	5
3951	7143	7148	5
3952	7148	7153	5
3953	7153	7158	5
3954	7158	7163	5
3955	7163	7168	5
3956	7168	7173	5
3957	7173	7178	5
3958	7178	7183	5
3959	7183	7188	5
3960	7188	7193	5
3961	7193	7198	5
3962	7198	7203	5
3963	7203	7208	5
3964	7208	7213	5
3965	7213	7218	5
3966	7218	7223	5
3967	7223	7228	5
3968	7228	7233	5
3969	7233	7238	5
3970	7238	7243	5
3971	7243	7248	5
3972	7248	7253	5
3973	7253	7258	5
3974	7258	7263	5
3975	7263	7268	5
3976	7268	7273	5
3977	7273	7278	5
3978	7278	7283	5
3979	7283	7288	5
3980	7288	7293	5
3981	7293	7298	5
3982	7298	7303	5
3983	7303	7308	5
3984	7308	7313	5
3985	7313	7318	5
3986	7318	7323	5
3987	7323	7328	5
3988	7328	7333	5
3989	7333	7338	5
3990	7338	7343	5
3991	7343	7348	5
3992	7348	7353	5
3993	7353	7358	5
3994	7358	7363	5
3995	7363	7368	5
3996	7368	7373	5
3997	7373	7378	5
3998	7378	7383	5
3999	7383	7388	5
4000	7388	7393	5
4001	7393	7398	5
4002	7398	7403	5
4003	7403	7408	5
4004	7408	7414	6
4005	7414	7420	6
4006	7420	7426	6
4007	7426	7432	6
4008	7432	7438	6
4009	7438	7444	6
4010	7444	7450	6
4011	7450	7456	6
4012	7456	7462	6
4013	7462	7468	6
4014	7468	7474	6
4015	7474	7480	6
4016	7480	7486	6
4017	7486	7492	6
4018	7492	7498	6
4019	7498	7504	6
4020	7504	7510	6
4021	7510	7516	6
4022	7516	7522	6
4023	7522	7528	6
4024	7528	7534	6
4025	7534	7540	6
4026	7540	7546	6
4027	7546	7552	6
4028	7552	7558	6
4029	7558	7564	6
4030	7564	7570	6
4031	7570	7576	6
4032	7576	7582	6
4033	7582	7588	6
4034	7588	7594	6
4035	7594	7600	6
4036	7600	7606	6
4037	7606	7612	6
4038	7612	7618	6
4039	7618	7624	6
4040	7624	7630	6
4041	7630	7636	6
4042	7636	7642	6
4043	7642	7648	6
4044	7648	7654	6
4045	7654	7660	6
4046	7660	7666	6
4047	7666	7672	6
4048	7672	7678	6
4049	7678	7684	6
4050	7684	7690	6
4051	7690	7696	6
4052	7696	7702	6
4053	7702	7708	6
4054	7708	7714	6
4055	7714	7720	6
4056	7720	7726	6
4057	7726	7732	6
4058	7732	7738	6
4059	7738	7744	6
4060	7744	7750	6
4061	7750	7756	6
4062	7756	7762	6
4063	7762	7768	6
4064	7768	7774	6
4065	7774	7780	6
4066	7780	7786	6
4067	7786	7792	6
4068	7792	7798	6
4069	7798	7804	6
4070	7804	7810	6
4071	7810	7816	6
4072	7816	7822	6
4073	7822	7828	6
4074	7828	7834	6
4075	7834	7840	6
4076	7840	7846	6
4077	7846	7852	6
4078	7852	7858	6
4079	7858	7864	6
4080	7864	7870	6
4081	7870	7876	6
4082	7876	7882	6
4083	7882	7888	6
4084	7888	7894	6
4085	7894	7900	6
4086	7900	7906	6
4087	7906	7912	6
4088	7912	7918	6
4089	7918	7924	6
4090	7924	7930	6
4091	7930	7936	6
4092	7936	7942	6
4093	7942	7948	6
4094	7948	7954	6
4095	7954	7960	6
4096	7960	7966	6
4097	7966	7972	6
4098	7972	7978	6
4099	7978	7984	6
4100	7984	7990	6
4101	7990	7996	6
4102	7996	8002	6
4103	8002	8008	6
4104	8008	8014	6
4105	8014	8020	6
4106	8020	8026	6
4107	8026	8032	6
4108	8032	8039	7
4109	8039	8046	7
4110	8046	8053	7
4111	8053	8060	7
4112	8060	8067	7
4113	8067	8074	7
4114	8074	8081	7
4115	8081	8088	7
4116	8088	8095	7
4117	8095	8102	7
4118	8102	8109	7
4119	8109	8116	7
4120	8116	8123	7
4121	8123	8130	7
4122	8130	8137	7
4123	8137	8144	7
4124	8144	8151	7
4125	8151	8158	7
4126	8158	8165	7
4127	8165	8172	7
4128	8172	8179	7
4129	8179	8186	7
4130	8186	8193	7
4131	8193	8200	7
4132	8200	8207	7
4133	8207	8214	7
4134	8214	8221	7
4135	8221	8228	7
4136	8228	8235	7
4137	8235	8242	7
4138	8242	8249	7
4139	8249	8256	7
4140	8256	8263	7
4141	8263	8270	7
4142	8270	8277	7
4143	8277	8284	7
4144	8284	8291	7
4145	8291	8298	7
4146	8298	8305	7
4147	8305	8312	7
4148	8312	8319	7
4149	8319	8326	7
4150	8326	8333	7
4151	8333	8340	7
4152	8340	8347	7
4153	8347	8354	7
4154	8354	8361	7
4155	8361	8368	7
4156	8368	8375	7
4157	8375	8382	7
4158	8382	8389	7
4159	8389	8396	7
4160	8396	8403	7
4161	8403	8410	7
4162	8410	8417	7
4163	8417	8424	7
4164	8424	8431	7
4165	8431	8438	7
4166	8438	8445	7
4167	8445	8452	7
4168	8452	8459	7
4169	8459	8466	7
4170	8466	8473	7
4171	8473	8480	7
4172	8480	8487	7
4173	8487	8494	7
4174	8494	8501	7
4175	8501	8508	7
4176	8508	8515	7
4177	8515	8522	7
4178	8522	8529	7
4179	8529	8536	7
4180	8536	8543	7
4181	8543	8550	7
4182	8550	8557	7
4183	8557	8564	7
4184	8564	8571	7
4185	8571	8578	7
4186	8578	8585	7
4187	8585	8592	7
4188	8592	8599	7
4189	8599	8606	7
4190	8606	8613	7
4191	8613	8620	7
4192	8620	8627	7
4193	8627	8634	7
4194	8634	8641	7
4195	8641	8648	7
4196	8648	8655	7
4197	8655	8662	7
4198	8662	8669	7
4199	8669	8676	7
4200	8676	8683	7
4201	8683	8690	7
4202	8690	8697	7
4203	8697	8704	7
4204	8704	8711	7
4205	8711	8718	7
4206	8718	8725	7
4207	8725	8732	7
4208	8732	8739	7
4209	8739	8746	7
4210	8746	8753	7
4211	8753	8760	7
4212	8760	8767	7
4213	8767	8774	7
4214	8774	8781	7
4215	8781	8789	8
4216	8789	8797	8
4217	8797	8805	8
4218	8805	8813	8
4219	8813	8821	8
4220	8821	8829	8
4221	8829	8837	8
4222	8837	8845	8
4223	8845	8853	8
4224	8853	8861	8
4225	8861	8869	8
4226	8869	8877	8
4227	8877	8885	8
4228	8885	8893	8
4229	8893	8901	8
4230	8901	8909	8
4231	8909	8917	8
4232	8917	8925	8
4233	8925	8933	8
4234	8933	8941	8
4235	8941	8949	8
4236	8949	8957	8
4237	8957	8965	8
4238	8965	8973	8
4239	8973	8981	8
4240	8981	8989	8
4241	8989	8997	8
4242	8997	9005	8
4243	9005	9013	8
4244	9013	9021	8
4245	9021	9029	8
4246	9029	9037	8
4247	9037	9045	8
4248	9045	9053	8
4249	9053	9061	8
4250	9061	9069	8
4251	9069	9077	8
4252	9077	9085	8
4253	9085	9093	8
4254	9093	9101	8
4255	9101	9109	8
4256	9109	9117	8
4257	9117	9125	8
4258	9125	9133	8
4259	9133	9141	8
4260	9141	9149	8
4261	9149	9157	8
4262	9157	9165	8
4263	9165	9173	8
4264	9173	9181	8
4265	9181	9189	8
4266	9189	9197	8
4267	9197	9205	8
4268	9205	9213	8
4269	9213	9221	8
4270	9221	9229	8
4271	9229	9237	8
4272	9237	9245	8
4273	9245	9253	8
4274	9253	9261	8
4275	9261	9269	8
4276	9269	9277	8
4277	9277	9285	8
4278	9285	9293	8
4279	9293	9301	8
4280	9301	9309	8
4281	9309	9317	8
4282	9317	9325	8
4283	9325	9333	8
4284	9333	9341	8
4285	9341	9349	8
4286	9349	9357	8
4287	9357	9365	8
4288	9365	9374	9
4289	9374	9383	9
4290	9383	9392	9
4291	9392	9401	9
4292	9401	9410	9
4293	9410	9419	9
4294	9419	9428	9
4295	9428	9437	9
4296	9437	9446	9
4297	9446	9455	9
4298	9455	9464	9
4299	9464	9473	9
4300	9473	9482	9
4301	9482	9491	9
4302	9491	9500	9
4303	9500	9509	9
4304	9509	9518	9
4305	9518	9527	9
4306	9527	9536	9
4307	9536	9545	9
4308	9545	9554	9
4309	9554	9563	9
4310	9563	9572	9
4311	9572	9581	9
4312	9581	9590	9
4313	9590	9599	9
4314	9599	9608	9
4315	9608	9617	9
4316	9617	9626	9
4317	9626	9635	9
4318	9635	9644	9
4319	9644	9653	9
4320	9653	9662	9
4321	9662	9671	9
4322	9671	9680	9
4323	9680	9689	9
4324	9689	9698	9
4325	9698	9707	9
4326	9707	9716	9
4327	9716	9725	9
4328	9725	9734	9
4329	9734	9743	9
4330	9743	9752	9
4331	9752	9761	9
4332	9761	9770	9
4333	9770	9779	9
4334	9779	9788	9
4335	9788	9797	9
4336	9797	9806	9
4337	9806	9815	9
4338	9815	9824	9
4339	9824	9833	9
4340	9833	9842	9
4341	9842	9852	10
4342	9852	9862	10
4343	9862	9872	10
4344	9872	9882	10
4345	9882	9892	10
4346	9892	9902	10
4347	9902	9912	10
4348	9912	9922	10
4349	9922	9932	10
4350	9932	9942	10
4351	9942	9952	10
4352	9952	9962	10
4353	9962	9972	10
4354	9972	9982	10
4355	9982	9992	10
4356	9992	10002	10
4357	10002	10012	10
4358	10012	10022	10
4359	10022	10032	10
4360	10032	10042	10
4361	10042	10052	10
4362	10052	10062	10
4363	10062	10072	10
4364	10072	10082	10
4365	10082	10092	10
4366	10092	10102	10
4367	10102	10112	10
4368	10112	10122	10
4369	10122	10132	10
4370	10132	10142	10
4371	10142	10152	10
4372	10152	10162	10
4373	10162	10172	10
4374	10172	10182	10
4375	10182	10192	10
4376	10192	10202	10
