#
#N Pointing	tstart	tend	Obs time
#		s
1	210	211	1
2	211	212	1
3	212	213	1
4	213	214	1
5	214	215	1
6	215	216	1
7	216	217	1
8	217	218	1
9	218	219	1
10	219	220	1
11	220	221	1
12	221	222	1
13	222	223	1
14	223	224	1
15	224	225	1
16	225	226	1
17	226	227	1
18	227	228	1
19	228	229	1
20	229	230	1
21	230	231	1
22	231	232	1
23	232	233	1
24	233	234	1
25	234	235	1
26	235	236	1
27	236	237	1
28	237	238	1
29	238	239	1
30	239	240	1
31	240	241	1
32	241	242	1
33	242	243	1
34	243	244	1
35	244	245	1
36	245	246	1
37	246	247	1
38	247	248	1
39	248	249	1
40	249	250	1
41	250	251	1
42	251	252	1
43	252	253	1
44	253	254	1
45	254	255	1
46	255	256	1
47	256	257	1
48	257	258	1
49	258	259	1
50	259	260	1
51	260	261	1
52	261	262	1
53	262	263	1
54	263	264	1
55	264	265	1
56	265	266	1
57	266	267	1
58	267	268	1
59	268	269	1
60	269	270	1
61	270	271	1
62	271	272	1
63	272	273	1
64	273	274	1
65	274	275	1
66	275	276	1
67	276	277	1
68	277	278	1
69	278	279	1
70	279	280	1
71	280	281	1
72	281	282	1
73	282	283	1
74	283	284	1
75	284	285	1
76	285	286	1
77	286	287	1
78	287	288	1
79	288	289	1
80	289	290	1
81	290	291	1
82	291	292	1
83	292	293	1
84	293	294	1
85	294	295	1
86	295	296	1
87	296	297	1
88	297	298	1
89	298	299	1
90	299	300	1
91	300	301	1
92	301	302	1
93	302	303	1
94	303	304	1
95	304	305	1
96	305	306	1
97	306	307	1
98	307	308	1
99	308	309	1
100	309	310	1
101	310	311	1
102	311	312	1
103	312	313	1
104	313	314	1
105	314	315	1
106	315	316	1
107	316	317	1
108	317	318	1
109	318	319	1
110	319	320	1
111	320	321	1
112	321	322	1
113	322	323	1
114	323	324	1
115	324	325	1
116	325	326	1
117	326	327	1
118	327	328	1
119	328	329	1
120	329	330	1
121	330	331	1
122	331	332	1
123	332	333	1
124	333	334	1
125	334	335	1
126	335	336	1
127	336	337	1
128	337	338	1
129	338	339	1
130	339	340	1
131	340	341	1
132	341	342	1
133	342	343	1
134	343	344	1
135	344	345	1
136	345	346	1
137	346	347	1
138	347	348	1
139	348	349	1
140	349	350	1
141	350	351	1
142	351	352	1
143	352	353	1
144	353	354	1
145	354	355	1
146	355	356	1
147	356	357	1
148	357	358	1
149	358	359	1
150	359	360	1
151	360	361	1
152	361	362	1
153	362	363	1
154	363	364	1
155	364	365	1
156	365	366	1
157	366	367	1
158	367	368	1
159	368	369	1
160	369	370	1
161	370	371	1
162	371	372	1
163	372	373	1
164	373	374	1
165	374	375	1
166	375	376	1
167	376	377	1
168	377	378	1
169	378	379	1
170	379	380	1
171	380	381	1
172	381	382	1
173	382	383	1
174	383	384	1
175	384	385	1
176	385	386	1
177	386	387	1
178	387	388	1
179	388	389	1
180	389	390	1
181	390	391	1
182	391	392	1
183	392	393	1
184	393	394	1
185	394	395	1
186	395	396	1
187	396	397	1
188	397	398	1
189	398	399	1
190	399	400	1
191	400	401	1
192	401	402	1
193	402	403	1
194	403	404	1
195	404	405	1
196	405	406	1
197	406	407	1
198	407	408	1
199	408	409	1
200	409	410	1
201	410	411	1
202	411	412	1
203	412	413	1
204	413	414	1
205	414	415	1
206	415	416	1
207	416	417	1
208	417	418	1
209	418	419	1
210	419	420	1
211	420	421	1
212	421	422	1
213	422	423	1
214	423	424	1
215	424	425	1
216	425	426	1
217	426	427	1
218	427	428	1
219	428	429	1
220	429	430	1
221	430	431	1
222	431	432	1
223	432	433	1
224	433	434	1
225	434	435	1
226	435	436	1
227	436	437	1
228	437	438	1
229	438	439	1
230	439	440	1
231	440	441	1
232	441	442	1
233	442	443	1
234	443	444	1
235	444	445	1
236	445	446	1
237	446	447	1
238	447	448	1
239	448	449	1
240	449	450	1
241	450	451	1
242	451	452	1
243	452	453	1
244	453	454	1
245	454	455	1
246	455	456	1
247	456	457	1
248	457	458	1
249	458	459	1
250	459	460	1
251	460	461	1
252	461	462	1
253	462	463	1
254	463	464	1
255	464	465	1
256	465	466	1
257	466	467	1
258	467	468	1
259	468	469	1
260	469	470	1
261	470	471	1
262	471	472	1
263	472	473	1
264	473	474	1
265	474	475	1
266	475	476	1
267	476	477	1
268	477	478	1
269	478	479	1
270	479	480	1
271	480	481	1
272	481	482	1
273	482	483	1
274	483	484	1
275	484	485	1
276	485	486	1
277	486	487	1
278	487	488	1
279	488	489	1
280	489	490	1
281	490	491	1
282	491	492	1
283	492	493	1
284	493	494	1
285	494	495	1
286	495	496	1
287	496	497	1
288	497	498	1
289	498	499	1
290	499	500	1
291	500	501	1
292	501	502	1
293	502	503	1
294	503	504	1
295	504	505	1
296	505	506	1
297	506	507	1
298	507	508	1
299	508	509	1
300	509	510	1
301	510	511	1
302	511	512	1
303	512	513	1
304	513	514	1
305	514	515	1
306	515	516	1
307	516	517	1
308	517	518	1
309	518	519	1
310	519	520	1
311	520	521	1
312	521	522	1
313	522	523	1
314	523	524	1
315	524	525	1
316	525	526	1
317	526	527	1
318	527	528	1
319	528	529	1
320	529	530	1
321	530	531	1
322	531	532	1
323	532	533	1
324	533	534	1
325	534	535	1
326	535	536	1
327	536	537	1
328	537	538	1
329	538	539	1
330	539	540	1
331	540	541	1
332	541	542	1
333	542	543	1
334	543	544	1
335	544	545	1
336	545	546	1
337	546	547	1
338	547	548	1
339	548	549	1
340	549	550	1
341	550	551	1
342	551	552	1
343	552	553	1
344	553	554	1
345	554	555	1
346	555	556	1
347	556	557	1
348	557	558	1
349	558	559	1
350	559	560	1
351	560	561	1
352	561	562	1
353	562	563	1
354	563	564	1
355	564	565	1
356	565	566	1
357	566	567	1
358	567	568	1
359	568	569	1
360	569	570	1
361	570	571	1
362	571	572	1
363	572	573	1
364	573	574	1
365	574	575	1
366	575	576	1
367	576	577	1
368	577	578	1
369	578	579	1
370	579	580	1
371	580	581	1
372	581	582	1
373	582	583	1
374	583	584	1
375	584	585	1
376	585	586	1
377	586	587	1
378	587	588	1
379	588	589	1
380	589	590	1
381	590	591	1
382	591	592	1
383	592	593	1
384	593	594	1
385	594	595	1
386	595	596	1
387	596	597	1
388	597	598	1
389	598	599	1
390	599	600	1
391	600	601	1
392	601	602	1
393	602	603	1
394	603	604	1
395	604	605	1
396	605	606	1
397	606	607	1
398	607	608	1
399	608	609	1
400	609	610	1
401	610	611	1
402	611	612	1
403	612	613	1
404	613	614	1
405	614	615	1
406	615	616	1
407	616	617	1
408	617	618	1
409	618	619	1
410	619	620	1
411	620	621	1
412	621	622	1
413	622	623	1
414	623	624	1
415	624	625	1
416	625	626	1
417	626	627	1
418	627	628	1
419	628	629	1
420	629	630	1
421	630	631	1
422	631	632	1
423	632	633	1
424	633	634	1
425	634	635	1
426	635	636	1
427	636	637	1
428	637	638	1
429	638	639	1
430	639	640	1
431	640	641	1
432	641	642	1
433	642	643	1
434	643	644	1
435	644	645	1
436	645	646	1
437	646	647	1
438	647	648	1
439	648	649	1
440	649	650	1
441	650	651	1
442	651	652	1
443	652	653	1
444	653	654	1
445	654	655	1
446	655	656	1
447	656	657	1
448	657	658	1
449	658	659	1
450	659	660	1
451	660	661	1
452	661	662	1
453	662	663	1
454	663	664	1
455	664	665	1
456	665	666	1
457	666	667	1
458	667	668	1
459	668	669	1
460	669	670	1
461	670	671	1
462	671	672	1
463	672	673	1
464	673	674	1
465	674	675	1
466	675	676	1
467	676	677	1
468	677	678	1
469	678	679	1
470	679	680	1
471	680	681	1
472	681	682	1
473	682	683	1
474	683	684	1
475	684	685	1
476	685	686	1
477	686	687	1
478	687	688	1
479	688	689	1
480	689	690	1
481	690	691	1
482	691	692	1
483	692	693	1
484	693	694	1
485	694	695	1
486	695	696	1
487	696	697	1
488	697	698	1
489	698	699	1
490	699	700	1
491	700	701	1
492	701	702	1
493	702	703	1
494	703	704	1
495	704	705	1
496	705	706	1
497	706	707	1
498	707	708	1
499	708	709	1
500	709	710	1
501	710	711	1
502	711	712	1
503	712	713	1
504	713	714	1
505	714	715	1
506	715	716	1
507	716	717	1
508	717	718	1
509	718	719	1
510	719	720	1
511	720	721	1
512	721	722	1
513	722	723	1
514	723	724	1
515	724	725	1
516	725	726	1
517	726	727	1
518	727	728	1
519	728	729	1
520	729	730	1
521	730	731	1
522	731	732	1
523	732	733	1
524	733	734	1
525	734	735	1
526	735	736	1
527	736	737	1
528	737	738	1
529	738	739	1
530	739	740	1
531	740	741	1
532	741	742	1
533	742	743	1
534	743	744	1
535	744	745	1
536	745	746	1
537	746	747	1
538	747	748	1
539	748	749	1
540	749	750	1
541	750	751	1
542	751	752	1
543	752	753	1
544	753	754	1
545	754	755	1
546	755	756	1
547	756	757	1
548	757	758	1
549	758	759	1
550	759	760	1
551	760	761	1
552	761	762	1
553	762	763	1
554	763	764	1
555	764	765	1
556	765	766	1
557	766	767	1
558	767	768	1
559	768	769	1
560	769	770	1
561	770	771	1
562	771	772	1
563	772	773	1
564	773	774	1
565	774	775	1
566	775	776	1
567	776	777	1
568	777	778	1
569	778	779	1
570	779	780	1
571	780	781	1
572	781	782	1
573	782	783	1
574	783	784	1
575	784	785	1
576	785	786	1
577	786	787	1
578	787	788	1
579	788	789	1
580	789	790	1
581	790	791	1
582	791	792	1
583	792	793	1
584	793	794	1
585	794	795	1
586	795	796	1
587	796	797	1
588	797	798	1
589	798	799	1
590	799	800	1
591	800	801	1
592	801	802	1
593	802	803	1
594	803	804	1
595	804	805	1
596	805	806	1
597	806	807	1
598	807	808	1
599	808	809	1
600	809	810	1
601	810	811	1
602	811	812	1
603	812	813	1
604	813	814	1
605	814	815	1
606	815	816	1
607	816	817	1
608	817	818	1
609	818	819	1
610	819	820	1
611	820	821	1
612	821	822	1
613	822	823	1
614	823	824	1
615	824	825	1
616	825	826	1
617	826	827	1
618	827	828	1
619	828	829	1
620	829	830	1
621	830	831	1
622	831	832	1
623	832	833	1
624	833	834	1
625	834	835	1
626	835	836	1
627	836	837	1
628	837	838	1
629	838	839	1
630	839	840	1
631	840	841	1
632	841	842	1
633	842	843	1
634	843	844	1
635	844	845	1
636	845	846	1
637	846	847	1
638	847	848	1
639	848	849	1
640	849	850	1
641	850	851	1
642	851	852	1
643	852	853	1
644	853	854	1
645	854	855	1
646	855	856	1
647	856	857	1
648	857	858	1
649	858	859	1
650	859	860	1
651	860	861	1
652	861	862	1
653	862	863	1
654	863	864	1
655	864	865	1
656	865	866	1
657	866	867	1
658	867	868	1
659	868	869	1
660	869	870	1
661	870	871	1
662	871	872	1
663	872	873	1
664	873	874	1
665	874	875	1
666	875	876	1
667	876	877	1
668	877	878	1
669	878	879	1
670	879	880	1
671	880	881	1
672	881	882	1
673	882	883	1
674	883	884	1
675	884	885	1
676	885	886	1
677	886	887	1
678	887	888	1
679	888	889	1
680	889	890	1
681	890	891	1
682	891	892	1
683	892	893	1
684	893	894	1
685	894	895	1
686	895	896	1
687	896	897	1
688	897	898	1
689	898	899	1
690	899	900	1
691	900	901	1
692	901	902	1
693	902	903	1
694	903	904	1
695	904	905	1
696	905	906	1
697	906	907	1
698	907	908	1
699	908	909	1
700	909	910	1
701	910	911	1
702	911	912	1
703	912	913	1
704	913	914	1
705	914	915	1
706	915	916	1
707	916	917	1
708	917	918	1
709	918	919	1
710	919	920	1
711	920	921	1
712	921	922	1
713	922	923	1
714	923	924	1
715	924	925	1
716	925	926	1
717	926	927	1
718	927	928	1
719	928	929	1
720	929	930	1
721	930	931	1
722	931	932	1
723	932	933	1
724	933	934	1
725	934	935	1
726	935	936	1
727	936	937	1
728	937	938	1
729	938	939	1
730	939	940	1
731	940	941	1
732	941	942	1
733	942	943	1
734	943	944	1
735	944	945	1
736	945	946	1
737	946	947	1
738	947	948	1
739	948	949	1
740	949	950	1
741	950	951	1
742	951	952	1
743	952	953	1
744	953	954	1
745	954	955	1
746	955	956	1
747	956	957	1
748	957	958	1
749	958	959	1
750	959	960	1
751	960	961	1
752	961	962	1
753	962	963	1
754	963	964	1
755	964	965	1
756	965	966	1
757	966	967	1
758	967	968	1
759	968	969	1
760	969	970	1
761	970	971	1
762	971	972	1
763	972	973	1
764	973	974	1
765	974	975	1
766	975	976	1
767	976	977	1
768	977	978	1
769	978	979	1
770	979	980	1
771	980	981	1
772	981	982	1
773	982	983	1
774	983	984	1
775	984	985	1
776	985	986	1
777	986	987	1
778	987	988	1
779	988	989	1
780	989	990	1
781	990	991	1
782	991	992	1
783	992	993	1
784	993	994	1
785	994	995	1
786	995	996	1
787	996	997	1
788	997	998	1
789	998	999	1
790	999	1000	1
791	1000	1001	1
792	1001	1002	1
793	1002	1003	1
794	1003	1004	1
795	1004	1005	1
796	1005	1006	1
797	1006	1007	1
798	1007	1008	1
799	1008	1009	1
800	1009	1010	1
801	1010	1011	1
802	1011	1012	1
803	1012	1013	1
804	1013	1014	1
805	1014	1015	1
806	1015	1016	1
807	1016	1017	1
808	1017	1018	1
809	1018	1019	1
810	1019	1020	1
811	1020	1021	1
812	1021	1022	1
813	1022	1023	1
814	1023	1024	1
815	1024	1025	1
816	1025	1026	1
817	1026	1027	1
818	1027	1028	1
819	1028	1029	1
820	1029	1030	1
821	1030	1031	1
822	1031	1032	1
823	1032	1033	1
824	1033	1034	1
825	1034	1035	1
826	1035	1036	1
827	1036	1037	1
828	1037	1038	1
829	1038	1039	1
830	1039	1040	1
831	1040	1041	1
832	1041	1042	1
833	1042	1043	1
834	1043	1044	1
835	1044	1045	1
836	1045	1046	1
837	1046	1047	1
838	1047	1048	1
839	1048	1049	1
840	1049	1050	1
841	1050	1051	1
842	1051	1052	1
843	1052	1053	1
844	1053	1054	1
845	1054	1055	1
846	1055	1056	1
847	1056	1057	1
848	1057	1058	1
849	1058	1059	1
850	1059	1060	1
851	1060	1061	1
852	1061	1062	1
853	1062	1063	1
854	1063	1064	1
855	1064	1065	1
856	1065	1066	1
857	1066	1067	1
858	1067	1068	1
859	1068	1069	1
860	1069	1070	1
861	1070	1071	1
862	1071	1072	1
863	1072	1073	1
864	1073	1074	1
865	1074	1075	1
866	1075	1076	1
867	1076	1077	1
868	1077	1078	1
869	1078	1079	1
870	1079	1080	1
871	1080	1081	1
872	1081	1082	1
873	1082	1083	1
874	1083	1084	1
875	1084	1085	1
876	1085	1086	1
877	1086	1087	1
878	1087	1088	1
879	1088	1089	1
880	1089	1090	1
881	1090	1091	1
882	1091	1092	1
883	1092	1093	1
884	1093	1094	1
885	1094	1095	1
886	1095	1096	1
887	1096	1097	1
888	1097	1098	1
889	1098	1099	1
890	1099	1100	1
891	1100	1101	1
892	1101	1102	1
893	1102	1103	1
894	1103	1104	1
895	1104	1105	1
896	1105	1106	1
897	1106	1107	1
898	1107	1108	1
899	1108	1109	1
900	1109	1110	1
901	1110	1111	1
902	1111	1112	1
903	1112	1113	1
904	1113	1114	1
905	1114	1115	1
906	1115	1116	1
907	1116	1117	1
908	1117	1118	1
909	1118	1119	1
910	1119	1120	1
911	1120	1121	1
912	1121	1122	1
913	1122	1123	1
914	1123	1124	1
915	1124	1125	1
916	1125	1126	1
917	1126	1127	1
918	1127	1128	1
919	1128	1129	1
920	1129	1130	1
921	1130	1131	1
922	1131	1132	1
923	1132	1133	1
924	1133	1134	1
925	1134	1135	1
926	1135	1136	1
927	1136	1137	1
928	1137	1138	1
929	1138	1139	1
930	1139	1140	1
931	1140	1141	1
932	1141	1142	1
933	1142	1143	1
934	1143	1144	1
935	1144	1145	1
936	1145	1146	1
937	1146	1147	1
938	1147	1148	1
939	1148	1149	1
940	1149	1150	1
941	1150	1151	1
942	1151	1152	1
943	1152	1153	1
944	1153	1154	1
945	1154	1155	1
946	1155	1156	1
947	1156	1157	1
948	1157	1158	1
949	1158	1159	1
950	1159	1160	1
951	1160	1161	1
952	1161	1162	1
953	1162	1163	1
954	1163	1164	1
955	1164	1165	1
956	1165	1166	1
957	1166	1167	1
958	1167	1168	1
959	1168	1169	1
960	1169	1170	1
961	1170	1171	1
962	1171	1172	1
963	1172	1173	1
964	1173	1174	1
965	1174	1175	1
966	1175	1176	1
967	1176	1177	1
968	1177	1178	1
969	1178	1179	1
970	1179	1180	1
971	1180	1181	1
972	1181	1182	1
973	1182	1183	1
974	1183	1184	1
975	1184	1185	1
976	1185	1186	1
977	1186	1187	1
978	1187	1188	1
979	1188	1189	1
980	1189	1190	1
981	1190	1191	1
982	1191	1192	1
983	1192	1193	1
984	1193	1194	1
985	1194	1195	1
986	1195	1196	1
987	1196	1197	1
988	1197	1198	1
989	1198	1199	1
990	1199	1200	1
991	1200	1201	1
992	1201	1202	1
993	1202	1203	1
994	1203	1204	1
995	1204	1205	1
996	1205	1206	1
997	1206	1207	1
998	1207	1208	1
999	1208	1209	1
1000	1209	1210	1
1001	1210	1211	1
1002	1211	1212	1
1003	1212	1213	1
1004	1213	1214	1
1005	1214	1215	1
1006	1215	1216	1
1007	1216	1217	1
1008	1217	1218	1
1009	1218	1219	1
1010	1219	1220	1
1011	1220	1221	1
1012	1221	1222	1
1013	1222	1223	1
1014	1223	1224	1
1015	1224	1225	1
1016	1225	1226	1
1017	1226	1227	1
1018	1227	1228	1
1019	1228	1229	1
1020	1229	1230	1
1021	1230	1231	1
1022	1231	1232	1
1023	1232	1233	1
1024	1233	1234	1
1025	1234	1235	1
1026	1235	1236	1
1027	1236	1237	1
1028	1237	1238	1
1029	1238	1239	1
1030	1239	1240	1
1031	1240	1241	1
1032	1241	1242	1
1033	1242	1243	1
1034	1243	1244	1
1035	1244	1245	1
1036	1245	1246	1
1037	1246	1247	1
1038	1247	1248	1
1039	1248	1249	1
1040	1249	1250	1
1041	1250	1251	1
1042	1251	1252	1
1043	1252	1253	1
1044	1253	1254	1
1045	1254	1255	1
1046	1255	1256	1
1047	1256	1257	1
1048	1257	1258	1
1049	1258	1259	1
1050	1259	1260	1
1051	1260	1261	1
1052	1261	1262	1
1053	1262	1263	1
1054	1263	1264	1
1055	1264	1265	1
1056	1265	1266	1
1057	1266	1267	1
1058	1267	1268	1
1059	1268	1269	1
1060	1269	1270	1
1061	1270	1271	1
1062	1271	1272	1
1063	1272	1273	1
1064	1273	1274	1
1065	1274	1275	1
1066	1275	1276	1
1067	1276	1277	1
1068	1277	1278	1
1069	1278	1279	1
1070	1279	1280	1
1071	1280	1281	1
1072	1281	1282	1
1073	1282	1283	1
1074	1283	1284	1
1075	1284	1285	1
1076	1285	1286	1
1077	1286	1287	1
1078	1287	1288	1
1079	1288	1289	1
1080	1289	1290	1
1081	1290	1291	1
1082	1291	1292	1
1083	1292	1293	1
1084	1293	1294	1
1085	1294	1295	1
1086	1295	1296	1
1087	1296	1297	1
1088	1297	1298	1
1089	1298	1299	1
1090	1299	1300	1
1091	1300	1301	1
1092	1301	1302	1
1093	1302	1303	1
1094	1303	1304	1
1095	1304	1305	1
1096	1305	1306	1
1097	1306	1307	1
1098	1307	1308	1
1099	1308	1309	1
1100	1309	1310	1
1101	1310	1311	1
1102	1311	1312	1
1103	1312	1313	1
1104	1313	1314	1
1105	1314	1315	1
1106	1315	1316	1
1107	1316	1317	1
1108	1317	1318	1
1109	1318	1319	1
1110	1319	1320	1
1111	1320	1321	1
1112	1321	1322	1
1113	1322	1323	1
1114	1323	1324	1
1115	1324	1325	1
1116	1325	1326	1
1117	1326	1327	1
1118	1327	1328	1
1119	1328	1329	1
1120	1329	1330	1
1121	1330	1331	1
1122	1331	1332	1
1123	1332	1333	1
1124	1333	1334	1
1125	1334	1335	1
1126	1335	1336	1
1127	1336	1337	1
1128	1337	1338	1
1129	1338	1339	1
1130	1339	1340	1
1131	1340	1341	1
1132	1341	1342	1
1133	1342	1343	1
1134	1343	1344	1
1135	1344	1345	1
1136	1345	1346	1
1137	1346	1347	1
1138	1347	1348	1
1139	1348	1349	1
1140	1349	1350	1
1141	1350	1351	1
1142	1351	1352	1
1143	1352	1353	1
1144	1353	1354	1
1145	1354	1355	1
1146	1355	1356	1
1147	1356	1357	1
1148	1357	1358	1
1149	1358	1359	1
1150	1359	1360	1
1151	1360	1361	1
1152	1361	1362	1
1153	1362	1363	1
1154	1363	1364	1
1155	1364	1365	1
1156	1365	1366	1
1157	1366	1367	1
1158	1367	1368	1
1159	1368	1369	1
1160	1369	1370	1
1161	1370	1371	1
1162	1371	1372	1
1163	1372	1373	1
1164	1373	1374	1
1165	1374	1375	1
1166	1375	1376	1
1167	1376	1377	1
1168	1377	1378	1
1169	1378	1379	1
1170	1379	1380	1
1171	1380	1381	1
1172	1381	1382	1
1173	1382	1383	1
1174	1383	1384	1
1175	1384	1385	1
1176	1385	1386	1
1177	1386	1387	1
1178	1387	1388	1
1179	1388	1389	1
1180	1389	1390	1
1181	1390	1391	1
1182	1391	1392	1
1183	1392	1393	1
1184	1393	1394	1
1185	1394	1395	1
1186	1395	1396	1
1187	1396	1397	1
1188	1397	1398	1
1189	1398	1399	1
1190	1399	1400	1
1191	1400	1401	1
1192	1401	1402	1
1193	1402	1403	1
1194	1403	1404	1
1195	1404	1405	1
1196	1405	1406	1
1197	1406	1407	1
1198	1407	1408	1
1199	1408	1409	1
1200	1409	1410	1
1201	1410	1411	1
1202	1411	1412	1
1203	1412	1413	1
1204	1413	1414	1
1205	1414	1415	1
1206	1415	1416	1
1207	1416	1417	1
1208	1417	1418	1
1209	1418	1419	1
1210	1419	1420	1
1211	1420	1421	1
1212	1421	1422	1
1213	1422	1423	1
1214	1423	1424	1
1215	1424	1425	1
1216	1425	1426	1
1217	1426	1427	1
1218	1427	1428	1
1219	1428	1429	1
1220	1429	1430	1
1221	1430	1431	1
1222	1431	1432	1
1223	1432	1433	1
1224	1433	1434	1
1225	1434	1435	1
1226	1435	1436	1
1227	1436	1437	1
1228	1437	1438	1
1229	1438	1439	1
1230	1439	1440	1
1231	1440	1441	1
1232	1441	1442	1
1233	1442	1443	1
1234	1443	1444	1
1235	1444	1445	1
1236	1445	1446	1
1237	1446	1447	1
1238	1447	1448	1
1239	1448	1449	1
1240	1449	1450	1
1241	1450	1451	1
1242	1451	1452	1
1243	1452	1453	1
1244	1453	1454	1
1245	1454	1455	1
1246	1455	1456	1
1247	1456	1457	1
1248	1457	1458	1
1249	1458	1459	1
1250	1459	1460	1
1251	1460	1461	1
1252	1461	1462	1
1253	1462	1463	1
1254	1463	1464	1
1255	1464	1465	1
1256	1465	1466	1
1257	1466	1467	1
1258	1467	1468	1
1259	1468	1469	1
1260	1469	1470	1
1261	1470	1471	1
1262	1471	1472	1
1263	1472	1473	1
1264	1473	1474	1
1265	1474	1475	1
1266	1475	1476	1
1267	1476	1477	1
1268	1477	1478	1
1269	1478	1479	1
1270	1479	1480	1
1271	1480	1481	1
1272	1481	1482	1
1273	1482	1483	1
1274	1483	1484	1
1275	1484	1485	1
1276	1485	1486	1
1277	1486	1487	1
1278	1487	1488	1
1279	1488	1489	1
1280	1489	1490	1
1281	1490	1491	1
1282	1491	1492	1
1283	1492	1493	1
1284	1493	1494	1
1285	1494	1495	1
1286	1495	1496	1
1287	1496	1497	1
1288	1497	1498	1
1289	1498	1499	1
1290	1499	1500	1
1291	1500	1501	1
1292	1501	1502	1
1293	1502	1503	1
1294	1503	1504	1
1295	1504	1505	1
1296	1505	1506	1
1297	1506	1507	1
1298	1507	1508	1
1299	1508	1509	1
1300	1509	1510	1
1301	1510	1511	1
1302	1511	1512	1
1303	1512	1513	1
1304	1513	1514	1
1305	1514	1515	1
1306	1515	1516	1
1307	1516	1517	1
1308	1517	1518	1
1309	1518	1519	1
1310	1519	1520	1
1311	1520	1521	1
1312	1521	1522	1
1313	1522	1523	1
1314	1523	1524	1
1315	1524	1525	1
1316	1525	1526	1
1317	1526	1527	1
1318	1527	1528	1
1319	1528	1529	1
1320	1529	1530	1
1321	1530	1531	1
1322	1531	1532	1
1323	1532	1533	1
1324	1533	1534	1
1325	1534	1535	1
1326	1535	1536	1
1327	1536	1537	1
1328	1537	1538	1
1329	1538	1539	1
1330	1539	1540	1
1331	1540	1541	1
1332	1541	1542	1
1333	1542	1543	1
1334	1543	1544	1
1335	1544	1545	1
1336	1545	1546	1
1337	1546	1547	1
1338	1547	1548	1
1339	1548	1549	1
1340	1549	1550	1
1341	1550	1551	1
1342	1551	1552	1
1343	1552	1553	1
1344	1553	1554	1
1345	1554	1555	1
1346	1555	1556	1
1347	1556	1557	1
1348	1557	1558	1
1349	1558	1559	1
1350	1559	1560	1
1351	1560	1561	1
1352	1561	1562	1
1353	1562	1563	1
1354	1563	1564	1
1355	1564	1565	1
1356	1565	1566	1
1357	1566	1567	1
1358	1567	1568	1
1359	1568	1569	1
1360	1569	1570	1
1361	1570	1571	1
1362	1571	1572	1
1363	1572	1573	1
1364	1573	1574	1
1365	1574	1575	1
1366	1575	1576	1
1367	1576	1577	1
1368	1577	1578	1
1369	1578	1579	1
1370	1579	1580	1
1371	1580	1581	1
1372	1581	1582	1
1373	1582	1583	1
1374	1583	1584	1
1375	1584	1585	1
1376	1585	1586	1
1377	1586	1587	1
1378	1587	1588	1
1379	1588	1589	1
1380	1589	1590	1
1381	1590	1591	1
1382	1591	1592	1
1383	1592	1593	1
1384	1593	1594	1
1385	1594	1595	1
1386	1595	1596	1
1387	1596	1597	1
1388	1597	1598	1
1389	1598	1599	1
1390	1599	1600	1
1391	1600	1601	1
1392	1601	1602	1
1393	1602	1603	1
1394	1603	1604	1
1395	1604	1605	1
1396	1605	1606	1
1397	1606	1607	1
1398	1607	1608	1
1399	1608	1609	1
1400	1609	1610	1
1401	1610	1611	1
1402	1611	1612	1
1403	1612	1613	1
1404	1613	1614	1
1405	1614	1615	1
1406	1615	1616	1
1407	1616	1617	1
1408	1617	1618	1
1409	1618	1619	1
1410	1619	1620	1
1411	1620	1621	1
1412	1621	1622	1
1413	1622	1623	1
1414	1623	1624	1
1415	1624	1625	1
1416	1625	1626	1
1417	1626	1627	1
1418	1627	1628	1
1419	1628	1629	1
1420	1629	1630	1
1421	1630	1631	1
1422	1631	1632	1
1423	1632	1633	1
1424	1633	1634	1
1425	1634	1635	1
1426	1635	1636	1
1427	1636	1637	1
1428	1637	1638	1
1429	1638	1639	1
1430	1639	1640	1
1431	1640	1641	1
1432	1641	1642	1
1433	1642	1643	1
1434	1643	1644	1
1435	1644	1645	1
1436	1645	1646	1
1437	1646	1647	1
1438	1647	1648	1
1439	1648	1649	1
1440	1649	1650	1
1441	1650	1651	1
1442	1651	1652	1
1443	1652	1653	1
1444	1653	1654	1
1445	1654	1655	1
1446	1655	1656	1
1447	1656	1657	1
1448	1657	1658	1
1449	1658	1659	1
1450	1659	1660	1
1451	1660	1661	1
1452	1661	1662	1
1453	1662	1663	1
1454	1663	1664	1
1455	1664	1665	1
1456	1665	1666	1
1457	1666	1667	1
1458	1667	1668	1
1459	1668	1669	1
1460	1669	1670	1
1461	1670	1671	1
1462	1671	1672	1
1463	1672	1673	1
1464	1673	1674	1
1465	1674	1675	1
1466	1675	1676	1
1467	1676	1677	1
1468	1677	1678	1
1469	1678	1679	1
1470	1679	1680	1
1471	1680	1681	1
1472	1681	1682	1
1473	1682	1683	1
1474	1683	1684	1
1475	1684	1685	1
1476	1685	1686	1
1477	1686	1687	1
1478	1687	1688	1
1479	1688	1689	1
1480	1689	1690	1
1481	1690	1691	1
1482	1691	1692	1
1483	1692	1693	1
1484	1693	1694	1
1485	1694	1695	1
1486	1695	1696	1
1487	1696	1697	1
1488	1697	1698	1
1489	1698	1699	1
1490	1699	1700	1
1491	1700	1701	1
1492	1701	1702	1
1493	1702	1703	1
1494	1703	1704	1
1495	1704	1705	1
1496	1705	1706	1
1497	1706	1707	1
1498	1707	1708	1
1499	1708	1709	1
1500	1709	1710	1
1501	1710	1711	1
1502	1711	1712	1
1503	1712	1713	1
1504	1713	1714	1
1505	1714	1715	1
1506	1715	1716	1
1507	1716	1717	1
1508	1717	1718	1
1509	1718	1719	1
1510	1719	1720	1
1511	1720	1721	1
1512	1721	1722	1
1513	1722	1723	1
1514	1723	1724	1
1515	1724	1725	1
1516	1725	1726	1
1517	1726	1727	1
1518	1727	1728	1
1519	1728	1729	1
1520	1729	1730	1
1521	1730	1731	1
1522	1731	1732	1
1523	1732	1733	1
1524	1733	1734	1
1525	1734	1735	1
1526	1735	1736	1
1527	1736	1737	1
1528	1737	1738	1
1529	1738	1739	1
1530	1739	1740	1
1531	1740	1741	1
1532	1741	1742	1
1533	1742	1743	1
1534	1743	1744	1
1535	1744	1745	1
1536	1745	1746	1
1537	1746	1747	1
1538	1747	1748	1
1539	1748	1749	1
1540	1749	1750	1
1541	1750	1751	1
1542	1751	1752	1
1543	1752	1753	1
1544	1753	1754	1
1545	1754	1755	1
1546	1755	1756	1
1547	1756	1757	1
1548	1757	1758	1
1549	1758	1759	1
1550	1759	1760	1
1551	1760	1761	1
1552	1761	1762	1
1553	1762	1763	1
1554	1763	1764	1
1555	1764	1765	1
1556	1765	1766	1
1557	1766	1767	1
1558	1767	1768	1
1559	1768	1769	1
1560	1769	1770	1
1561	1770	1771	1
1562	1771	1772	1
1563	1772	1773	1
1564	1773	1774	1
1565	1774	1775	1
1566	1775	1776	1
1567	1776	1777	1
1568	1777	1778	1
1569	1778	1779	1
1570	1779	1780	1
1571	1780	1781	1
1572	1781	1782	1
1573	1782	1783	1
1574	1783	1784	1
1575	1784	1785	1
1576	1785	1786	1
1577	1786	1787	1
1578	1787	1788	1
1579	1788	1789	1
1580	1789	1790	1
1581	1790	1791	1
1582	1791	1792	1
1583	1792	1793	1
1584	1793	1794	1
1585	1794	1795	1
1586	1795	1796	1
1587	1796	1797	1
1588	1797	1798	1
1589	1798	1799	1
1590	1799	1800	1
1591	1800	1801	1
1592	1801	1802	1
1593	1802	1803	1
1594	1803	1804	1
1595	1804	1805	1
1596	1805	1806	1
1597	1806	1807	1
1598	1807	1808	1
1599	1808	1809	1
1600	1809	1810	1
1601	1810	1811	1
1602	1811	1812	1
1603	1812	1813	1
1604	1813	1814	1
1605	1814	1815	1
1606	1815	1816	1
1607	1816	1817	1
1608	1817	1818	1
1609	1818	1819	1
1610	1819	1820	1
1611	1820	1821	1
1612	1821	1822	1
1613	1822	1823	1
1614	1823	1824	1
1615	1824	1825	1
1616	1825	1826	1
1617	1826	1827	1
1618	1827	1828	1
1619	1828	1829	1
1620	1829	1830	1
1621	1830	1831	1
1622	1831	1832	1
1623	1832	1833	1
1624	1833	1834	1
1625	1834	1835	1
1626	1835	1836	1
1627	1836	1837	1
1628	1837	1838	1
1629	1838	1839	1
1630	1839	1840	1
1631	1840	1841	1
1632	1841	1842	1
1633	1842	1843	1
1634	1843	1844	1
1635	1844	1845	1
1636	1845	1846	1
1637	1846	1847	1
1638	1847	1848	1
1639	1848	1849	1
1640	1849	1850	1
1641	1850	1851	1
1642	1851	1852	1
1643	1852	1853	1
1644	1853	1854	1
1645	1854	1855	1
1646	1855	1856	1
1647	1856	1857	1
1648	1857	1858	1
1649	1858	1859	1
1650	1859	1860	1
1651	1860	1861	1
1652	1861	1862	1
1653	1862	1863	1
1654	1863	1864	1
1655	1864	1865	1
1656	1865	1866	1
1657	1866	1867	1
1658	1867	1868	1
1659	1868	1869	1
1660	1869	1870	1
1661	1870	1871	1
1662	1871	1872	1
1663	1872	1873	1
1664	1873	1874	1
1665	1874	1875	1
1666	1875	1876	1
1667	1876	1877	1
1668	1877	1878	1
1669	1878	1879	1
1670	1879	1880	1
1671	1880	1881	1
1672	1881	1882	1
1673	1882	1883	1
1674	1883	1884	1
1675	1884	1885	1
1676	1885	1886	1
1677	1886	1887	1
1678	1887	1888	1
1679	1888	1889	1
1680	1889	1890	1
1681	1890	1891	1
1682	1891	1892	1
1683	1892	1893	1
1684	1893	1894	1
1685	1894	1895	1
1686	1895	1896	1
1687	1896	1897	1
1688	1897	1898	1
1689	1898	1899	1
1690	1899	1900	1
1691	1900	1901	1
1692	1901	1902	1
1693	1902	1903	1
1694	1903	1904	1
1695	1904	1905	1
1696	1905	1906	1
1697	1906	1907	1
1698	1907	1908	1
1699	1908	1909	1
1700	1909	1910	1
1701	1910	1911	1
1702	1911	1912	1
1703	1912	1913	1
1704	1913	1914	1
1705	1914	1915	1
1706	1915	1916	1
1707	1916	1917	1
1708	1917	1918	1
1709	1918	1919	1
1710	1919	1920	1
1711	1920	1921	1
1712	1921	1922	1
1713	1922	1923	1
1714	1923	1924	1
1715	1924	1925	1
1716	1925	1926	1
1717	1926	1927	1
1718	1927	1928	1
1719	1928	1929	1
1720	1929	1930	1
1721	1930	1931	1
1722	1931	1932	1
1723	1932	1933	1
1724	1933	1934	1
1725	1934	1935	1
1726	1935	1936	1
1727	1936	1937	1
1728	1937	1938	1
1729	1938	1939	1
1730	1939	1940	1
1731	1940	1941	1
1732	1941	1942	1
1733	1942	1943	1
1734	1943	1944	1
1735	1944	1945	1
1736	1945	1946	1
1737	1946	1947	1
1738	1947	1948	1
1739	1948	1949	1
1740	1949	1950	1
1741	1950	1951	1
1742	1951	1952	1
1743	1952	1953	1
1744	1953	1954	1
1745	1954	1955	1
1746	1955	1956	1
1747	1956	1957	1
1748	1957	1958	1
1749	1958	1959	1
1750	1959	1960	1
1751	1960	1961	1
1752	1961	1962	1
1753	1962	1963	1
1754	1963	1964	1
1755	1964	1965	1
1756	1965	1966	1
1757	1966	1967	1
1758	1967	1968	1
1759	1968	1969	1
1760	1969	1970	1
1761	1970	1971	1
1762	1971	1972	1
1763	1972	1973	1
1764	1973	1974	1
1765	1974	1975	1
1766	1975	1976	1
1767	1976	1977	1
1768	1977	1978	1
1769	1978	1979	1
1770	1979	1980	1
1771	1980	1981	1
1772	1981	1982	1
1773	1982	1983	1
1774	1983	1984	1
1775	1984	1985	1
1776	1985	1986	1
1777	1986	1987	1
1778	1987	1988	1
1779	1988	1989	1
1780	1989	1990	1
1781	1990	1991	1
1782	1991	1992	1
1783	1992	1993	1
1784	1993	1994	1
1785	1994	1995	1
1786	1995	1996	1
1787	1996	1997	1
1788	1997	1998	1
1789	1998	1999	1
1790	1999	2000	1
1791	2000	2001	1
1792	2001	2002	1
1793	2002	2003	1
1794	2003	2004	1
1795	2004	2005	1
1796	2005	2006	1
1797	2006	2007	1
1798	2007	2008	1
1799	2008	2009	1
1800	2009	2010	1
1801	2010	2011	1
1802	2011	2012	1
1803	2012	2013	1
1804	2013	2014	1
1805	2014	2015	1
1806	2015	2016	1
1807	2016	2017	1
1808	2017	2018	1
1809	2018	2019	1
1810	2019	2020	1
1811	2020	2021	1
1812	2021	2022	1
1813	2022	2023	1
1814	2023	2024	1
1815	2024	2025	1
1816	2025	2026	1
1817	2026	2027	1
1818	2027	2028	1
1819	2028	2029	1
1820	2029	2030	1
1821	2030	2031	1
1822	2031	2032	1
1823	2032	2033	1
1824	2033	2034	1
1825	2034	2035	1
1826	2035	2036	1
1827	2036	2037	1
1828	2037	2038	1
1829	2038	2039	1
1830	2039	2040	1
1831	2040	2041	1
1832	2041	2042	1
1833	2042	2043	1
1834	2043	2044	1
1835	2044	2045	1
1836	2045	2046	1
1837	2046	2047	1
1838	2047	2048	1
1839	2048	2049	1
1840	2049	2050	1
1841	2050	2051	1
1842	2051	2052	1
1843	2052	2053	1
1844	2053	2054	1
1845	2054	2055	1
1846	2055	2056	1
1847	2056	2057	1
1848	2057	2058	1
1849	2058	2059	1
1850	2059	2060	1
1851	2060	2061	1
1852	2061	2062	1
1853	2062	2063	1
1854	2063	2064	1
1855	2064	2065	1
1856	2065	2066	1
1857	2066	2067	1
1858	2067	2068	1
1859	2068	2069	1
1860	2069	2070	1
1861	2070	2071	1
1862	2071	2072	1
1863	2072	2073	1
1864	2073	2074	1
1865	2074	2075	1
1866	2075	2076	1
1867	2076	2077	1
1868	2077	2078	1
1869	2078	2079	1
1870	2079	2080	1
1871	2080	2081	1
1872	2081	2082	1
1873	2082	2083	1
1874	2083	2084	1
1875	2084	2085	1
1876	2085	2086	1
1877	2086	2087	1
1878	2087	2088	1
1879	2088	2089	1
1880	2089	2090	1
1881	2090	2091	1
1882	2091	2092	1
1883	2092	2093	1
1884	2093	2094	1
1885	2094	2095	1
1886	2095	2096	1
1887	2096	2097	1
1888	2097	2098	1
1889	2098	2099	1
1890	2099	2100	1
1891	2100	2101	1
1892	2101	2102	1
1893	2102	2103	1
1894	2103	2104	1
1895	2104	2105	1
1896	2105	2106	1
1897	2106	2107	1
1898	2107	2108	1
1899	2108	2109	1
1900	2109	2110	1
1901	2110	2111	1
1902	2111	2112	1
1903	2112	2113	1
1904	2113	2114	1
1905	2114	2115	1
1906	2115	2116	1
1907	2116	2117	1
1908	2117	2118	1
1909	2118	2119	1
1910	2119	2120	1
1911	2120	2121	1
1912	2121	2122	1
1913	2122	2123	1
1914	2123	2124	1
1915	2124	2125	1
1916	2125	2126	1
1917	2126	2127	1
1918	2127	2128	1
1919	2128	2129	1
1920	2129	2130	1
1921	2130	2131	1
1922	2131	2132	1
1923	2132	2133	1
1924	2133	2134	1
1925	2134	2135	1
1926	2135	2136	1
1927	2136	2137	1
1928	2137	2138	1
1929	2138	2139	1
1930	2139	2140	1
1931	2140	2141	1
1932	2141	2142	1
1933	2142	2143	1
1934	2143	2144	1
1935	2144	2145	1
1936	2145	2146	1
1937	2146	2147	1
1938	2147	2148	1
1939	2148	2149	1
1940	2149	2150	1
1941	2150	2151	1
1942	2151	2152	1
1943	2152	2153	1
1944	2153	2154	1
1945	2154	2155	1
1946	2155	2156	1
1947	2156	2157	1
1948	2157	2158	1
1949	2158	2159	1
1950	2159	2160	1
1951	2160	2161	1
1952	2161	2162	1
1953	2162	2163	1
1954	2163	2164	1
1955	2164	2165	1
1956	2165	2166	1
1957	2166	2167	1
1958	2167	2168	1
1959	2168	2169	1
1960	2169	2170	1
1961	2170	2171	1
1962	2171	2172	1
1963	2172	2173	1
1964	2173	2174	1
1965	2174	2175	1
1966	2175	2176	1
1967	2176	2177	1
1968	2177	2178	1
1969	2178	2179	1
1970	2179	2180	1
1971	2180	2181	1
1972	2181	2182	1
1973	2182	2183	1
1974	2183	2184	1
1975	2184	2185	1
1976	2185	2186	1
1977	2186	2187	1
1978	2187	2188	1
1979	2188	2189	1
1980	2189	2190	1
1981	2190	2191	1
1982	2191	2192	1
1983	2192	2193	1
1984	2193	2194	1
1985	2194	2195	1
1986	2195	2196	1
1987	2196	2197	1
1988	2197	2198	1
1989	2198	2199	1
1990	2199	2200	1
1991	2200	2201	1
1992	2201	2202	1
1993	2202	2203	1
1994	2203	2204	1
1995	2204	2205	1
1996	2205	2206	1
1997	2206	2207	1
1998	2207	2208	1
1999	2208	2209	1
2000	2209	2210	1
2001	2210	2211	1
2002	2211	2212	1
2003	2212	2213	1
2004	2213	2214	1
2005	2214	2215	1
2006	2215	2216	1
2007	2216	2217	1
2008	2217	2218	1
2009	2218	2219	1
2010	2219	2220	1
2011	2220	2221	1
2012	2221	2222	1
2013	2222	2223	1
2014	2223	2224	1
2015	2224	2225	1
2016	2225	2226	1
2017	2226	2227	1
2018	2227	2228	1
2019	2228	2229	1
2020	2229	2230	1
2021	2230	2231	1
2022	2231	2232	1
2023	2232	2233	1
2024	2233	2234	1
2025	2234	2235	1
2026	2235	2236	1
2027	2236	2237	1
2028	2237	2238	1
2029	2238	2239	1
2030	2239	2240	1
2031	2240	2241	1
2032	2241	2242	1
2033	2242	2243	1
2034	2243	2244	1
2035	2244	2245	1
2036	2245	2246	1
2037	2246	2247	1
2038	2247	2248	1
2039	2248	2249	1
2040	2249	2250	1
2041	2250	2251	1
2042	2251	2252	1
2043	2252	2253	1
2044	2253	2254	1
2045	2254	2255	1
2046	2255	2256	1
2047	2256	2257	1
2048	2257	2258	1
2049	2258	2259	1
2050	2259	2260	1
2051	2260	2261	1
2052	2261	2262	1
2053	2262	2263	1
2054	2263	2264	1
2055	2264	2265	1
2056	2265	2266	1
2057	2266	2267	1
2058	2267	2268	1
2059	2268	2269	1
2060	2269	2270	1
2061	2270	2271	1
2062	2271	2272	1
2063	2272	2273	1
2064	2273	2274	1
2065	2274	2275	1
2066	2275	2276	1
2067	2276	2277	1
2068	2277	2278	1
2069	2278	2279	1
2070	2279	2280	1
2071	2280	2281	1
2072	2281	2282	1
2073	2282	2283	1
2074	2283	2284	1
2075	2284	2285	1
2076	2285	2286	1
2077	2286	2287	1
2078	2287	2288	1
2079	2288	2289	1
2080	2289	2290	1
2081	2290	2291	1
2082	2291	2292	1
2083	2292	2293	1
2084	2293	2294	1
2085	2294	2295	1
2086	2295	2296	1
2087	2296	2297	1
2088	2297	2298	1
2089	2298	2299	1
2090	2299	2300	1
2091	2300	2301	1
2092	2301	2302	1
2093	2302	2303	1
2094	2303	2304	1
2095	2304	2305	1
2096	2305	2306	1
2097	2306	2307	1
2098	2307	2308	1
2099	2308	2309	1
2100	2309	2310	1
2101	2310	2311	1
2102	2311	2312	1
2103	2312	2313	1
2104	2313	2314	1
2105	2314	2315	1
2106	2315	2316	1
2107	2316	2317	1
2108	2317	2318	1
2109	2318	2319	1
2110	2319	2320	1
2111	2320	2321	1
2112	2321	2322	1
2113	2322	2323	1
2114	2323	2324	1
2115	2324	2325	1
2116	2325	2326	1
2117	2326	2327	1
2118	2327	2328	1
2119	2328	2329	1
2120	2329	2330	1
2121	2330	2331	1
2122	2331	2332	1
2123	2332	2333	1
2124	2333	2334	1
2125	2334	2335	1
2126	2335	2336	1
2127	2336	2337	1
2128	2337	2338	1
2129	2338	2339	1
2130	2339	2340	1
2131	2340	2341	1
2132	2341	2342	1
2133	2342	2343	1
2134	2343	2344	1
2135	2344	2345	1
2136	2345	2346	1
2137	2346	2347	1
2138	2347	2348	1
2139	2348	2349	1
2140	2349	2350	1
2141	2350	2351	1
2142	2351	2352	1
2143	2352	2353	1
2144	2353	2354	1
2145	2354	2355	1
2146	2355	2356	1
2147	2356	2357	1
2148	2357	2358	1
2149	2358	2359	1
2150	2359	2360	1
2151	2360	2361	1
2152	2361	2362	1
2153	2362	2363	1
2154	2363	2364	1
2155	2364	2365	1
2156	2365	2366	1
2157	2366	2367	1
2158	2367	2368	1
2159	2368	2369	1
2160	2369	2370	1
2161	2370	2371	1
2162	2371	2372	1
2163	2372	2373	1
2164	2373	2374	1
2165	2374	2375	1
2166	2375	2376	1
2167	2376	2377	1
2168	2377	2378	1
2169	2378	2379	1
2170	2379	2380	1
2171	2380	2381	1
2172	2381	2382	1
2173	2382	2383	1
2174	2383	2384	1
2175	2384	2385	1
2176	2385	2386	1
2177	2386	2387	1
2178	2387	2388	1
2179	2388	2389	1
2180	2389	2390	1
2181	2390	2391	1
2182	2391	2392	1
2183	2392	2393	1
2184	2393	2394	1
2185	2394	2395	1
2186	2395	2396	1
2187	2396	2397	1
2188	2397	2398	1
2189	2398	2399	1
2190	2399	2400	1
2191	2400	2401	1
2192	2401	2402	1
2193	2402	2403	1
2194	2403	2404	1
2195	2404	2405	1
2196	2405	2406	1
2197	2406	2407	1
2198	2407	2408	1
2199	2408	2409	1
2200	2409	2410	1
2201	2410	2411	1
2202	2411	2412	1
2203	2412	2413	1
2204	2413	2414	1
2205	2414	2415	1
2206	2415	2416	1
2207	2416	2417	1
2208	2417	2418	1
2209	2418	2419	1
2210	2419	2420	1
2211	2420	2421	1
2212	2421	2422	1
2213	2422	2423	1
2214	2423	2424	1
2215	2424	2425	1
2216	2425	2426	1
2217	2426	2427	1
2218	2427	2428	1
2219	2428	2429	1
2220	2429	2430	1
2221	2430	2431	1
2222	2431	2432	1
2223	2432	2433	1
2224	2433	2434	1
2225	2434	2435	1
2226	2435	2436	1
2227	2436	2437	1
2228	2437	2438	1
2229	2438	2439	1
2230	2439	2440	1
2231	2440	2441	1
2232	2441	2442	1
2233	2442	2443	1
2234	2443	2444	1
2235	2444	2445	1
2236	2445	2446	1
2237	2446	2447	1
2238	2447	2448	1
2239	2448	2449	1
2240	2449	2450	1
2241	2450	2451	1
2242	2451	2452	1
2243	2452	2453	1
2244	2453	2454	1
2245	2454	2455	1
2246	2455	2456	1
2247	2456	2457	1
2248	2457	2458	1
2249	2458	2459	1
2250	2459	2460	1
2251	2460	2461	1
2252	2461	2462	1
2253	2462	2463	1
2254	2463	2464	1
2255	2464	2465	1
2256	2465	2466	1
2257	2466	2467	1
2258	2467	2468	1
2259	2468	2469	1
2260	2469	2470	1
2261	2470	2471	1
2262	2471	2472	1
2263	2472	2473	1
2264	2473	2474	1
2265	2474	2475	1
2266	2475	2476	1
2267	2476	2477	1
2268	2477	2478	1
2269	2478	2479	1
2270	2479	2480	1
2271	2480	2481	1
2272	2481	2482	1
2273	2482	2483	1
2274	2483	2484	1
2275	2484	2485	1
2276	2485	2486	1
2277	2486	2487	1
2278	2487	2488	1
2279	2488	2489	1
2280	2489	2490	1
2281	2490	2491	1
2282	2491	2492	1
2283	2492	2493	1
2284	2493	2494	1
2285	2494	2495	1
2286	2495	2496	1
2287	2496	2497	1
2288	2497	2498	1
2289	2498	2499	1
2290	2499	2501	2
2291	2501	2503	2
2292	2503	2505	2
2293	2505	2507	2
2294	2507	2509	2
2295	2509	2511	2
2296	2511	2513	2
2297	2513	2515	2
2298	2515	2517	2
2299	2517	2519	2
2300	2519	2521	2
2301	2521	2523	2
2302	2523	2525	2
2303	2525	2527	2
2304	2527	2529	2
2305	2529	2531	2
2306	2531	2533	2
2307	2533	2535	2
2308	2535	2537	2
2309	2537	2539	2
2310	2539	2541	2
2311	2541	2543	2
2312	2543	2545	2
2313	2545	2547	2
2314	2547	2549	2
2315	2549	2551	2
2316	2551	2553	2
2317	2553	2555	2
2318	2555	2557	2
2319	2557	2559	2
2320	2559	2561	2
2321	2561	2563	2
2322	2563	2565	2
2323	2565	2567	2
2324	2567	2569	2
2325	2569	2571	2
2326	2571	2573	2
2327	2573	2575	2
2328	2575	2577	2
2329	2577	2579	2
2330	2579	2581	2
2331	2581	2583	2
2332	2583	2585	2
2333	2585	2587	2
2334	2587	2589	2
2335	2589	2591	2
2336	2591	2593	2
2337	2593	2595	2
2338	2595	2597	2
2339	2597	2599	2
2340	2599	2601	2
2341	2601	2603	2
2342	2603	2605	2
2343	2605	2607	2
2344	2607	2609	2
2345	2609	2611	2
2346	2611	2613	2
2347	2613	2615	2
2348	2615	2617	2
2349	2617	2619	2
2350	2619	2621	2
2351	2621	2623	2
2352	2623	2625	2
2353	2625	2627	2
2354	2627	2629	2
2355	2629	2631	2
2356	2631	2633	2
2357	2633	2635	2
2358	2635	2637	2
2359	2637	2639	2
2360	2639	2641	2
2361	2641	2643	2
2362	2643	2645	2
2363	2645	2647	2
2364	2647	2649	2
2365	2649	2651	2
2366	2651	2653	2
2367	2653	2655	2
2368	2655	2657	2
2369	2657	2659	2
2370	2659	2661	2
2371	2661	2663	2
2372	2663	2665	2
2373	2665	2667	2
2374	2667	2669	2
2375	2669	2671	2
2376	2671	2673	2
2377	2673	2675	2
2378	2675	2677	2
2379	2677	2679	2
2380	2679	2681	2
2381	2681	2683	2
2382	2683	2685	2
2383	2685	2687	2
2384	2687	2689	2
2385	2689	2691	2
2386	2691	2693	2
2387	2693	2695	2
2388	2695	2697	2
2389	2697	2699	2
2390	2699	2701	2
2391	2701	2703	2
2392	2703	2705	2
2393	2705	2707	2
2394	2707	2709	2
2395	2709	2711	2
2396	2711	2713	2
2397	2713	2715	2
2398	2715	2717	2
2399	2717	2719	2
2400	2719	2721	2
2401	2721	2723	2
2402	2723	2725	2
2403	2725	2727	2
2404	2727	2729	2
2405	2729	2731	2
2406	2731	2733	2
2407	2733	2735	2
2408	2735	2737	2
2409	2737	2739	2
2410	2739	2741	2
2411	2741	2743	2
2412	2743	2745	2
2413	2745	2747	2
2414	2747	2749	2
2415	2749	2751	2
2416	2751	2753	2
2417	2753	2755	2
2418	2755	2757	2
2419	2757	2759	2
2420	2759	2761	2
2421	2761	2763	2
2422	2763	2765	2
2423	2765	2767	2
2424	2767	2769	2
2425	2769	2771	2
2426	2771	2773	2
2427	2773	2775	2
2428	2775	2777	2
2429	2777	2779	2
2430	2779	2781	2
2431	2781	2783	2
2432	2783	2785	2
2433	2785	2787	2
2434	2787	2789	2
2435	2789	2791	2
2436	2791	2793	2
2437	2793	2795	2
2438	2795	2797	2
2439	2797	2799	2
2440	2799	2801	2
2441	2801	2803	2
2442	2803	2805	2
2443	2805	2807	2
2444	2807	2809	2
2445	2809	2811	2
2446	2811	2813	2
2447	2813	2815	2
2448	2815	2817	2
2449	2817	2819	2
2450	2819	2821	2
2451	2821	2823	2
2452	2823	2825	2
2453	2825	2827	2
2454	2827	2829	2
2455	2829	2831	2
2456	2831	2833	2
2457	2833	2835	2
2458	2835	2837	2
2459	2837	2839	2
2460	2839	2841	2
2461	2841	2843	2
2462	2843	2845	2
2463	2845	2847	2
2464	2847	2849	2
2465	2849	2851	2
2466	2851	2853	2
2467	2853	2855	2
2468	2855	2857	2
2469	2857	2859	2
2470	2859	2861	2
2471	2861	2863	2
2472	2863	2865	2
2473	2865	2867	2
2474	2867	2869	2
2475	2869	2871	2
2476	2871	2873	2
2477	2873	2875	2
2478	2875	2877	2
2479	2877	2879	2
2480	2879	2881	2
2481	2881	2883	2
2482	2883	2885	2
2483	2885	2887	2
2484	2887	2889	2
2485	2889	2891	2
2486	2891	2893	2
2487	2893	2895	2
2488	2895	2897	2
2489	2897	2899	2
2490	2899	2901	2
2491	2901	2903	2
2492	2903	2905	2
2493	2905	2907	2
2494	2907	2909	2
2495	2909	2911	2
2496	2911	2913	2
2497	2913	2915	2
2498	2915	2917	2
2499	2917	2919	2
2500	2919	2921	2
2501	2921	2923	2
2502	2923	2925	2
2503	2925	2927	2
2504	2927	2929	2
2505	2929	2931	2
2506	2931	2933	2
2507	2933	2935	2
2508	2935	2937	2
2509	2937	2939	2
2510	2939	2941	2
2511	2941	2943	2
2512	2943	2945	2
2513	2945	2947	2
2514	2947	2949	2
2515	2949	2951	2
2516	2951	2953	2
2517	2953	2955	2
2518	2955	2957	2
2519	2957	2959	2
2520	2959	2961	2
2521	2961	2963	2
2522	2963	2965	2
2523	2965	2967	2
2524	2967	2969	2
2525	2969	2971	2
2526	2971	2973	2
2527	2973	2975	2
2528	2975	2977	2
2529	2977	2979	2
2530	2979	2981	2
2531	2981	2983	2
2532	2983	2985	2
2533	2985	2987	2
2534	2987	2989	2
2535	2989	2991	2
2536	2991	2993	2
2537	2993	2995	2
2538	2995	2997	2
2539	2997	2999	2
2540	2999	3001	2
2541	3001	3003	2
2542	3003	3005	2
2543	3005	3007	2
2544	3007	3009	2
2545	3009	3011	2
2546	3011	3013	2
2547	3013	3015	2
2548	3015	3017	2
2549	3017	3019	2
2550	3019	3021	2
2551	3021	3023	2
2552	3023	3025	2
2553	3025	3027	2
2554	3027	3029	2
2555	3029	3031	2
2556	3031	3033	2
2557	3033	3035	2
2558	3035	3037	2
2559	3037	3039	2
2560	3039	3041	2
2561	3041	3043	2
2562	3043	3045	2
2563	3045	3047	2
2564	3047	3049	2
2565	3049	3051	2
2566	3051	3053	2
2567	3053	3055	2
2568	3055	3057	2
2569	3057	3059	2
2570	3059	3061	2
2571	3061	3063	2
2572	3063	3065	2
2573	3065	3067	2
2574	3067	3069	2
2575	3069	3071	2
2576	3071	3073	2
2577	3073	3075	2
2578	3075	3077	2
2579	3077	3079	2
2580	3079	3081	2
2581	3081	3083	2
2582	3083	3085	2
2583	3085	3087	2
2584	3087	3089	2
2585	3089	3091	2
2586	3091	3093	2
2587	3093	3095	2
2588	3095	3097	2
2589	3097	3099	2
2590	3099	3101	2
2591	3101	3103	2
2592	3103	3105	2
2593	3105	3107	2
2594	3107	3109	2
2595	3109	3111	2
2596	3111	3113	2
2597	3113	3115	2
2598	3115	3117	2
2599	3117	3119	2
2600	3119	3121	2
2601	3121	3123	2
2602	3123	3125	2
2603	3125	3127	2
2604	3127	3129	2
2605	3129	3131	2
2606	3131	3133	2
2607	3133	3135	2
2608	3135	3137	2
2609	3137	3139	2
2610	3139	3141	2
2611	3141	3143	2
2612	3143	3145	2
2613	3145	3147	2
2614	3147	3149	2
2615	3149	3151	2
2616	3151	3153	2
2617	3153	3155	2
2618	3155	3157	2
2619	3157	3159	2
2620	3159	3161	2
2621	3161	3163	2
2622	3163	3165	2
2623	3165	3167	2
2624	3167	3169	2
2625	3169	3171	2
2626	3171	3173	2
2627	3173	3175	2
2628	3175	3177	2
2629	3177	3179	2
2630	3179	3181	2
2631	3181	3183	2
2632	3183	3185	2
2633	3185	3187	2
2634	3187	3189	2
2635	3189	3191	2
2636	3191	3193	2
2637	3193	3195	2
2638	3195	3197	2
2639	3197	3199	2
2640	3199	3201	2
2641	3201	3203	2
2642	3203	3205	2
2643	3205	3207	2
2644	3207	3209	2
2645	3209	3211	2
2646	3211	3213	2
2647	3213	3215	2
2648	3215	3217	2
2649	3217	3219	2
2650	3219	3221	2
2651	3221	3223	2
2652	3223	3225	2
2653	3225	3227	2
2654	3227	3229	2
2655	3229	3231	2
2656	3231	3233	2
2657	3233	3235	2
2658	3235	3237	2
2659	3237	3239	2
2660	3239	3241	2
2661	3241	3243	2
2662	3243	3245	2
2663	3245	3247	2
2664	3247	3249	2
2665	3249	3251	2
2666	3251	3253	2
2667	3253	3255	2
2668	3255	3257	2
2669	3257	3259	2
2670	3259	3261	2
2671	3261	3263	2
2672	3263	3265	2
2673	3265	3267	2
2674	3267	3269	2
2675	3269	3271	2
2676	3271	3273	2
2677	3273	3275	2
2678	3275	3277	2
2679	3277	3279	2
2680	3279	3281	2
2681	3281	3283	2
2682	3283	3285	2
2683	3285	3287	2
2684	3287	3289	2
2685	3289	3291	2
2686	3291	3293	2
2687	3293	3295	2
2688	3295	3297	2
2689	3297	3299	2
2690	3299	3301	2
2691	3301	3303	2
2692	3303	3305	2
2693	3305	3307	2
2694	3307	3309	2
2695	3309	3311	2
2696	3311	3313	2
2697	3313	3315	2
2698	3315	3317	2
2699	3317	3319	2
2700	3319	3321	2
2701	3321	3323	2
2702	3323	3325	2
2703	3325	3327	2
2704	3327	3329	2
2705	3329	3331	2
2706	3331	3333	2
2707	3333	3335	2
2708	3335	3337	2
2709	3337	3339	2
2710	3339	3341	2
2711	3341	3343	2
2712	3343	3345	2
2713	3345	3347	2
2714	3347	3349	2
2715	3349	3351	2
2716	3351	3353	2
2717	3353	3355	2
2718	3355	3357	2
2719	3357	3359	2
2720	3359	3361	2
2721	3361	3363	2
2722	3363	3365	2
2723	3365	3367	2
2724	3367	3369	2
2725	3369	3371	2
2726	3371	3373	2
2727	3373	3375	2
2728	3375	3377	2
2729	3377	3379	2
2730	3379	3381	2
2731	3381	3383	2
2732	3383	3385	2
2733	3385	3387	2
2734	3387	3389	2
2735	3389	3391	2
2736	3391	3393	2
2737	3393	3395	2
2738	3395	3397	2
2739	3397	3399	2
2740	3399	3401	2
2741	3401	3403	2
2742	3403	3405	2
2743	3405	3407	2
2744	3407	3409	2
2745	3409	3411	2
2746	3411	3413	2
2747	3413	3415	2
2748	3415	3417	2
2749	3417	3419	2
2750	3419	3421	2
2751	3421	3423	2
2752	3423	3425	2
2753	3425	3427	2
2754	3427	3429	2
2755	3429	3431	2
2756	3431	3433	2
2757	3433	3435	2
2758	3435	3437	2
2759	3437	3439	2
2760	3439	3441	2
2761	3441	3443	2
2762	3443	3445	2
2763	3445	3447	2
2764	3447	3449	2
2765	3449	3451	2
2766	3451	3453	2
2767	3453	3455	2
2768	3455	3457	2
2769	3457	3459	2
2770	3459	3461	2
2771	3461	3463	2
2772	3463	3465	2
2773	3465	3467	2
2774	3467	3469	2
2775	3469	3471	2
2776	3471	3473	2
2777	3473	3475	2
2778	3475	3477	2
2779	3477	3479	2
2780	3479	3481	2
2781	3481	3483	2
2782	3483	3485	2
2783	3485	3487	2
2784	3487	3489	2
2785	3489	3491	2
2786	3491	3493	2
2787	3493	3495	2
2788	3495	3497	2
2789	3497	3499	2
2790	3499	3501	2
2791	3501	3503	2
2792	3503	3505	2
2793	3505	3507	2
2794	3507	3509	2
2795	3509	3511	2
2796	3511	3513	2
2797	3513	3515	2
2798	3515	3517	2
2799	3517	3519	2
2800	3519	3521	2
2801	3521	3523	2
2802	3523	3525	2
2803	3525	3527	2
2804	3527	3529	2
2805	3529	3531	2
2806	3531	3533	2
2807	3533	3535	2
2808	3535	3537	2
2809	3537	3539	2
2810	3539	3541	2
2811	3541	3543	2
2812	3543	3545	2
2813	3545	3547	2
2814	3547	3549	2
2815	3549	3551	2
2816	3551	3553	2
2817	3553	3555	2
2818	3555	3557	2
2819	3557	3559	2
2820	3559	3561	2
2821	3561	3563	2
2822	3563	3565	2
2823	3565	3567	2
2824	3567	3569	2
2825	3569	3571	2
2826	3571	3573	2
2827	3573	3575	2
2828	3575	3577	2
2829	3577	3579	2
2830	3579	3581	2
2831	3581	3583	2
2832	3583	3585	2
2833	3585	3587	2
2834	3587	3589	2
2835	3589	3591	2
2836	3591	3593	2
2837	3593	3595	2
2838	3595	3597	2
2839	3597	3599	2
2840	3599	3601	2
2841	3601	3603	2
2842	3603	3605	2
2843	3605	3607	2
2844	3607	3609	2
2845	3609	3611	2
2846	3611	3613	2
2847	3613	3615	2
2848	3615	3617	2
2849	3617	3619	2
2850	3619	3621	2
2851	3621	3623	2
2852	3623	3625	2
2853	3625	3627	2
2854	3627	3629	2
2855	3629	3631	2
2856	3631	3633	2
2857	3633	3635	2
2858	3635	3637	2
2859	3637	3639	2
2860	3639	3641	2
2861	3641	3643	2
2862	3643	3645	2
2863	3645	3647	2
2864	3647	3649	2
2865	3649	3651	2
2866	3651	3653	2
2867	3653	3655	2
2868	3655	3657	2
2869	3657	3659	2
2870	3659	3661	2
2871	3661	3663	2
2872	3663	3665	2
2873	3665	3667	2
2874	3667	3669	2
2875	3669	3671	2
2876	3671	3673	2
2877	3673	3675	2
2878	3675	3677	2
2879	3677	3679	2
2880	3679	3681	2
2881	3681	3683	2
2882	3683	3685	2
2883	3685	3687	2
2884	3687	3689	2
2885	3689	3691	2
2886	3691	3693	2
2887	3693	3695	2
2888	3695	3697	2
2889	3697	3699	2
2890	3699	3701	2
2891	3701	3703	2
2892	3703	3705	2
2893	3705	3707	2
2894	3707	3709	2
2895	3709	3711	2
2896	3711	3713	2
2897	3713	3715	2
2898	3715	3717	2
2899	3717	3719	2
2900	3719	3721	2
2901	3721	3723	2
2902	3723	3725	2
2903	3725	3727	2
2904	3727	3729	2
2905	3729	3731	2
2906	3731	3733	2
2907	3733	3735	2
2908	3735	3737	2
2909	3737	3739	2
2910	3739	3741	2
2911	3741	3743	2
2912	3743	3745	2
2913	3745	3747	2
2914	3747	3749	2
2915	3749	3751	2
2916	3751	3753	2
2917	3753	3755	2
2918	3755	3757	2
2919	3757	3759	2
2920	3759	3761	2
2921	3761	3763	2
2922	3763	3765	2
2923	3765	3767	2
2924	3767	3769	2
2925	3769	3771	2
2926	3771	3773	2
2927	3773	3775	2
2928	3775	3777	2
2929	3777	3779	2
2930	3779	3781	2
2931	3781	3783	2
2932	3783	3785	2
2933	3785	3787	2
2934	3787	3789	2
2935	3789	3791	2
2936	3791	3793	2
2937	3793	3795	2
2938	3795	3797	2
2939	3797	3799	2
2940	3799	3801	2
2941	3801	3803	2
2942	3803	3805	2
2943	3805	3807	2
2944	3807	3809	2
2945	3809	3811	2
2946	3811	3813	2
2947	3813	3815	2
2948	3815	3817	2
2949	3817	3819	2
2950	3819	3821	2
2951	3821	3823	2
2952	3823	3825	2
2953	3825	3827	2
2954	3827	3829	2
2955	3829	3831	2
2956	3831	3833	2
2957	3833	3835	2
2958	3835	3837	2
2959	3837	3839	2
2960	3839	3841	2
2961	3841	3843	2
2962	3843	3845	2
2963	3845	3847	2
2964	3847	3849	2
2965	3849	3851	2
2966	3851	3853	2
2967	3853	3855	2
2968	3855	3857	2
2969	3857	3859	2
2970	3859	3861	2
2971	3861	3863	2
2972	3863	3865	2
2973	3865	3867	2
2974	3867	3869	2
2975	3869	3871	2
2976	3871	3873	2
2977	3873	3875	2
2978	3875	3877	2
2979	3877	3879	2
2980	3879	3881	2
2981	3881	3883	2
2982	3883	3885	2
2983	3885	3887	2
2984	3887	3889	2
2985	3889	3891	2
2986	3891	3893	2
2987	3893	3895	2
2988	3895	3897	2
2989	3897	3899	2
2990	3899	3901	2
2991	3901	3903	2
2992	3903	3905	2
2993	3905	3907	2
2994	3907	3909	2
2995	3909	3911	2
2996	3911	3913	2
2997	3913	3915	2
2998	3915	3917	2
2999	3917	3919	2
3000	3919	3921	2
3001	3921	3923	2
3002	3923	3925	2
3003	3925	3927	2
3004	3927	3929	2
3005	3929	3931	2
3006	3931	3933	2
3007	3933	3935	2
3008	3935	3937	2
3009	3937	3939	2
3010	3939	3941	2
3011	3941	3943	2
3012	3943	3945	2
3013	3945	3947	2
3014	3947	3949	2
3015	3949	3951	2
3016	3951	3953	2
3017	3953	3955	2
3018	3955	3957	2
3019	3957	3959	2
3020	3959	3961	2
3021	3961	3963	2
3022	3963	3965	2
3023	3965	3967	2
3024	3967	3969	2
3025	3969	3971	2
3026	3971	3973	2
3027	3973	3975	2
3028	3975	3977	2
3029	3977	3979	2
3030	3979	3981	2
3031	3981	3983	2
3032	3983	3985	2
3033	3985	3987	2
3034	3987	3989	2
3035	3989	3991	2
3036	3991	3993	2
3037	3993	3995	2
3038	3995	3997	2
3039	3997	3999	2
3040	3999	4001	2
3041	4001	4003	2
3042	4003	4005	2
3043	4005	4007	2
3044	4007	4009	2
3045	4009	4011	2
3046	4011	4013	2
3047	4013	4015	2
3048	4015	4017	2
3049	4017	4019	2
3050	4019	4021	2
3051	4021	4023	2
3052	4023	4025	2
3053	4025	4027	2
3054	4027	4029	2
3055	4029	4031	2
3056	4031	4033	2
3057	4033	4035	2
3058	4035	4037	2
3059	4037	4039	2
3060	4039	4041	2
3061	4041	4043	2
3062	4043	4045	2
3063	4045	4047	2
3064	4047	4049	2
3065	4049	4051	2
3066	4051	4053	2
3067	4053	4055	2
3068	4055	4057	2
3069	4057	4059	2
3070	4059	4061	2
3071	4061	4063	2
3072	4063	4065	2
3073	4065	4067	2
3074	4067	4069	2
3075	4069	4071	2
3076	4071	4073	2
3077	4073	4075	2
3078	4075	4077	2
3079	4077	4079	2
3080	4079	4081	2
3081	4081	4083	2
3082	4083	4085	2
3083	4085	4087	2
3084	4087	4089	2
3085	4089	4091	2
3086	4091	4093	2
3087	4093	4095	2
3088	4095	4097	2
3089	4097	4099	2
3090	4099	4101	2
3091	4101	4103	2
3092	4103	4105	2
3093	4105	4107	2
3094	4107	4109	2
3095	4109	4111	2
3096	4111	4113	2
3097	4113	4115	2
3098	4115	4117	2
3099	4117	4119	2
3100	4119	4121	2
3101	4121	4123	2
3102	4123	4125	2
3103	4125	4127	2
3104	4127	4129	2
3105	4129	4131	2
3106	4131	4133	2
3107	4133	4135	2
3108	4135	4137	2
3109	4137	4139	2
3110	4139	4141	2
3111	4141	4143	2
3112	4143	4145	2
3113	4145	4147	2
3114	4147	4149	2
3115	4149	4151	2
3116	4151	4153	2
3117	4153	4155	2
3118	4155	4157	2
3119	4157	4159	2
3120	4159	4161	2
3121	4161	4163	2
3122	4163	4165	2
3123	4165	4167	2
3124	4167	4169	2
3125	4169	4171	2
3126	4171	4173	2
3127	4173	4175	2
3128	4175	4177	2
3129	4177	4179	2
3130	4179	4181	2
3131	4181	4183	2
3132	4183	4185	2
3133	4185	4187	2
3134	4187	4189	2
3135	4189	4191	2
3136	4191	4193	2
3137	4193	4195	2
3138	4195	4197	2
3139	4197	4199	2
3140	4199	4201	2
3141	4201	4203	2
3142	4203	4205	2
3143	4205	4207	2
3144	4207	4209	2
3145	4209	4211	2
3146	4211	4213	2
3147	4213	4215	2
3148	4215	4217	2
3149	4217	4219	2
3150	4219	4221	2
3151	4221	4223	2
3152	4223	4225	2
3153	4225	4227	2
3154	4227	4229	2
3155	4229	4231	2
3156	4231	4233	2
3157	4233	4235	2
3158	4235	4237	2
3159	4237	4239	2
3160	4239	4241	2
3161	4241	4243	2
3162	4243	4245	2
3163	4245	4247	2
3164	4247	4249	2
3165	4249	4251	2
3166	4251	4253	2
3167	4253	4255	2
3168	4255	4257	2
3169	4257	4259	2
3170	4259	4261	2
3171	4261	4263	2
3172	4263	4265	2
3173	4265	4267	2
3174	4267	4269	2
3175	4269	4271	2
3176	4271	4273	2
3177	4273	4275	2
3178	4275	4277	2
3179	4277	4279	2
3180	4279	4281	2
3181	4281	4283	2
3182	4283	4285	2
3183	4285	4287	2
3184	4287	4289	2
3185	4289	4291	2
3186	4291	4293	2
3187	4293	4295	2
3188	4295	4297	2
3189	4297	4299	2
3190	4299	4301	2
3191	4301	4303	2
3192	4303	4305	2
3193	4305	4307	2
3194	4307	4309	2
3195	4309	4311	2
3196	4311	4313	2
3197	4313	4315	2
3198	4315	4317	2
3199	4317	4319	2
3200	4319	4321	2
3201	4321	4323	2
3202	4323	4325	2
3203	4325	4327	2
3204	4327	4329	2
3205	4329	4331	2
3206	4331	4333	2
3207	4333	4335	2
3208	4335	4337	2
3209	4337	4339	2
3210	4339	4341	2
3211	4341	4343	2
3212	4343	4345	2
3213	4345	4347	2
3214	4347	4349	2
3215	4349	4351	2
3216	4351	4353	2
3217	4353	4355	2
3218	4355	4357	2
3219	4357	4359	2
3220	4359	4361	2
3221	4361	4363	2
3222	4363	4365	2
3223	4365	4367	2
3224	4367	4369	2
3225	4369	4371	2
3226	4371	4373	2
3227	4373	4375	2
3228	4375	4377	2
3229	4377	4379	2
3230	4379	4381	2
3231	4381	4383	2
3232	4383	4385	2
3233	4385	4387	2
3234	4387	4389	2
3235	4389	4391	2
3236	4391	4393	2
3237	4393	4395	2
3238	4395	4397	2
3239	4397	4399	2
3240	4399	4401	2
3241	4401	4403	2
3242	4403	4405	2
3243	4405	4407	2
3244	4407	4409	2
3245	4409	4411	2
3246	4411	4413	2
3247	4413	4415	2
3248	4415	4417	2
3249	4417	4419	2
3250	4419	4421	2
3251	4421	4423	2
3252	4423	4425	2
3253	4425	4427	2
3254	4427	4429	2
3255	4429	4431	2
3256	4431	4433	2
3257	4433	4435	2
3258	4435	4437	2
3259	4437	4439	2
3260	4439	4441	2
3261	4441	4443	2
3262	4443	4445	2
3263	4445	4447	2
3264	4447	4449	2
3265	4449	4451	2
3266	4451	4453	2
3267	4453	4455	2
3268	4455	4457	2
3269	4457	4459	2
3270	4459	4461	2
3271	4461	4463	2
3272	4463	4465	2
3273	4465	4467	2
3274	4467	4469	2
3275	4469	4471	2
3276	4471	4473	2
3277	4473	4475	2
3278	4475	4477	2
3279	4477	4479	2
3280	4479	4481	2
3281	4481	4483	2
3282	4483	4485	2
3283	4485	4487	2
3284	4487	4489	2
3285	4489	4491	2
3286	4491	4493	2
3287	4493	4495	2
3288	4495	4497	2
3289	4497	4499	2
3290	4499	4501	2
3291	4501	4503	2
3292	4503	4505	2
3293	4505	4507	2
3294	4507	4509	2
3295	4509	4511	2
3296	4511	4513	2
3297	4513	4515	2
3298	4515	4517	2
3299	4517	4519	2
3300	4519	4521	2
3301	4521	4523	2
3302	4523	4525	2
3303	4525	4527	2
3304	4527	4529	2
3305	4529	4531	2
3306	4531	4533	2
3307	4533	4535	2
3308	4535	4537	2
3309	4537	4539	2
3310	4539	4541	2
3311	4541	4543	2
3312	4543	4545	2
3313	4545	4547	2
3314	4547	4549	2
3315	4549	4551	2
3316	4551	4553	2
3317	4553	4555	2
3318	4555	4557	2
3319	4557	4559	2
3320	4559	4561	2
3321	4561	4563	2
3322	4563	4565	2
3323	4565	4567	2
3324	4567	4569	2
3325	4569	4571	2
3326	4571	4573	2
3327	4573	4575	2
3328	4575	4577	2
3329	4577	4579	2
3330	4579	4581	2
3331	4581	4583	2
3332	4583	4585	2
3333	4585	4587	2
3334	4587	4589	2
3335	4589	4591	2
3336	4591	4593	2
3337	4593	4595	2
3338	4595	4597	2
3339	4597	4599	2
3340	4599	4601	2
3341	4601	4603	2
3342	4603	4605	2
3343	4605	4607	2
3344	4607	4609	2
3345	4609	4611	2
3346	4611	4613	2
3347	4613	4615	2
3348	4615	4617	2
3349	4617	4619	2
3350	4619	4621	2
3351	4621	4623	2
3352	4623	4625	2
3353	4625	4627	2
3354	4627	4629	2
3355	4629	4631	2
3356	4631	4633	2
3357	4633	4635	2
3358	4635	4637	2
3359	4637	4639	2
3360	4639	4641	2
3361	4641	4643	2
3362	4643	4645	2
3363	4645	4647	2
3364	4647	4649	2
3365	4649	4651	2
3366	4651	4653	2
3367	4653	4655	2
3368	4655	4657	2
3369	4657	4659	2
3370	4659	4661	2
3371	4661	4663	2
3372	4663	4665	2
3373	4665	4667	2
3374	4667	4669	2
3375	4669	4671	2
3376	4671	4673	2
3377	4673	4675	2
3378	4675	4677	2
3379	4677	4679	2
3380	4679	4681	2
3381	4681	4683	2
3382	4683	4685	2
3383	4685	4687	2
3384	4687	4689	2
3385	4689	4691	2
3386	4691	4693	2
3387	4693	4695	2
3388	4695	4697	2
3389	4697	4699	2
3390	4699	4701	2
3391	4701	4703	2
3392	4703	4705	2
3393	4705	4707	2
3394	4707	4709	2
3395	4709	4711	2
3396	4711	4713	2
3397	4713	4715	2
3398	4715	4717	2
3399	4717	4719	2
3400	4719	4721	2
3401	4721	4723	2
3402	4723	4725	2
3403	4725	4727	2
3404	4727	4729	2
3405	4729	4731	2
3406	4731	4733	2
3407	4733	4735	2
3408	4735	4737	2
3409	4737	4739	2
3410	4739	4741	2
3411	4741	4743	2
3412	4743	4745	2
3413	4745	4747	2
3414	4747	4749	2
3415	4749	4751	2
3416	4751	4753	2
3417	4753	4755	2
3418	4755	4757	2
3419	4757	4759	2
3420	4759	4761	2
3421	4761	4763	2
3422	4763	4765	2
3423	4765	4767	2
3424	4767	4769	2
3425	4769	4771	2
3426	4771	4773	2
3427	4773	4775	2
3428	4775	4777	2
3429	4777	4779	2
3430	4779	4781	2
3431	4781	4783	2
3432	4783	4785	2
3433	4785	4787	2
3434	4787	4789	2
3435	4789	4791	2
3436	4791	4793	2
3437	4793	4795	2
3438	4795	4797	2
3439	4797	4799	2
3440	4799	4801	2
3441	4801	4803	2
3442	4803	4805	2
3443	4805	4807	2
3444	4807	4809	2
3445	4809	4811	2
3446	4811	4813	2
3447	4813	4815	2
3448	4815	4817	2
3449	4817	4819	2
3450	4819	4821	2
3451	4821	4823	2
3452	4823	4825	2
3453	4825	4827	2
3454	4827	4829	2
3455	4829	4831	2
3456	4831	4833	2
3457	4833	4835	2
3458	4835	4837	2
3459	4837	4839	2
3460	4839	4841	2
3461	4841	4843	2
3462	4843	4845	2
3463	4845	4847	2
3464	4847	4849	2
3465	4849	4851	2
3466	4851	4853	2
3467	4853	4855	2
3468	4855	4857	2
3469	4857	4859	2
3470	4859	4861	2
3471	4861	4863	2
3472	4863	4865	2
3473	4865	4867	2
3474	4867	4869	2
3475	4869	4871	2
3476	4871	4873	2
3477	4873	4875	2
3478	4875	4877	2
3479	4877	4879	2
3480	4879	4881	2
3481	4881	4883	2
3482	4883	4885	2
3483	4885	4887	2
3484	4887	4889	2
3485	4889	4891	2
3486	4891	4893	2
3487	4893	4895	2
3488	4895	4897	2
3489	4897	4899	2
3490	4899	4902	3
3491	4902	4905	3
3492	4905	4908	3
3493	4908	4911	3
3494	4911	4914	3
3495	4914	4917	3
3496	4917	4920	3
3497	4920	4923	3
3498	4923	4926	3
3499	4926	4929	3
3500	4929	4932	3
3501	4932	4935	3
3502	4935	4938	3
3503	4938	4941	3
3504	4941	4944	3
3505	4944	4947	3
3506	4947	4950	3
3507	4950	4953	3
3508	4953	4956	3
3509	4956	4959	3
3510	4959	4962	3
3511	4962	4965	3
3512	4965	4968	3
3513	4968	4971	3
3514	4971	4974	3
3515	4974	4977	3
3516	4977	4980	3
3517	4980	4983	3
3518	4983	4986	3
3519	4986	4989	3
3520	4989	4992	3
3521	4992	4995	3
3522	4995	4998	3
3523	4998	5001	3
3524	5001	5004	3
3525	5004	5007	3
3526	5007	5010	3
3527	5010	5013	3
3528	5013	5016	3
3529	5016	5019	3
3530	5019	5022	3
3531	5022	5025	3
3532	5025	5028	3
3533	5028	5031	3
3534	5031	5034	3
3535	5034	5037	3
3536	5037	5040	3
3537	5040	5043	3
3538	5043	5046	3
3539	5046	5049	3
3540	5049	5052	3
3541	5052	5055	3
3542	5055	5058	3
3543	5058	5061	3
3544	5061	5064	3
3545	5064	5067	3
3546	5067	5070	3
3547	5070	5073	3
3548	5073	5076	3
3549	5076	5079	3
3550	5079	5082	3
3551	5082	5085	3
3552	5085	5088	3
3553	5088	5091	3
3554	5091	5094	3
3555	5094	5097	3
3556	5097	5100	3
3557	5100	5103	3
3558	5103	5106	3
3559	5106	5109	3
3560	5109	5112	3
3561	5112	5115	3
3562	5115	5118	3
3563	5118	5121	3
3564	5121	5124	3
3565	5124	5127	3
3566	5127	5130	3
3567	5130	5133	3
3568	5133	5136	3
3569	5136	5139	3
3570	5139	5142	3
3571	5142	5145	3
3572	5145	5148	3
3573	5148	5151	3
3574	5151	5154	3
3575	5154	5157	3
3576	5157	5160	3
3577	5160	5163	3
3578	5163	5166	3
3579	5166	5169	3
3580	5169	5172	3
3581	5172	5175	3
3582	5175	5178	3
3583	5178	5181	3
3584	5181	5184	3
3585	5184	5187	3
3586	5187	5190	3
3587	5190	5193	3
3588	5193	5196	3
3589	5196	5199	3
3590	5199	5202	3
3591	5202	5205	3
3592	5205	5208	3
3593	5208	5211	3
3594	5211	5214	3
3595	5214	5217	3
3596	5217	5220	3
3597	5220	5223	3
3598	5223	5226	3
3599	5226	5229	3
3600	5229	5232	3
3601	5232	5235	3
3602	5235	5238	3
3603	5238	5241	3
3604	5241	5244	3
3605	5244	5247	3
3606	5247	5250	3
3607	5250	5253	3
3608	5253	5256	3
3609	5256	5259	3
3610	5259	5262	3
3611	5262	5265	3
3612	5265	5268	3
3613	5268	5271	3
3614	5271	5274	3
3615	5274	5277	3
3616	5277	5280	3
3617	5280	5283	3
3618	5283	5286	3
3619	5286	5289	3
3620	5289	5292	3
3621	5292	5295	3
3622	5295	5298	3
3623	5298	5301	3
3624	5301	5304	3
3625	5304	5307	3
3626	5307	5310	3
3627	5310	5313	3
3628	5313	5316	3
3629	5316	5319	3
3630	5319	5322	3
3631	5322	5325	3
3632	5325	5328	3
3633	5328	5331	3
3634	5331	5334	3
3635	5334	5337	3
3636	5337	5340	3
3637	5340	5343	3
3638	5343	5346	3
3639	5346	5349	3
3640	5349	5352	3
3641	5352	5355	3
3642	5355	5358	3
3643	5358	5361	3
3644	5361	5364	3
3645	5364	5367	3
3646	5367	5370	3
3647	5370	5373	3
3648	5373	5376	3
3649	5376	5379	3
3650	5379	5382	3
3651	5382	5385	3
3652	5385	5388	3
3653	5388	5391	3
3654	5391	5394	3
3655	5394	5397	3
3656	5397	5400	3
3657	5400	5403	3
3658	5403	5406	3
3659	5406	5409	3
3660	5409	5412	3
3661	5412	5415	3
3662	5415	5418	3
3663	5418	5421	3
3664	5421	5424	3
3665	5424	5427	3
3666	5427	5430	3
3667	5430	5433	3
3668	5433	5436	3
3669	5436	5439	3
3670	5439	5442	3
3671	5442	5445	3
3672	5445	5448	3
3673	5448	5451	3
3674	5451	5454	3
3675	5454	5457	3
3676	5457	5460	3
3677	5460	5463	3
3678	5463	5466	3
3679	5466	5469	3
3680	5469	5472	3
3681	5472	5475	3
3682	5475	5478	3
3683	5478	5481	3
3684	5481	5484	3
3685	5484	5487	3
3686	5487	5490	3
3687	5490	5493	3
3688	5493	5496	3
3689	5496	5499	3
3690	5499	5502	3
3691	5502	5505	3
3692	5505	5508	3
3693	5508	5511	3
3694	5511	5514	3
3695	5514	5517	3
3696	5517	5520	3
3697	5520	5523	3
3698	5523	5526	3
3699	5526	5529	3
3700	5529	5532	3
3701	5532	5535	3
3702	5535	5538	3
3703	5538	5541	3
3704	5541	5544	3
3705	5544	5547	3
3706	5547	5550	3
3707	5550	5553	3
3708	5553	5556	3
3709	5556	5559	3
3710	5559	5562	3
3711	5562	5565	3
3712	5565	5568	3
3713	5568	5571	3
3714	5571	5574	3
3715	5574	5577	3
3716	5577	5580	3
3717	5580	5583	3
3718	5583	5586	3
3719	5586	5589	3
3720	5589	5592	3
3721	5592	5595	3
3722	5595	5598	3
3723	5598	5601	3
3724	5601	5604	3
3725	5604	5607	3
3726	5607	5610	3
3727	5610	5613	3
3728	5613	5616	3
3729	5616	5619	3
3730	5619	5622	3
3731	5622	5625	3
3732	5625	5628	3
3733	5628	5631	3
3734	5631	5634	3
3735	5634	5637	3
3736	5637	5640	3
3737	5640	5643	3
3738	5643	5646	3
3739	5646	5649	3
3740	5649	5652	3
3741	5652	5655	3
3742	5655	5658	3
3743	5658	5661	3
3744	5661	5664	3
3745	5664	5667	3
3746	5667	5670	3
3747	5670	5673	3
3748	5673	5676	3
3749	5676	5679	3
3750	5679	5682	3
3751	5682	5685	3
3752	5685	5688	3
3753	5688	5691	3
3754	5691	5694	3
3755	5694	5697	3
3756	5697	5700	3
3757	5700	5703	3
3758	5703	5706	3
3759	5706	5709	3
3760	5709	5712	3
3761	5712	5715	3
3762	5715	5718	3
3763	5718	5721	3
3764	5721	5724	3
3765	5724	5727	3
3766	5727	5730	3
3767	5730	5733	3
3768	5733	5736	3
3769	5736	5739	3
3770	5739	5742	3
3771	5742	5745	3
3772	5745	5748	3
3773	5748	5751	3
3774	5751	5754	3
3775	5754	5757	3
3776	5757	5760	3
3777	5760	5763	3
3778	5763	5766	3
3779	5766	5769	3
3780	5769	5772	3
3781	5772	5775	3
3782	5775	5778	3
3783	5778	5781	3
3784	5781	5784	3
3785	5784	5787	3
3786	5787	5790	3
3787	5790	5793	3
3788	5793	5796	3
3789	5796	5799	3
3790	5799	5802	3
3791	5802	5805	3
3792	5805	5808	3
3793	5808	5811	3
3794	5811	5814	3
3795	5814	5817	3
3796	5817	5820	3
3797	5820	5823	3
3798	5823	5826	3
3799	5826	5829	3
3800	5829	5832	3
3801	5832	5835	3
3802	5835	5838	3
3803	5838	5841	3
3804	5841	5844	3
3805	5844	5847	3
3806	5847	5850	3
3807	5850	5853	3
3808	5853	5856	3
3809	5856	5859	3
3810	5859	5862	3
3811	5862	5865	3
3812	5865	5868	3
3813	5868	5871	3
3814	5871	5874	3
3815	5874	5877	3
3816	5877	5880	3
3817	5880	5883	3
3818	5883	5886	3
3819	5886	5889	3
3820	5889	5892	3
3821	5892	5895	3
3822	5895	5898	3
3823	5898	5901	3
3824	5901	5904	3
3825	5904	5907	3
3826	5907	5910	3
3827	5910	5913	3
3828	5913	5916	3
3829	5916	5919	3
3830	5919	5922	3
3831	5922	5925	3
3832	5925	5928	3
3833	5928	5931	3
3834	5931	5934	3
3835	5934	5937	3
3836	5937	5940	3
3837	5940	5943	3
3838	5943	5946	3
3839	5946	5949	3
3840	5949	5952	3
3841	5952	5955	3
3842	5955	5958	3
3843	5958	5961	3
3844	5961	5964	3
3845	5964	5967	3
3846	5967	5970	3
3847	5970	5973	3
3848	5973	5976	3
3849	5976	5979	3
3850	5979	5982	3
3851	5982	5985	3
3852	5985	5988	3
3853	5988	5991	3
3854	5991	5994	3
3855	5994	5997	3
3856	5997	6000	3
3857	6000	6003	3
3858	6003	6006	3
3859	6006	6009	3
3860	6009	6012	3
3861	6012	6015	3
3862	6015	6018	3
3863	6018	6021	3
3864	6021	6024	3
3865	6024	6027	3
3866	6027	6030	3
3867	6030	6033	3
3868	6033	6036	3
3869	6036	6039	3
3870	6039	6042	3
3871	6042	6045	3
3872	6045	6048	3
3873	6048	6051	3
3874	6051	6054	3
3875	6054	6057	3
3876	6057	6060	3
3877	6060	6063	3
3878	6063	6066	3
3879	6066	6069	3
3880	6069	6072	3
3881	6072	6075	3
3882	6075	6078	3
3883	6078	6081	3
3884	6081	6084	3
3885	6084	6087	3
3886	6087	6090	3
3887	6090	6093	3
3888	6093	6096	3
3889	6096	6099	3
3890	6099	6102	3
3891	6102	6105	3
3892	6105	6108	3
3893	6108	6111	3
3894	6111	6114	3
3895	6114	6117	3
3896	6117	6120	3
3897	6120	6123	3
3898	6123	6126	3
3899	6126	6129	3
3900	6129	6132	3
3901	6132	6135	3
3902	6135	6138	3
3903	6138	6141	3
3904	6141	6144	3
3905	6144	6147	3
3906	6147	6150	3
3907	6150	6153	3
3908	6153	6156	3
3909	6156	6159	3
3910	6159	6162	3
3911	6162	6165	3
3912	6165	6168	3
3913	6168	6171	3
3914	6171	6174	3
3915	6174	6177	3
3916	6177	6180	3
3917	6180	6183	3
3918	6183	6186	3
3919	6186	6189	3
3920	6189	6192	3
3921	6192	6195	3
3922	6195	6198	3
3923	6198	6201	3
3924	6201	6204	3
3925	6204	6207	3
3926	6207	6210	3
3927	6210	6213	3
3928	6213	6216	3
3929	6216	6219	3
3930	6219	6222	3
3931	6222	6225	3
3932	6225	6228	3
3933	6228	6231	3
3934	6231	6234	3
3935	6234	6237	3
3936	6237	6240	3
3937	6240	6243	3
3938	6243	6246	3
3939	6246	6249	3
3940	6249	6252	3
3941	6252	6255	3
3942	6255	6258	3
3943	6258	6261	3
3944	6261	6264	3
3945	6264	6267	3
3946	6267	6270	3
3947	6270	6273	3
3948	6273	6276	3
3949	6276	6279	3
3950	6279	6282	3
3951	6282	6285	3
3952	6285	6288	3
3953	6288	6291	3
3954	6291	6294	3
3955	6294	6297	3
3956	6297	6300	3
3957	6300	6303	3
3958	6303	6306	3
3959	6306	6309	3
3960	6309	6312	3
3961	6312	6315	3
3962	6315	6318	3
3963	6318	6321	3
3964	6321	6324	3
3965	6324	6327	3
3966	6327	6330	3
3967	6330	6333	3
3968	6333	6336	3
3969	6336	6339	3
3970	6339	6342	3
3971	6342	6345	3
3972	6345	6348	3
3973	6348	6351	3
3974	6351	6354	3
3975	6354	6357	3
3976	6357	6360	3
3977	6360	6363	3
3978	6363	6366	3
3979	6366	6369	3
3980	6369	6372	3
3981	6372	6375	3
3982	6375	6378	3
3983	6378	6381	3
3984	6381	6384	3
3985	6384	6387	3
3986	6387	6390	3
3987	6390	6393	3
3988	6393	6396	3
3989	6396	6399	3
3990	6399	6402	3
3991	6402	6405	3
3992	6405	6408	3
3993	6408	6411	3
3994	6411	6414	3
3995	6414	6417	3
3996	6417	6420	3
3997	6420	6423	3
3998	6423	6426	3
3999	6426	6429	3
4000	6429	6432	3
4001	6432	6435	3
4002	6435	6438	3
4003	6438	6441	3
4004	6441	6444	3
4005	6444	6447	3
4006	6447	6450	3
4007	6450	6453	3
4008	6453	6456	3
4009	6456	6459	3
4010	6459	6462	3
4011	6462	6465	3
4012	6465	6468	3
4013	6468	6471	3
4014	6471	6474	3
4015	6474	6477	3
4016	6477	6480	3
4017	6480	6483	3
4018	6483	6486	3
4019	6486	6489	3
4020	6489	6492	3
4021	6492	6495	3
4022	6495	6498	3
4023	6498	6501	3
4024	6501	6504	3
4025	6504	6507	3
4026	6507	6510	3
4027	6510	6513	3
4028	6513	6516	3
4029	6516	6519	3
4030	6519	6522	3
4031	6522	6525	3
4032	6525	6528	3
4033	6528	6531	3
4034	6531	6534	3
4035	6534	6537	3
4036	6537	6540	3
4037	6540	6543	3
4038	6543	6546	3
4039	6546	6549	3
4040	6549	6552	3
4041	6552	6555	3
4042	6555	6558	3
4043	6558	6561	3
4044	6561	6564	3
4045	6564	6567	3
4046	6567	6570	3
4047	6570	6573	3
4048	6573	6576	3
4049	6576	6579	3
4050	6579	6582	3
4051	6582	6585	3
4052	6585	6588	3
4053	6588	6592	4
4054	6592	6596	4
4055	6596	6600	4
4056	6600	6604	4
4057	6604	6608	4
4058	6608	6612	4
4059	6612	6616	4
4060	6616	6620	4
4061	6620	6624	4
4062	6624	6628	4
4063	6628	6632	4
4064	6632	6636	4
4065	6636	6640	4
4066	6640	6644	4
4067	6644	6648	4
4068	6648	6652	4
4069	6652	6656	4
4070	6656	6660	4
4071	6660	6664	4
4072	6664	6668	4
4073	6668	6672	4
4074	6672	6676	4
4075	6676	6680	4
4076	6680	6684	4
4077	6684	6688	4
4078	6688	6692	4
4079	6692	6696	4
4080	6696	6700	4
4081	6700	6704	4
4082	6704	6708	4
4083	6708	6712	4
4084	6712	6716	4
4085	6716	6720	4
4086	6720	6724	4
4087	6724	6728	4
4088	6728	6732	4
4089	6732	6736	4
4090	6736	6740	4
4091	6740	6744	4
4092	6744	6748	4
4093	6748	6752	4
4094	6752	6756	4
4095	6756	6760	4
4096	6760	6764	4
4097	6764	6768	4
4098	6768	6772	4
4099	6772	6776	4
4100	6776	6780	4
4101	6780	6784	4
4102	6784	6788	4
4103	6788	6792	4
4104	6792	6796	4
4105	6796	6800	4
4106	6800	6804	4
4107	6804	6808	4
4108	6808	6812	4
4109	6812	6816	4
4110	6816	6820	4
4111	6820	6824	4
4112	6824	6828	4
4113	6828	6832	4
4114	6832	6836	4
4115	6836	6840	4
4116	6840	6844	4
4117	6844	6848	4
4118	6848	6852	4
4119	6852	6856	4
4120	6856	6860	4
4121	6860	6864	4
4122	6864	6868	4
4123	6868	6872	4
4124	6872	6876	4
4125	6876	6880	4
4126	6880	6884	4
4127	6884	6888	4
4128	6888	6892	4
4129	6892	6896	4
4130	6896	6900	4
4131	6900	6904	4
4132	6904	6908	4
4133	6908	6912	4
4134	6912	6916	4
4135	6916	6920	4
4136	6920	6924	4
4137	6924	6928	4
4138	6928	6932	4
4139	6932	6936	4
4140	6936	6940	4
4141	6940	6944	4
4142	6944	6948	4
4143	6948	6952	4
4144	6952	6956	4
4145	6956	6960	4
4146	6960	6964	4
4147	6964	6968	4
4148	6968	6972	4
4149	6972	6976	4
4150	6976	6980	4
4151	6980	6984	4
4152	6984	6988	4
4153	6988	6992	4
4154	6992	6996	4
4155	6996	7000	4
4156	7000	7004	4
4157	7004	7008	4
4158	7008	7012	4
4159	7012	7016	4
4160	7016	7020	4
4161	7020	7024	4
4162	7024	7028	4
4163	7028	7032	4
4164	7032	7036	4
4165	7036	7040	4
4166	7040	7044	4
4167	7044	7048	4
4168	7048	7052	4
4169	7052	7056	4
4170	7056	7060	4
4171	7060	7064	4
4172	7064	7068	4
4173	7068	7072	4
4174	7072	7076	4
4175	7076	7080	4
4176	7080	7084	4
4177	7084	7088	4
4178	7088	7092	4
4179	7092	7096	4
4180	7096	7100	4
4181	7100	7104	4
4182	7104	7108	4
4183	7108	7112	4
4184	7112	7116	4
4185	7116	7120	4
4186	7120	7124	4
4187	7124	7128	4
4188	7128	7132	4
4189	7132	7136	4
4190	7136	7140	4
4191	7140	7144	4
4192	7144	7148	4
4193	7148	7152	4
4194	7152	7156	4
4195	7156	7160	4
4196	7160	7164	4
4197	7164	7168	4
4198	7168	7172	4
4199	7172	7176	4
4200	7176	7180	4
4201	7180	7184	4
4202	7184	7188	4
4203	7188	7192	4
4204	7192	7196	4
4205	7196	7200	4
4206	7200	7204	4
4207	7204	7208	4
4208	7208	7212	4
4209	7212	7216	4
4210	7216	7220	4
4211	7220	7224	4
4212	7224	7228	4
4213	7228	7232	4
4214	7232	7236	4
4215	7236	7240	4
4216	7240	7244	4
4217	7244	7248	4
4218	7248	7252	4
4219	7252	7256	4
4220	7256	7260	4
4221	7260	7264	4
4222	7264	7268	4
4223	7268	7272	4
4224	7272	7276	4
4225	7276	7280	4
4226	7280	7284	4
4227	7284	7288	4
4228	7288	7292	4
4229	7292	7296	4
4230	7296	7300	4
4231	7300	7304	4
4232	7304	7308	4
4233	7308	7312	4
4234	7312	7316	4
4235	7316	7320	4
4236	7320	7324	4
4237	7324	7328	4
4238	7328	7332	4
4239	7332	7336	4
4240	7336	7340	4
4241	7340	7344	4
4242	7344	7348	4
4243	7348	7352	4
4244	7352	7356	4
4245	7356	7360	4
4246	7360	7364	4
4247	7364	7368	4
4248	7368	7372	4
4249	7372	7376	4
4250	7376	7380	4
4251	7380	7384	4
4252	7384	7388	4
4253	7388	7392	4
4254	7392	7396	4
4255	7396	7400	4
4256	7400	7404	4
4257	7404	7408	4
4258	7408	7412	4
4259	7412	7416	4
4260	7416	7420	4
4261	7420	7424	4
4262	7424	7428	4
4263	7428	7432	4
4264	7432	7436	4
4265	7436	7440	4
4266	7440	7444	4
4267	7444	7448	4
4268	7448	7452	4
4269	7452	7456	4
4270	7456	7460	4
4271	7460	7464	4
4272	7464	7468	4
4273	7468	7472	4
4274	7472	7476	4
4275	7476	7480	4
4276	7480	7484	4
4277	7484	7488	4
4278	7488	7492	4
4279	7492	7496	4
4280	7496	7500	4
4281	7500	7504	4
4282	7504	7508	4
4283	7508	7512	4
4284	7512	7516	4
4285	7516	7520	4
4286	7520	7524	4
4287	7524	7528	4
4288	7528	7532	4
4289	7532	7536	4
4290	7536	7540	4
4291	7540	7544	4
4292	7544	7548	4
4293	7548	7552	4
4294	7552	7556	4
4295	7556	7560	4
4296	7560	7564	4
4297	7564	7568	4
4298	7568	7572	4
4299	7572	7576	4
4300	7576	7580	4
4301	7580	7584	4
4302	7584	7588	4
4303	7588	7592	4
4304	7592	7596	4
4305	7596	7600	4
4306	7600	7604	4
4307	7604	7608	4
4308	7608	7612	4
4309	7612	7616	4
4310	7616	7620	4
4311	7620	7624	4
4312	7624	7628	4
4313	7628	7632	4
4314	7632	7636	4
4315	7636	7640	4
4316	7640	7644	4
4317	7644	7648	4
4318	7648	7652	4
4319	7652	7656	4
4320	7656	7660	4
4321	7660	7664	4
4322	7664	7668	4
4323	7668	7672	4
4324	7672	7676	4
4325	7676	7680	4
4326	7680	7684	4
4327	7684	7688	4
4328	7688	7692	4
4329	7692	7696	4
4330	7696	7700	4
4331	7700	7704	4
4332	7704	7708	4
4333	7708	7712	4
4334	7712	7716	4
4335	7716	7720	4
4336	7720	7724	4
4337	7724	7728	4
4338	7728	7732	4
4339	7732	7736	4
4340	7736	7740	4
4341	7740	7744	4
4342	7744	7748	4
4343	7748	7752	4
4344	7752	7756	4
4345	7756	7760	4
4346	7760	7764	4
4347	7764	7768	4
4348	7768	7772	4
4349	7772	7776	4
4350	7776	7780	4
4351	7780	7784	4
4352	7784	7788	4
4353	7788	7792	4
4354	7792	7796	4
4355	7796	7800	4
4356	7800	7804	4
4357	7804	7808	4
4358	7808	7812	4
4359	7812	7816	4
4360	7816	7820	4
4361	7820	7824	4
4362	7824	7828	4
4363	7828	7832	4
4364	7832	7836	4
4365	7836	7840	4
4366	7840	7844	4
4367	7844	7848	4
4368	7848	7852	4
4369	7852	7856	4
4370	7856	7860	4
4371	7860	7864	4
4372	7864	7868	4
4373	7868	7872	4
4374	7872	7876	4
4375	7876	7880	4
4376	7880	7885	5
4377	7885	7890	5
4378	7890	7895	5
4379	7895	7900	5
4380	7900	7905	5
4381	7905	7910	5
4382	7910	7915	5
4383	7915	7920	5
4384	7920	7925	5
4385	7925	7930	5
4386	7930	7935	5
4387	7935	7940	5
4388	7940	7945	5
4389	7945	7950	5
4390	7950	7955	5
4391	7955	7960	5
4392	7960	7965	5
4393	7965	7970	5
4394	7970	7975	5
4395	7975	7980	5
4396	7980	7985	5
4397	7985	7990	5
4398	7990	7995	5
4399	7995	8000	5
4400	8000	8005	5
4401	8005	8010	5
4402	8010	8015	5
4403	8015	8020	5
4404	8020	8025	5
4405	8025	8030	5
4406	8030	8035	5
4407	8035	8040	5
4408	8040	8045	5
4409	8045	8050	5
4410	8050	8055	5
4411	8055	8060	5
4412	8060	8065	5
4413	8065	8070	5
4414	8070	8075	5
4415	8075	8080	5
4416	8080	8085	5
4417	8085	8090	5
4418	8090	8095	5
4419	8095	8100	5
4420	8100	8105	5
4421	8105	8110	5
4422	8110	8115	5
4423	8115	8120	5
4424	8120	8125	5
4425	8125	8130	5
4426	8130	8135	5
4427	8135	8140	5
4428	8140	8145	5
4429	8145	8150	5
4430	8150	8155	5
4431	8155	8160	5
4432	8160	8165	5
4433	8165	8170	5
4434	8170	8175	5
4435	8175	8180	5
4436	8180	8185	5
4437	8185	8190	5
4438	8190	8195	5
4439	8195	8200	5
4440	8200	8205	5
4441	8205	8210	5
4442	8210	8215	5
4443	8215	8220	5
4444	8220	8225	5
4445	8225	8230	5
4446	8230	8235	5
4447	8235	8240	5
4448	8240	8245	5
4449	8245	8250	5
4450	8250	8255	5
4451	8255	8260	5
4452	8260	8265	5
4453	8265	8270	5
4454	8270	8275	5
4455	8275	8280	5
4456	8280	8285	5
4457	8285	8290	5
4458	8290	8295	5
4459	8295	8300	5
4460	8300	8305	5
4461	8305	8310	5
4462	8310	8315	5
4463	8315	8320	5
4464	8320	8325	5
4465	8325	8330	5
4466	8330	8335	5
4467	8335	8340	5
4468	8340	8345	5
4469	8345	8350	5
4470	8350	8355	5
4471	8355	8360	5
4472	8360	8365	5
4473	8365	8370	5
4474	8370	8375	5
4475	8375	8380	5
4476	8380	8385	5
4477	8385	8390	5
4478	8390	8395	5
4479	8395	8400	5
4480	8400	8405	5
4481	8405	8410	5
4482	8410	8415	5
4483	8415	8420	5
4484	8420	8425	5
4485	8425	8430	5
4486	8430	8435	5
4487	8435	8440	5
4488	8440	8445	5
4489	8445	8450	5
4490	8450	8455	5
4491	8455	8460	5
4492	8460	8465	5
4493	8465	8470	5
4494	8470	8475	5
4495	8475	8480	5
4496	8480	8485	5
4497	8485	8490	5
4498	8490	8495	5
4499	8495	8500	5
4500	8500	8505	5
4501	8505	8510	5
4502	8510	8515	5
4503	8515	8520	5
4504	8520	8525	5
4505	8525	8530	5
4506	8530	8535	5
4507	8535	8540	5
4508	8540	8545	5
4509	8545	8550	5
4510	8550	8555	5
4511	8555	8560	5
4512	8560	8565	5
4513	8565	8570	5
4514	8570	8575	5
4515	8575	8580	5
4516	8580	8585	5
4517	8585	8590	5
4518	8590	8595	5
4519	8595	8600	5
4520	8600	8605	5
4521	8605	8610	5
4522	8610	8615	5
4523	8615	8620	5
4524	8620	8625	5
4525	8625	8630	5
4526	8630	8635	5
4527	8635	8640	5
4528	8640	8645	5
4529	8645	8650	5
4530	8650	8655	5
4531	8655	8660	5
4532	8660	8665	5
4533	8665	8670	5
4534	8670	8675	5
4535	8675	8680	5
4536	8680	8685	5
4537	8685	8690	5
4538	8690	8695	5
4539	8695	8700	5
4540	8700	8705	5
4541	8705	8710	5
4542	8710	8715	5
4543	8715	8720	5
4544	8720	8725	5
4545	8725	8730	5
4546	8730	8735	5
4547	8735	8740	5
4548	8740	8745	5
4549	8745	8750	5
4550	8750	8755	5
4551	8755	8760	5
4552	8760	8765	5
4553	8765	8770	5
4554	8770	8775	5
4555	8775	8780	5
4556	8780	8785	5
4557	8785	8790	5
4558	8790	8795	5
4559	8795	8800	5
4560	8800	8805	5
4561	8805	8810	5
4562	8810	8815	5
4563	8815	8820	5
4564	8820	8825	5
4565	8825	8830	5
4566	8830	8835	5
4567	8835	8840	5
4568	8840	8845	5
4569	8845	8850	5
4570	8850	8855	5
4571	8855	8860	5
4572	8860	8865	5
4573	8865	8870	5
4574	8870	8875	5
4575	8875	8880	5
4576	8880	8885	5
4577	8885	8890	5
4578	8890	8895	5
4579	8895	8900	5
4580	8900	8905	5
4581	8905	8910	5
4582	8910	8915	5
4583	8915	8920	5
4584	8920	8925	5
4585	8925	8930	5
4586	8930	8935	5
4587	8935	8940	5
4588	8940	8945	5
4589	8945	8950	5
4590	8950	8955	5
4591	8955	8960	5
4592	8960	8965	5
4593	8965	8970	5
4594	8970	8975	5
4595	8975	8980	5
4596	8980	8985	5
4597	8985	8990	5
4598	8990	8995	5
4599	8995	9000	5
4600	9000	9005	5
4601	9005	9010	5
4602	9010	9015	5
4603	9015	9020	5
4604	9020	9025	5
4605	9025	9030	5
4606	9030	9035	5
4607	9035	9040	5
4608	9040	9045	5
4609	9045	9050	5
4610	9050	9055	5
4611	9055	9060	5
4612	9060	9065	5
4613	9065	9070	5
4614	9070	9075	5
4615	9075	9080	5
4616	9080	9085	5
4617	9085	9090	5
4618	9090	9095	5
4619	9095	9100	5
4620	9100	9105	5
4621	9105	9110	5
4622	9110	9115	5
4623	9115	9120	5
4624	9120	9126	6
4625	9126	9132	6
4626	9132	9138	6
4627	9138	9144	6
4628	9144	9150	6
4629	9150	9156	6
4630	9156	9162	6
4631	9162	9168	6
4632	9168	9174	6
4633	9174	9180	6
4634	9180	9186	6
4635	9186	9192	6
4636	9192	9198	6
4637	9198	9204	6
4638	9204	9210	6
4639	9210	9216	6
4640	9216	9222	6
4641	9222	9228	6
4642	9228	9234	6
4643	9234	9240	6
4644	9240	9246	6
4645	9246	9252	6
4646	9252	9258	6
4647	9258	9264	6
4648	9264	9270	6
4649	9270	9276	6
4650	9276	9282	6
4651	9282	9288	6
4652	9288	9294	6
4653	9294	9300	6
4654	9300	9306	6
4655	9306	9312	6
4656	9312	9318	6
4657	9318	9324	6
4658	9324	9330	6
4659	9330	9336	6
4660	9336	9342	6
4661	9342	9348	6
4662	9348	9354	6
4663	9354	9360	6
4664	9360	9366	6
4665	9366	9372	6
4666	9372	9378	6
4667	9378	9384	6
4668	9384	9390	6
4669	9390	9396	6
4670	9396	9402	6
4671	9402	9408	6
4672	9408	9414	6
4673	9414	9420	6
4674	9420	9426	6
4675	9426	9432	6
4676	9432	9438	6
4677	9438	9444	6
4678	9444	9450	6
4679	9450	9456	6
4680	9456	9462	6
4681	9462	9468	6
4682	9468	9474	6
4683	9474	9480	6
4684	9480	9486	6
4685	9486	9492	6
4686	9492	9498	6
4687	9498	9504	6
4688	9504	9510	6
4689	9510	9516	6
4690	9516	9522	6
4691	9522	9528	6
4692	9528	9534	6
4693	9534	9540	6
4694	9540	9546	6
4695	9546	9552	6
4696	9552	9558	6
4697	9558	9564	6
4698	9564	9570	6
4699	9570	9576	6
4700	9576	9582	6
4701	9582	9588	6
4702	9588	9594	6
4703	9594	9600	6
4704	9600	9606	6
4705	9606	9612	6
4706	9612	9618	6
4707	9618	9624	6
4708	9624	9630	6
4709	9630	9636	6
4710	9636	9642	6
4711	9642	9648	6
4712	9648	9654	6
4713	9654	9660	6
4714	9660	9666	6
4715	9666	9672	6
4716	9672	9678	6
4717	9678	9684	6
4718	9684	9690	6
4719	9690	9696	6
4720	9696	9702	6
4721	9702	9708	6
4722	9708	9714	6
4723	9714	9720	6
4724	9720	9726	6
4725	9726	9732	6
4726	9732	9738	6
4727	9738	9744	6
4728	9744	9750	6
4729	9750	9756	6
4730	9756	9762	6
4731	9762	9768	6
4732	9768	9774	6
4733	9774	9780	6
4734	9780	9786	6
4735	9786	9792	6
4736	9792	9798	6
4737	9798	9804	6
4738	9804	9810	6
4739	9810	9816	6
4740	9816	9822	6
4741	9822	9828	6
4742	9828	9834	6
4743	9834	9840	6
4744	9840	9846	6
4745	9846	9852	6
4746	9852	9858	6
4747	9858	9864	6
4748	9864	9870	6
4749	9870	9876	6
4750	9876	9882	6
4751	9882	9888	6
4752	9888	9894	6
4753	9894	9900	6
4754	9900	9906	6
4755	9906	9912	6
4756	9912	9918	6
4757	9918	9924	6
4758	9924	9930	6
4759	9930	9936	6
4760	9936	9942	6
4761	9942	9948	6
4762	9948	9954	6
4763	9954	9960	6
4764	9960	9966	6
4765	9966	9972	6
4766	9972	9978	6
4767	9978	9984	6
4768	9984	9990	6
4769	9990	9996	6
4770	9996	10003	7
4771	10003	10010	7
4772	10010	10017	7
4773	10017	10024	7
4774	10024	10031	7
4775	10031	10038	7
4776	10038	10045	7
4777	10045	10052	7
4778	10052	10059	7
4779	10059	10066	7
4780	10066	10073	7
4781	10073	10080	7
4782	10080	10087	7
4783	10087	10094	7
4784	10094	10101	7
4785	10101	10108	7
4786	10108	10115	7
4787	10115	10122	7
4788	10122	10129	7
4789	10129	10136	7
4790	10136	10143	7
4791	10143	10150	7
4792	10150	10157	7
4793	10157	10164	7
4794	10164	10171	7
4795	10171	10178	7
4796	10178	10185	7
4797	10185	10192	7
4798	10192	10199	7
4799	10199	10206	7
