#
#N Pointing	tstart	tend	Obs time
#		s
1	210	211	1
2	211	212	1
3	212	213	1
4	213	214	1
5	214	215	1
6	215	216	1
7	216	217	1
8	217	218	1
9	218	219	1
10	219	220	1
11	220	221	1
12	221	222	1
13	222	223	1
14	223	224	1
15	224	225	1
16	225	226	1
17	226	227	1
18	227	228	1
19	228	229	1
20	229	230	1
21	230	231	1
22	231	232	1
23	232	233	1
24	233	234	1
25	234	235	1
26	235	236	1
27	236	237	1
28	237	238	1
29	238	239	1
30	239	240	1
31	240	241	1
32	241	242	1
33	242	243	1
34	243	244	1
35	244	245	1
36	245	246	1
37	246	247	1
38	247	248	1
39	248	249	1
40	249	250	1
41	250	251	1
42	251	252	1
43	252	253	1
44	253	254	1
45	254	255	1
46	255	256	1
47	256	257	1
48	257	258	1
49	258	259	1
50	259	260	1
51	260	261	1
52	261	262	1
53	262	263	1
54	263	264	1
55	264	265	1
56	265	266	1
57	266	267	1
58	267	268	1
59	268	269	1
60	269	270	1
61	270	271	1
62	271	272	1
63	272	273	1
64	273	274	1
65	274	275	1
66	275	276	1
67	276	277	1
68	277	278	1
69	278	279	1
70	279	280	1
71	280	281	1
72	281	282	1
73	282	283	1
74	283	284	1
75	284	285	1
76	285	286	1
77	286	287	1
78	287	288	1
79	288	289	1
80	289	290	1
81	290	291	1
82	291	292	1
83	292	293	1
84	293	294	1
85	294	295	1
86	295	296	1
87	296	297	1
88	297	298	1
89	298	299	1
90	299	300	1
91	300	301	1
92	301	302	1
93	302	303	1
94	303	304	1
95	304	305	1
96	305	306	1
97	306	307	1
98	307	308	1
99	308	309	1
100	309	310	1
101	310	311	1
102	311	312	1
103	312	313	1
104	313	314	1
105	314	315	1
106	315	316	1
107	316	317	1
108	317	318	1
109	318	319	1
110	319	320	1
111	320	321	1
112	321	322	1
113	322	323	1
114	323	324	1
115	324	325	1
116	325	326	1
117	326	327	1
118	327	328	1
119	328	329	1
120	329	330	1
121	330	331	1
122	331	332	1
123	332	333	1
124	333	334	1
125	334	335	1
126	335	336	1
127	336	337	1
128	337	338	1
129	338	339	1
130	339	340	1
131	340	341	1
132	341	342	1
133	342	343	1
134	343	344	1
135	344	345	1
136	345	346	1
137	346	347	1
138	347	348	1
139	348	349	1
140	349	350	1
141	350	351	1
142	351	352	1
143	352	353	1
144	353	354	1
145	354	355	1
146	355	356	1
147	356	357	1
148	357	358	1
149	358	359	1
150	359	360	1
151	360	361	1
152	361	362	1
153	362	363	1
154	363	364	1
155	364	365	1
156	365	366	1
157	366	367	1
158	367	368	1
159	368	369	1
160	369	370	1
161	370	371	1
162	371	372	1
163	372	373	1
164	373	374	1
165	374	375	1
166	375	376	1
167	376	377	1
168	377	378	1
169	378	379	1
170	379	380	1
171	380	381	1
172	381	382	1
173	382	383	1
174	383	384	1
175	384	385	1
176	385	386	1
177	386	387	1
178	387	388	1
179	388	389	1
180	389	390	1
181	390	391	1
182	391	392	1
183	392	393	1
184	393	394	1
185	394	395	1
186	395	396	1
187	396	397	1
188	397	398	1
189	398	399	1
190	399	400	1
191	400	401	1
192	401	402	1
193	402	403	1
194	403	404	1
195	404	405	1
196	405	406	1
197	406	407	1
198	407	408	1
199	408	409	1
200	409	410	1
201	410	411	1
202	411	412	1
203	412	413	1
204	413	414	1
205	414	415	1
206	415	416	1
207	416	417	1
208	417	418	1
209	418	419	1
210	419	420	1
211	420	421	1
212	421	422	1
213	422	423	1
214	423	424	1
215	424	425	1
216	425	426	1
217	426	427	1
218	427	428	1
219	428	429	1
220	429	430	1
221	430	431	1
222	431	432	1
223	432	433	1
224	433	434	1
225	434	435	1
226	435	436	1
227	436	437	1
228	437	438	1
229	438	439	1
230	439	440	1
231	440	441	1
232	441	442	1
233	442	443	1
234	443	444	1
235	444	445	1
236	445	446	1
237	446	447	1
238	447	448	1
239	448	449	1
240	449	450	1
241	450	451	1
242	451	452	1
243	452	453	1
244	453	454	1
245	454	455	1
246	455	456	1
247	456	457	1
248	457	458	1
249	458	459	1
250	459	460	1
251	460	461	1
252	461	462	1
253	462	463	1
254	463	464	1
255	464	465	1
256	465	466	1
257	466	467	1
258	467	468	1
259	468	469	1
260	469	470	1
261	470	471	1
262	471	472	1
263	472	473	1
264	473	474	1
265	474	475	1
266	475	476	1
267	476	477	1
268	477	478	1
269	478	479	1
270	479	480	1
271	480	481	1
272	481	482	1
273	482	483	1
274	483	484	1
275	484	485	1
276	485	486	1
277	486	487	1
278	487	488	1
279	488	489	1
280	489	490	1
281	490	491	1
282	491	492	1
283	492	493	1
284	493	494	1
285	494	495	1
286	495	496	1
287	496	497	1
288	497	498	1
289	498	499	1
290	499	500	1
291	500	501	1
292	501	502	1
293	502	503	1
294	503	504	1
295	504	505	1
296	505	506	1
297	506	507	1
298	507	508	1
299	508	509	1
300	509	510	1
301	510	511	1
302	511	512	1
303	512	513	1
304	513	514	1
305	514	515	1
306	515	516	1
307	516	517	1
308	517	518	1
309	518	519	1
310	519	520	1
311	520	521	1
312	521	522	1
313	522	523	1
314	523	524	1
315	524	525	1
316	525	526	1
317	526	527	1
318	527	528	1
319	528	529	1
320	529	530	1
321	530	531	1
322	531	532	1
323	532	533	1
324	533	534	1
325	534	535	1
326	535	536	1
327	536	537	1
328	537	538	1
329	538	539	1
330	539	540	1
331	540	541	1
332	541	542	1
333	542	543	1
334	543	544	1
335	544	545	1
336	545	546	1
337	546	547	1
338	547	548	1
339	548	549	1
340	549	550	1
341	550	551	1
342	551	552	1
343	552	553	1
344	553	554	1
345	554	555	1
346	555	556	1
347	556	557	1
348	557	558	1
349	558	559	1
350	559	560	1
351	560	561	1
352	561	562	1
353	562	563	1
354	563	564	1
355	564	565	1
356	565	566	1
357	566	567	1
358	567	568	1
359	568	569	1
360	569	570	1
361	570	571	1
362	571	572	1
363	572	573	1
364	573	574	1
365	574	575	1
366	575	576	1
367	576	577	1
368	577	578	1
369	578	579	1
370	579	580	1
371	580	581	1
372	581	582	1
373	582	583	1
374	583	584	1
375	584	585	1
376	585	586	1
377	586	587	1
378	587	588	1
379	588	589	1
380	589	590	1
381	590	591	1
382	591	592	1
383	592	593	1
384	593	594	1
385	594	595	1
386	595	596	1
387	596	597	1
388	597	598	1
389	598	599	1
390	599	600	1
391	600	601	1
392	601	602	1
393	602	603	1
394	603	604	1
395	604	605	1
396	605	606	1
397	606	607	1
398	607	608	1
399	608	609	1
400	609	610	1
401	610	611	1
402	611	612	1
403	612	613	1
404	613	614	1
405	614	615	1
406	615	616	1
407	616	617	1
408	617	618	1
409	618	619	1
410	619	620	1
411	620	621	1
412	621	622	1
413	622	623	1
414	623	624	1
415	624	625	1
416	625	626	1
417	626	627	1
418	627	628	1
419	628	629	1
420	629	630	1
421	630	631	1
422	631	632	1
423	632	633	1
424	633	634	1
425	634	635	1
426	635	636	1
427	636	637	1
428	637	638	1
429	638	639	1
430	639	640	1
431	640	641	1
432	641	642	1
433	642	643	1
434	643	644	1
435	644	645	1
436	645	646	1
437	646	647	1
438	647	648	1
439	648	649	1
440	649	650	1
441	650	651	1
442	651	652	1
443	652	653	1
444	653	654	1
445	654	655	1
446	655	656	1
447	656	657	1
448	657	658	1
449	658	659	1
450	659	660	1
451	660	661	1
452	661	662	1
453	662	663	1
454	663	664	1
455	664	665	1
456	665	666	1
457	666	667	1
458	667	668	1
459	668	669	1
460	669	670	1
461	670	671	1
462	671	672	1
463	672	673	1
464	673	674	1
465	674	675	1
466	675	676	1
467	676	677	1
468	677	678	1
469	678	679	1
470	679	680	1
471	680	681	1
472	681	682	1
473	682	683	1
474	683	684	1
475	684	685	1
476	685	686	1
477	686	687	1
478	687	688	1
479	688	689	1
480	689	690	1
481	690	691	1
482	691	692	1
483	692	693	1
484	693	694	1
485	694	695	1
486	695	696	1
487	696	697	1
488	697	698	1
489	698	699	1
490	699	700	1
491	700	701	1
492	701	702	1
493	702	703	1
494	703	704	1
495	704	705	1
496	705	706	1
497	706	707	1
498	707	708	1
499	708	709	1
500	709	710	1
501	710	711	1
502	711	712	1
503	712	713	1
504	713	714	1
505	714	715	1
506	715	716	1
507	716	717	1
508	717	718	1
509	718	719	1
510	719	720	1
511	720	721	1
512	721	722	1
513	722	723	1
514	723	724	1
515	724	725	1
516	725	726	1
517	726	727	1
518	727	728	1
519	728	729	1
520	729	730	1
521	730	731	1
522	731	732	1
523	732	733	1
524	733	734	1
525	734	735	1
526	735	736	1
527	736	737	1
528	737	738	1
529	738	739	1
530	739	740	1
531	740	741	1
532	741	742	1
533	742	743	1
534	743	744	1
535	744	745	1
536	745	746	1
537	746	747	1
538	747	748	1
539	748	749	1
540	749	750	1
541	750	751	1
542	751	752	1
543	752	753	1
544	753	754	1
545	754	755	1
546	755	756	1
547	756	757	1
548	757	758	1
549	758	759	1
550	759	760	1
551	760	761	1
552	761	762	1
553	762	763	1
554	763	764	1
555	764	765	1
556	765	766	1
557	766	767	1
558	767	768	1
559	768	769	1
560	769	770	1
561	770	771	1
562	771	772	1
563	772	773	1
564	773	774	1
565	774	775	1
566	775	776	1
567	776	777	1
568	777	778	1
569	778	779	1
570	779	780	1
571	780	781	1
572	781	782	1
573	782	783	1
574	783	784	1
575	784	785	1
576	785	786	1
577	786	787	1
578	787	788	1
579	788	789	1
580	789	790	1
581	790	791	1
582	791	792	1
583	792	793	1
584	793	794	1
585	794	795	1
586	795	796	1
587	796	797	1
588	797	798	1
589	798	799	1
590	799	800	1
591	800	801	1
592	801	802	1
593	802	803	1
594	803	804	1
595	804	805	1
596	805	806	1
597	806	807	1
598	807	808	1
599	808	809	1
600	809	810	1
601	810	811	1
602	811	812	1
603	812	813	1
604	813	814	1
605	814	815	1
606	815	816	1
607	816	817	1
608	817	818	1
609	818	819	1
610	819	820	1
611	820	821	1
612	821	822	1
613	822	823	1
614	823	824	1
615	824	825	1
616	825	826	1
617	826	827	1
618	827	828	1
619	828	829	1
620	829	830	1
621	830	831	1
622	831	832	1
623	832	833	1
624	833	834	1
625	834	835	1
626	835	836	1
627	836	837	1
628	837	838	1
629	838	839	1
630	839	840	1
631	840	841	1
632	841	842	1
633	842	843	1
634	843	844	1
635	844	845	1
636	845	846	1
637	846	847	1
638	847	848	1
639	848	849	1
640	849	850	1
641	850	851	1
642	851	852	1
643	852	853	1
644	853	854	1
645	854	855	1
646	855	856	1
647	856	857	1
648	857	858	1
649	858	859	1
650	859	860	1
651	860	861	1
652	861	862	1
653	862	863	1
654	863	864	1
655	864	865	1
656	865	866	1
657	866	867	1
658	867	868	1
659	868	869	1
660	869	870	1
661	870	871	1
662	871	872	1
663	872	873	1
664	873	874	1
665	874	875	1
666	875	876	1
667	876	877	1
668	877	878	1
669	878	879	1
670	879	880	1
671	880	881	1
672	881	882	1
673	882	883	1
674	883	884	1
675	884	885	1
676	885	886	1
677	886	887	1
678	887	888	1
679	888	889	1
680	889	890	1
681	890	891	1
682	891	892	1
683	892	893	1
684	893	894	1
685	894	895	1
686	895	896	1
687	896	897	1
688	897	898	1
689	898	899	1
690	899	900	1
691	900	901	1
692	901	902	1
693	902	903	1
694	903	904	1
695	904	905	1
696	905	906	1
697	906	907	1
698	907	908	1
699	908	909	1
700	909	910	1
701	910	911	1
702	911	912	1
703	912	913	1
704	913	914	1
705	914	915	1
706	915	916	1
707	916	917	1
708	917	918	1
709	918	919	1
710	919	920	1
711	920	921	1
712	921	922	1
713	922	923	1
714	923	924	1
715	924	925	1
716	925	926	1
717	926	927	1
718	927	928	1
719	928	929	1
720	929	930	1
721	930	931	1
722	931	932	1
723	932	933	1
724	933	934	1
725	934	935	1
726	935	936	1
727	936	937	1
728	937	938	1
729	938	939	1
730	939	940	1
731	940	941	1
732	941	942	1
733	942	943	1
734	943	944	1
735	944	945	1
736	945	946	1
737	946	947	1
738	947	948	1
739	948	949	1
740	949	950	1
741	950	951	1
742	951	952	1
743	952	953	1
744	953	954	1
745	954	955	1
746	955	956	1
747	956	957	1
748	957	958	1
749	958	959	1
750	959	960	1
751	960	961	1
752	961	962	1
753	962	963	1
754	963	964	1
755	964	965	1
756	965	966	1
757	966	967	1
758	967	968	1
759	968	969	1
760	969	970	1
761	970	971	1
762	971	972	1
763	972	973	1
764	973	974	1
765	974	975	1
766	975	976	1
767	976	977	1
768	977	978	1
769	978	979	1
770	979	980	1
771	980	981	1
772	981	982	1
773	982	983	1
774	983	984	1
775	984	985	1
776	985	986	1
777	986	987	1
778	987	988	1
779	988	989	1
780	989	990	1
781	990	991	1
782	991	992	1
783	992	993	1
784	993	994	1
785	994	995	1
786	995	996	1
787	996	997	1
788	997	998	1
789	998	999	1
790	999	1000	1
791	1000	1001	1
792	1001	1002	1
793	1002	1003	1
794	1003	1004	1
795	1004	1005	1
796	1005	1006	1
797	1006	1007	1
798	1007	1008	1
799	1008	1009	1
800	1009	1010	1
801	1010	1011	1
802	1011	1012	1
803	1012	1013	1
804	1013	1014	1
805	1014	1015	1
806	1015	1016	1
807	1016	1017	1
808	1017	1018	1
809	1018	1019	1
810	1019	1020	1
811	1020	1021	1
812	1021	1022	1
813	1022	1023	1
814	1023	1024	1
815	1024	1025	1
816	1025	1026	1
817	1026	1027	1
818	1027	1028	1
819	1028	1029	1
820	1029	1030	1
821	1030	1031	1
822	1031	1032	1
823	1032	1033	1
824	1033	1034	1
825	1034	1035	1
826	1035	1036	1
827	1036	1037	1
828	1037	1038	1
829	1038	1039	1
830	1039	1040	1
831	1040	1041	1
832	1041	1042	1
833	1042	1043	1
834	1043	1044	1
835	1044	1045	1
836	1045	1046	1
837	1046	1047	1
838	1047	1048	1
839	1048	1049	1
840	1049	1050	1
841	1050	1051	1
842	1051	1052	1
843	1052	1053	1
844	1053	1054	1
845	1054	1055	1
846	1055	1056	1
847	1056	1057	1
848	1057	1058	1
849	1058	1059	1
850	1059	1060	1
851	1060	1061	1
852	1061	1062	1
853	1062	1063	1
854	1063	1064	1
855	1064	1065	1
856	1065	1066	1
857	1066	1067	1
858	1067	1068	1
859	1068	1069	1
860	1069	1070	1
861	1070	1071	1
862	1071	1072	1
863	1072	1073	1
864	1073	1074	1
865	1074	1075	1
866	1075	1076	1
867	1076	1077	1
868	1077	1078	1
869	1078	1079	1
870	1079	1080	1
871	1080	1081	1
872	1081	1082	1
873	1082	1083	1
874	1083	1084	1
875	1084	1085	1
876	1085	1086	1
877	1086	1087	1
878	1087	1088	1
879	1088	1089	1
880	1089	1090	1
881	1090	1091	1
882	1091	1092	1
883	1092	1093	1
884	1093	1094	1
885	1094	1095	1
886	1095	1096	1
887	1096	1097	1
888	1097	1098	1
889	1098	1099	1
890	1099	1100	1
891	1100	1101	1
892	1101	1102	1
893	1102	1103	1
894	1103	1104	1
895	1104	1105	1
896	1105	1106	1
897	1106	1107	1
898	1107	1108	1
899	1108	1109	1
900	1109	1110	1
901	1110	1111	1
902	1111	1112	1
903	1112	1113	1
904	1113	1114	1
905	1114	1115	1
906	1115	1116	1
907	1116	1117	1
908	1117	1118	1
909	1118	1119	1
910	1119	1120	1
911	1120	1121	1
912	1121	1122	1
913	1122	1123	1
914	1123	1124	1
915	1124	1125	1
916	1125	1126	1
917	1126	1127	1
918	1127	1128	1
919	1128	1129	1
920	1129	1130	1
921	1130	1131	1
922	1131	1132	1
923	1132	1133	1
924	1133	1134	1
925	1134	1135	1
926	1135	1136	1
927	1136	1137	1
928	1137	1138	1
929	1138	1139	1
930	1139	1140	1
931	1140	1141	1
932	1141	1142	1
933	1142	1143	1
934	1143	1144	1
935	1144	1145	1
936	1145	1146	1
937	1146	1147	1
938	1147	1148	1
939	1148	1149	1
940	1149	1150	1
941	1150	1151	1
942	1151	1152	1
943	1152	1153	1
944	1153	1154	1
945	1154	1155	1
946	1155	1156	1
947	1156	1157	1
948	1157	1158	1
949	1158	1159	1
950	1159	1160	1
951	1160	1161	1
952	1161	1162	1
953	1162	1163	1
954	1163	1164	1
955	1164	1165	1
956	1165	1166	1
957	1166	1167	1
958	1167	1168	1
959	1168	1169	1
960	1169	1170	1
961	1170	1171	1
962	1171	1172	1
963	1172	1173	1
964	1173	1174	1
965	1174	1175	1
966	1175	1176	1
967	1176	1177	1
968	1177	1178	1
969	1178	1179	1
970	1179	1180	1
971	1180	1181	1
972	1181	1182	1
973	1182	1183	1
974	1183	1184	1
975	1184	1185	1
976	1185	1186	1
977	1186	1187	1
978	1187	1188	1
979	1188	1189	1
980	1189	1190	1
981	1190	1191	1
982	1191	1192	1
983	1192	1193	1
984	1193	1194	1
985	1194	1195	1
986	1195	1196	1
987	1196	1197	1
988	1197	1198	1
989	1198	1199	1
990	1199	1200	1
991	1200	1201	1
992	1201	1202	1
993	1202	1203	1
994	1203	1204	1
995	1204	1205	1
996	1205	1206	1
997	1206	1207	1
998	1207	1208	1
999	1208	1209	1
1000	1209	1210	1
1001	1210	1211	1
1002	1211	1212	1
1003	1212	1213	1
1004	1213	1214	1
1005	1214	1215	1
1006	1215	1216	1
1007	1216	1217	1
1008	1217	1218	1
1009	1218	1219	1
1010	1219	1220	1
1011	1220	1221	1
1012	1221	1222	1
1013	1222	1223	1
1014	1223	1224	1
1015	1224	1225	1
1016	1225	1226	1
1017	1226	1227	1
1018	1227	1228	1
1019	1228	1229	1
1020	1229	1230	1
1021	1230	1231	1
1022	1231	1232	1
1023	1232	1233	1
1024	1233	1234	1
1025	1234	1235	1
1026	1235	1236	1
1027	1236	1237	1
1028	1237	1238	1
1029	1238	1239	1
1030	1239	1240	1
1031	1240	1241	1
1032	1241	1242	1
1033	1242	1243	1
1034	1243	1244	1
1035	1244	1245	1
1036	1245	1246	1
1037	1246	1247	1
1038	1247	1248	1
1039	1248	1249	1
1040	1249	1250	1
1041	1250	1251	1
1042	1251	1252	1
1043	1252	1253	1
1044	1253	1254	1
1045	1254	1255	1
1046	1255	1256	1
1047	1256	1257	1
1048	1257	1258	1
1049	1258	1259	1
1050	1259	1260	1
1051	1260	1261	1
1052	1261	1262	1
1053	1262	1263	1
1054	1263	1264	1
1055	1264	1265	1
1056	1265	1266	1
1057	1266	1267	1
1058	1267	1268	1
1059	1268	1269	1
1060	1269	1270	1
1061	1270	1271	1
1062	1271	1272	1
1063	1272	1273	1
1064	1273	1274	1
1065	1274	1275	1
1066	1275	1276	1
1067	1276	1277	1
1068	1277	1278	1
1069	1278	1279	1
1070	1279	1280	1
1071	1280	1281	1
1072	1281	1282	1
1073	1282	1283	1
1074	1283	1284	1
1075	1284	1285	1
1076	1285	1286	1
1077	1286	1287	1
1078	1287	1288	1
1079	1288	1289	1
1080	1289	1290	1
1081	1290	1291	1
1082	1291	1292	1
1083	1292	1293	1
1084	1293	1294	1
1085	1294	1295	1
1086	1295	1296	1
1087	1296	1297	1
1088	1297	1298	1
1089	1298	1299	1
1090	1299	1300	1
1091	1300	1301	1
1092	1301	1302	1
1093	1302	1303	1
1094	1303	1304	1
1095	1304	1305	1
1096	1305	1306	1
1097	1306	1307	1
1098	1307	1308	1
1099	1308	1309	1
1100	1309	1310	1
1101	1310	1311	1
1102	1311	1312	1
1103	1312	1313	1
1104	1313	1314	1
1105	1314	1315	1
1106	1315	1316	1
1107	1316	1317	1
1108	1317	1318	1
1109	1318	1319	1
1110	1319	1320	1
1111	1320	1321	1
1112	1321	1322	1
1113	1322	1323	1
1114	1323	1324	1
1115	1324	1325	1
1116	1325	1326	1
1117	1326	1327	1
1118	1327	1328	1
1119	1328	1329	1
1120	1329	1330	1
1121	1330	1331	1
1122	1331	1332	1
1123	1332	1333	1
1124	1333	1334	1
1125	1334	1335	1
1126	1335	1336	1
1127	1336	1337	1
1128	1337	1338	1
1129	1338	1339	1
1130	1339	1340	1
1131	1340	1341	1
1132	1341	1342	1
1133	1342	1343	1
1134	1343	1344	1
1135	1344	1345	1
1136	1345	1346	1
1137	1346	1347	1
1138	1347	1348	1
1139	1348	1349	1
1140	1349	1350	1
1141	1350	1351	1
1142	1351	1352	1
1143	1352	1353	1
1144	1353	1354	1
1145	1354	1355	1
1146	1355	1356	1
1147	1356	1357	1
1148	1357	1358	1
1149	1358	1359	1
1150	1359	1360	1
1151	1360	1361	1
1152	1361	1362	1
1153	1362	1363	1
1154	1363	1364	1
1155	1364	1365	1
1156	1365	1366	1
1157	1366	1367	1
1158	1367	1368	1
1159	1368	1369	1
1160	1369	1370	1
1161	1370	1371	1
1162	1371	1372	1
1163	1372	1373	1
1164	1373	1374	1
1165	1374	1375	1
1166	1375	1376	1
1167	1376	1377	1
1168	1377	1378	1
1169	1378	1379	1
1170	1379	1380	1
1171	1380	1381	1
1172	1381	1382	1
1173	1382	1383	1
1174	1383	1384	1
1175	1384	1385	1
1176	1385	1386	1
1177	1386	1387	1
1178	1387	1388	1
1179	1388	1389	1
1180	1389	1390	1
1181	1390	1391	1
1182	1391	1392	1
1183	1392	1393	1
1184	1393	1394	1
1185	1394	1395	1
1186	1395	1396	1
1187	1396	1397	1
1188	1397	1398	1
1189	1398	1399	1
1190	1399	1400	1
1191	1400	1401	1
1192	1401	1402	1
1193	1402	1403	1
1194	1403	1404	1
1195	1404	1405	1
1196	1405	1406	1
1197	1406	1407	1
1198	1407	1408	1
1199	1408	1409	1
1200	1409	1410	1
1201	1410	1411	1
1202	1411	1412	1
1203	1412	1413	1
1204	1413	1414	1
1205	1414	1415	1
1206	1415	1416	1
1207	1416	1417	1
1208	1417	1418	1
1209	1418	1419	1
1210	1419	1420	1
1211	1420	1421	1
1212	1421	1422	1
1213	1422	1423	1
1214	1423	1424	1
1215	1424	1425	1
1216	1425	1426	1
1217	1426	1427	1
1218	1427	1428	1
1219	1428	1429	1
1220	1429	1430	1
1221	1430	1431	1
1222	1431	1432	1
1223	1432	1433	1
1224	1433	1434	1
1225	1434	1435	1
1226	1435	1436	1
1227	1436	1437	1
1228	1437	1438	1
1229	1438	1439	1
1230	1439	1440	1
1231	1440	1441	1
1232	1441	1442	1
1233	1442	1443	1
1234	1443	1444	1
1235	1444	1445	1
1236	1445	1446	1
1237	1446	1447	1
1238	1447	1448	1
1239	1448	1449	1
1240	1449	1450	1
1241	1450	1451	1
1242	1451	1452	1
1243	1452	1453	1
1244	1453	1454	1
1245	1454	1455	1
1246	1455	1456	1
1247	1456	1457	1
1248	1457	1458	1
1249	1458	1459	1
1250	1459	1460	1
1251	1460	1461	1
1252	1461	1462	1
1253	1462	1463	1
1254	1463	1464	1
1255	1464	1465	1
1256	1465	1466	1
1257	1466	1467	1
1258	1467	1468	1
1259	1468	1469	1
1260	1469	1470	1
1261	1470	1471	1
1262	1471	1472	1
1263	1472	1473	1
1264	1473	1474	1
1265	1474	1475	1
1266	1475	1476	1
1267	1476	1477	1
1268	1477	1478	1
1269	1478	1479	1
1270	1479	1480	1
1271	1480	1481	1
1272	1481	1482	1
1273	1482	1483	1
1274	1483	1484	1
1275	1484	1485	1
1276	1485	1486	1
1277	1486	1487	1
1278	1487	1488	1
1279	1488	1489	1
1280	1489	1490	1
1281	1490	1491	1
1282	1491	1492	1
1283	1492	1493	1
1284	1493	1494	1
1285	1494	1495	1
1286	1495	1496	1
1287	1496	1497	1
1288	1497	1498	1
1289	1498	1499	1
1290	1499	1500	1
1291	1500	1501	1
1292	1501	1502	1
1293	1502	1503	1
1294	1503	1504	1
1295	1504	1505	1
1296	1505	1506	1
1297	1506	1507	1
1298	1507	1508	1
1299	1508	1509	1
1300	1509	1510	1
1301	1510	1511	1
1302	1511	1512	1
1303	1512	1513	1
1304	1513	1514	1
1305	1514	1515	1
1306	1515	1516	1
1307	1516	1517	1
1308	1517	1518	1
1309	1518	1519	1
1310	1519	1520	1
1311	1520	1521	1
1312	1521	1522	1
1313	1522	1523	1
1314	1523	1524	1
1315	1524	1525	1
1316	1525	1526	1
1317	1526	1527	1
1318	1527	1528	1
1319	1528	1529	1
1320	1529	1530	1
1321	1530	1531	1
1322	1531	1532	1
1323	1532	1533	1
1324	1533	1534	1
1325	1534	1535	1
1326	1535	1536	1
1327	1536	1537	1
1328	1537	1538	1
1329	1538	1539	1
1330	1539	1540	1
1331	1540	1541	1
1332	1541	1542	1
1333	1542	1543	1
1334	1543	1544	1
1335	1544	1545	1
1336	1545	1546	1
1337	1546	1547	1
1338	1547	1548	1
1339	1548	1549	1
1340	1549	1550	1
1341	1550	1551	1
1342	1551	1552	1
1343	1552	1553	1
1344	1553	1554	1
1345	1554	1555	1
1346	1555	1556	1
1347	1556	1557	1
1348	1557	1558	1
1349	1558	1559	1
1350	1559	1560	1
1351	1560	1561	1
1352	1561	1562	1
1353	1562	1563	1
1354	1563	1564	1
1355	1564	1565	1
1356	1565	1566	1
1357	1566	1567	1
1358	1567	1568	1
1359	1568	1569	1
1360	1569	1570	1
1361	1570	1571	1
1362	1571	1572	1
1363	1572	1573	1
1364	1573	1574	1
1365	1574	1575	1
1366	1575	1576	1
1367	1576	1577	1
1368	1577	1578	1
1369	1578	1579	1
1370	1579	1580	1
1371	1580	1581	1
1372	1581	1582	1
1373	1582	1583	1
1374	1583	1584	1
1375	1584	1585	1
1376	1585	1586	1
1377	1586	1587	1
1378	1587	1588	1
1379	1588	1589	1
1380	1589	1590	1
1381	1590	1591	1
1382	1591	1592	1
1383	1592	1593	1
1384	1593	1594	1
1385	1594	1595	1
1386	1595	1596	1
1387	1596	1597	1
1388	1597	1598	1
1389	1598	1599	1
1390	1599	1600	1
1391	1600	1601	1
1392	1601	1602	1
1393	1602	1603	1
1394	1603	1604	1
1395	1604	1605	1
1396	1605	1606	1
1397	1606	1607	1
1398	1607	1608	1
1399	1608	1609	1
1400	1609	1610	1
1401	1610	1611	1
1402	1611	1612	1
1403	1612	1613	1
1404	1613	1614	1
1405	1614	1615	1
1406	1615	1616	1
1407	1616	1617	1
1408	1617	1618	1
1409	1618	1619	1
1410	1619	1620	1
1411	1620	1621	1
1412	1621	1622	1
1413	1622	1623	1
1414	1623	1624	1
1415	1624	1625	1
1416	1625	1626	1
1417	1626	1627	1
1418	1627	1628	1
1419	1628	1629	1
1420	1629	1630	1
1421	1630	1631	1
1422	1631	1632	1
1423	1632	1633	1
1424	1633	1634	1
1425	1634	1635	1
1426	1635	1636	1
1427	1636	1637	1
1428	1637	1638	1
1429	1638	1639	1
1430	1639	1640	1
1431	1640	1641	1
1432	1641	1642	1
1433	1642	1643	1
1434	1643	1644	1
1435	1644	1645	1
1436	1645	1646	1
1437	1646	1647	1
1438	1647	1648	1
1439	1648	1649	1
1440	1649	1650	1
1441	1650	1651	1
1442	1651	1652	1
1443	1652	1653	1
1444	1653	1654	1
1445	1654	1655	1
1446	1655	1656	1
1447	1656	1657	1
1448	1657	1658	1
1449	1658	1659	1
1450	1659	1660	1
1451	1660	1661	1
1452	1661	1662	1
1453	1662	1663	1
1454	1663	1664	1
1455	1664	1665	1
1456	1665	1666	1
1457	1666	1667	1
1458	1667	1668	1
1459	1668	1669	1
1460	1669	1670	1
1461	1670	1671	1
1462	1671	1672	1
1463	1672	1673	1
1464	1673	1674	1
1465	1674	1675	1
1466	1675	1676	1
1467	1676	1677	1
1468	1677	1678	1
1469	1678	1679	1
1470	1679	1680	1
1471	1680	1681	1
1472	1681	1682	1
1473	1682	1683	1
1474	1683	1684	1
1475	1684	1685	1
1476	1685	1686	1
1477	1686	1687	1
1478	1687	1688	1
1479	1688	1689	1
1480	1689	1690	1
1481	1690	1691	1
1482	1691	1692	1
1483	1692	1693	1
1484	1693	1694	1
1485	1694	1695	1
1486	1695	1696	1
1487	1696	1697	1
1488	1697	1698	1
1489	1698	1699	1
1490	1699	1700	1
1491	1700	1701	1
1492	1701	1702	1
1493	1702	1703	1
1494	1703	1704	1
1495	1704	1705	1
1496	1705	1706	1
1497	1706	1707	1
1498	1707	1708	1
1499	1708	1709	1
1500	1709	1710	1
1501	1710	1711	1
1502	1711	1712	1
1503	1712	1713	1
1504	1713	1714	1
1505	1714	1715	1
1506	1715	1716	1
1507	1716	1717	1
1508	1717	1718	1
1509	1718	1719	1
1510	1719	1720	1
1511	1720	1721	1
1512	1721	1722	1
1513	1722	1723	1
1514	1723	1724	1
1515	1724	1725	1
1516	1725	1726	1
1517	1726	1727	1
1518	1727	1728	1
1519	1728	1729	1
1520	1729	1730	1
1521	1730	1731	1
1522	1731	1732	1
1523	1732	1733	1
1524	1733	1734	1
1525	1734	1735	1
1526	1735	1736	1
1527	1736	1737	1
1528	1737	1738	1
1529	1738	1739	1
1530	1739	1740	1
1531	1740	1741	1
1532	1741	1742	1
1533	1742	1743	1
1534	1743	1744	1
1535	1744	1745	1
1536	1745	1746	1
1537	1746	1747	1
1538	1747	1748	1
1539	1748	1749	1
1540	1749	1750	1
1541	1750	1751	1
1542	1751	1752	1
1543	1752	1753	1
1544	1753	1754	1
1545	1754	1755	1
1546	1755	1756	1
1547	1756	1757	1
1548	1757	1758	1
1549	1758	1759	1
1550	1759	1760	1
1551	1760	1761	1
1552	1761	1762	1
1553	1762	1763	1
1554	1763	1764	1
1555	1764	1765	1
1556	1765	1766	1
1557	1766	1767	1
1558	1767	1768	1
1559	1768	1769	1
1560	1769	1770	1
1561	1770	1771	1
1562	1771	1772	1
1563	1772	1773	1
1564	1773	1774	1
1565	1774	1775	1
1566	1775	1776	1
1567	1776	1777	1
1568	1777	1778	1
1569	1778	1779	1
1570	1779	1780	1
1571	1780	1781	1
1572	1781	1782	1
1573	1782	1783	1
1574	1783	1784	1
1575	1784	1785	1
1576	1785	1786	1
1577	1786	1787	1
1578	1787	1788	1
1579	1788	1789	1
1580	1789	1790	1
1581	1790	1791	1
1582	1791	1792	1
1583	1792	1793	1
1584	1793	1794	1
1585	1794	1795	1
1586	1795	1796	1
1587	1796	1797	1
1588	1797	1798	1
1589	1798	1799	1
1590	1799	1800	1
1591	1800	1801	1
1592	1801	1802	1
1593	1802	1803	1
1594	1803	1804	1
1595	1804	1805	1
1596	1805	1806	1
1597	1806	1807	1
1598	1807	1808	1
1599	1808	1809	1
1600	1809	1810	1
1601	1810	1811	1
1602	1811	1812	1
1603	1812	1813	1
1604	1813	1814	1
1605	1814	1815	1
1606	1815	1816	1
1607	1816	1817	1
1608	1817	1818	1
1609	1818	1819	1
1610	1819	1820	1
1611	1820	1821	1
1612	1821	1822	1
1613	1822	1823	1
1614	1823	1824	1
1615	1824	1825	1
1616	1825	1826	1
1617	1826	1827	1
1618	1827	1828	1
1619	1828	1829	1
1620	1829	1830	1
1621	1830	1831	1
1622	1831	1832	1
1623	1832	1833	1
1624	1833	1834	1
1625	1834	1835	1
1626	1835	1836	1
1627	1836	1837	1
1628	1837	1838	1
1629	1838	1839	1
1630	1839	1840	1
1631	1840	1841	1
1632	1841	1842	1
1633	1842	1843	1
1634	1843	1844	1
1635	1844	1845	1
1636	1845	1846	1
1637	1846	1847	1
1638	1847	1848	1
1639	1848	1849	1
1640	1849	1850	1
1641	1850	1851	1
1642	1851	1852	1
1643	1852	1853	1
1644	1853	1854	1
1645	1854	1855	1
1646	1855	1856	1
1647	1856	1857	1
1648	1857	1858	1
1649	1858	1859	1
1650	1859	1860	1
1651	1860	1861	1
1652	1861	1862	1
1653	1862	1863	1
1654	1863	1864	1
1655	1864	1865	1
1656	1865	1866	1
1657	1866	1867	1
1658	1867	1868	1
1659	1868	1869	1
1660	1869	1870	1
1661	1870	1871	1
1662	1871	1872	1
1663	1872	1873	1
1664	1873	1874	1
1665	1874	1875	1
1666	1875	1876	1
1667	1876	1877	1
1668	1877	1878	1
1669	1878	1879	1
1670	1879	1880	1
1671	1880	1881	1
1672	1881	1882	1
1673	1882	1883	1
1674	1883	1884	1
1675	1884	1885	1
1676	1885	1886	1
1677	1886	1887	1
1678	1887	1888	1
1679	1888	1889	1
1680	1889	1890	1
1681	1890	1891	1
1682	1891	1892	1
1683	1892	1893	1
1684	1893	1894	1
1685	1894	1895	1
1686	1895	1896	1
1687	1896	1897	1
1688	1897	1898	1
1689	1898	1899	1
1690	1899	1900	1
1691	1900	1901	1
1692	1901	1902	1
1693	1902	1903	1
1694	1903	1904	1
1695	1904	1905	1
1696	1905	1906	1
1697	1906	1907	1
1698	1907	1908	1
1699	1908	1909	1
1700	1909	1910	1
1701	1910	1911	1
1702	1911	1912	1
1703	1912	1913	1
1704	1913	1914	1
1705	1914	1915	1
1706	1915	1916	1
1707	1916	1917	1
1708	1917	1918	1
1709	1918	1919	1
1710	1919	1920	1
1711	1920	1921	1
1712	1921	1922	1
1713	1922	1923	1
1714	1923	1924	1
1715	1924	1925	1
1716	1925	1926	1
1717	1926	1927	1
1718	1927	1928	1
1719	1928	1929	1
1720	1929	1930	1
1721	1930	1931	1
1722	1931	1932	1
1723	1932	1933	1
1724	1933	1934	1
1725	1934	1935	1
1726	1935	1936	1
1727	1936	1937	1
1728	1937	1938	1
1729	1938	1939	1
1730	1939	1940	1
1731	1940	1941	1
1732	1941	1942	1
1733	1942	1943	1
1734	1943	1944	1
1735	1944	1945	1
1736	1945	1946	1
1737	1946	1947	1
1738	1947	1948	1
1739	1948	1949	1
1740	1949	1950	1
1741	1950	1951	1
1742	1951	1952	1
1743	1952	1953	1
1744	1953	1954	1
1745	1954	1955	1
1746	1955	1956	1
1747	1956	1957	1
1748	1957	1958	1
1749	1958	1959	1
1750	1959	1960	1
1751	1960	1961	1
1752	1961	1962	1
1753	1962	1963	1
1754	1963	1964	1
1755	1964	1965	1
1756	1965	1966	1
1757	1966	1967	1
1758	1967	1968	1
1759	1968	1969	1
1760	1969	1970	1
1761	1970	1971	1
1762	1971	1972	1
1763	1972	1973	1
1764	1973	1974	1
1765	1974	1975	1
1766	1975	1976	1
1767	1976	1977	1
1768	1977	1978	1
1769	1978	1979	1
1770	1979	1980	1
1771	1980	1981	1
1772	1981	1982	1
1773	1982	1983	1
1774	1983	1984	1
1775	1984	1985	1
1776	1985	1986	1
1777	1986	1987	1
1778	1987	1988	1
1779	1988	1989	1
1780	1989	1990	1
1781	1990	1991	1
1782	1991	1992	1
1783	1992	1993	1
1784	1993	1994	1
1785	1994	1995	1
1786	1995	1996	1
1787	1996	1997	1
1788	1997	1998	1
1789	1998	1999	1
1790	1999	2000	1
1791	2000	2001	1
1792	2001	2002	1
1793	2002	2003	1
1794	2003	2004	1
1795	2004	2005	1
1796	2005	2006	1
1797	2006	2007	1
1798	2007	2008	1
1799	2008	2009	1
1800	2009	2010	1
1801	2010	2011	1
1802	2011	2012	1
1803	2012	2013	1
1804	2013	2014	1
1805	2014	2015	1
1806	2015	2016	1
1807	2016	2017	1
1808	2017	2018	1
1809	2018	2019	1
1810	2019	2020	1
1811	2020	2021	1
1812	2021	2022	1
1813	2022	2023	1
1814	2023	2024	1
1815	2024	2025	1
1816	2025	2026	1
1817	2026	2027	1
1818	2027	2028	1
1819	2028	2029	1
1820	2029	2030	1
1821	2030	2031	1
1822	2031	2032	1
1823	2032	2033	1
1824	2033	2034	1
1825	2034	2035	1
1826	2035	2036	1
1827	2036	2037	1
1828	2037	2038	1
1829	2038	2039	1
1830	2039	2040	1
1831	2040	2041	1
1832	2041	2042	1
1833	2042	2043	1
1834	2043	2044	1
1835	2044	2045	1
1836	2045	2046	1
1837	2046	2047	1
1838	2047	2048	1
1839	2048	2049	1
1840	2049	2050	1
1841	2050	2051	1
1842	2051	2052	1
1843	2052	2053	1
1844	2053	2054	1
1845	2054	2055	1
1846	2055	2056	1
1847	2056	2057	1
1848	2057	2058	1
1849	2058	2059	1
1850	2059	2060	1
1851	2060	2061	1
1852	2061	2062	1
1853	2062	2063	1
1854	2063	2064	1
1855	2064	2065	1
1856	2065	2066	1
1857	2066	2067	1
1858	2067	2068	1
1859	2068	2069	1
1860	2069	2070	1
1861	2070	2071	1
1862	2071	2072	1
1863	2072	2073	1
1864	2073	2074	1
1865	2074	2075	1
1866	2075	2076	1
1867	2076	2077	1
1868	2077	2078	1
1869	2078	2079	1
1870	2079	2080	1
1871	2080	2081	1
1872	2081	2082	1
1873	2082	2083	1
1874	2083	2084	1
1875	2084	2085	1
1876	2085	2086	1
1877	2086	2087	1
1878	2087	2088	1
1879	2088	2089	1
1880	2089	2090	1
1881	2090	2091	1
1882	2091	2092	1
1883	2092	2093	1
1884	2093	2094	1
1885	2094	2095	1
1886	2095	2096	1
1887	2096	2097	1
1888	2097	2098	1
1889	2098	2099	1
1890	2099	2100	1
1891	2100	2101	1
1892	2101	2102	1
1893	2102	2103	1
1894	2103	2104	1
1895	2104	2105	1
1896	2105	2106	1
1897	2106	2107	1
1898	2107	2108	1
1899	2108	2109	1
1900	2109	2110	1
1901	2110	2111	1
1902	2111	2112	1
1903	2112	2113	1
1904	2113	2114	1
1905	2114	2115	1
1906	2115	2116	1
1907	2116	2117	1
1908	2117	2118	1
1909	2118	2119	1
1910	2119	2120	1
1911	2120	2121	1
1912	2121	2122	1
1913	2122	2123	1
1914	2123	2124	1
1915	2124	2125	1
1916	2125	2126	1
1917	2126	2127	1
1918	2127	2128	1
1919	2128	2129	1
1920	2129	2130	1
1921	2130	2131	1
1922	2131	2132	1
1923	2132	2133	1
1924	2133	2134	1
1925	2134	2135	1
1926	2135	2136	1
1927	2136	2137	1
1928	2137	2138	1
1929	2138	2139	1
1930	2139	2140	1
1931	2140	2141	1
1932	2141	2142	1
1933	2142	2143	1
1934	2143	2144	1
1935	2144	2145	1
1936	2145	2146	1
1937	2146	2147	1
1938	2147	2148	1
1939	2148	2149	1
1940	2149	2150	1
1941	2150	2151	1
1942	2151	2152	1
1943	2152	2153	1
1944	2153	2154	1
1945	2154	2155	1
1946	2155	2156	1
1947	2156	2157	1
1948	2157	2158	1
1949	2158	2159	1
1950	2159	2160	1
1951	2160	2161	1
1952	2161	2162	1
1953	2162	2163	1
1954	2163	2164	1
1955	2164	2165	1
1956	2165	2166	1
1957	2166	2167	1
1958	2167	2168	1
1959	2168	2169	1
1960	2169	2170	1
1961	2170	2171	1
1962	2171	2172	1
1963	2172	2173	1
1964	2173	2174	1
1965	2174	2175	1
1966	2175	2176	1
1967	2176	2177	1
1968	2177	2178	1
1969	2178	2179	1
1970	2179	2180	1
1971	2180	2181	1
1972	2181	2182	1
1973	2182	2183	1
1974	2183	2184	1
1975	2184	2185	1
1976	2185	2186	1
1977	2186	2187	1
1978	2187	2188	1
1979	2188	2189	1
1980	2189	2190	1
1981	2190	2191	1
1982	2191	2192	1
1983	2192	2193	1
1984	2193	2194	1
1985	2194	2195	1
1986	2195	2196	1
1987	2196	2197	1
1988	2197	2198	1
1989	2198	2199	1
1990	2199	2200	1
1991	2200	2201	1
1992	2201	2202	1
1993	2202	2203	1
1994	2203	2204	1
1995	2204	2205	1
1996	2205	2206	1
1997	2206	2207	1
1998	2207	2208	1
1999	2208	2209	1
2000	2209	2210	1
2001	2210	2211	1
2002	2211	2212	1
2003	2212	2213	1
2004	2213	2214	1
2005	2214	2215	1
2006	2215	2216	1
2007	2216	2217	1
2008	2217	2218	1
2009	2218	2219	1
2010	2219	2220	1
2011	2220	2221	1
2012	2221	2222	1
2013	2222	2223	1
2014	2223	2224	1
2015	2224	2225	1
2016	2225	2226	1
2017	2226	2227	1
2018	2227	2228	1
2019	2228	2229	1
2020	2229	2230	1
2021	2230	2231	1
2022	2231	2232	1
2023	2232	2233	1
2024	2233	2234	1
2025	2234	2235	1
2026	2235	2236	1
2027	2236	2237	1
2028	2237	2238	1
2029	2238	2239	1
2030	2239	2240	1
2031	2240	2241	1
2032	2241	2242	1
2033	2242	2243	1
2034	2243	2244	1
2035	2244	2245	1
2036	2245	2246	1
2037	2246	2247	1
2038	2247	2248	1
2039	2248	2249	1
2040	2249	2250	1
2041	2250	2251	1
2042	2251	2252	1
2043	2252	2253	1
2044	2253	2254	1
2045	2254	2255	1
2046	2255	2256	1
2047	2256	2257	1
2048	2257	2258	1
2049	2258	2259	1
2050	2259	2260	1
2051	2260	2261	1
2052	2261	2262	1
2053	2262	2263	1
2054	2263	2264	1
2055	2264	2265	1
2056	2265	2266	1
2057	2266	2267	1
2058	2267	2268	1
2059	2268	2269	1
2060	2269	2270	1
2061	2270	2271	1
2062	2271	2272	1
2063	2272	2273	1
2064	2273	2274	1
2065	2274	2275	1
2066	2275	2276	1
2067	2276	2277	1
2068	2277	2278	1
2069	2278	2279	1
2070	2279	2280	1
2071	2280	2281	1
2072	2281	2282	1
2073	2282	2283	1
2074	2283	2284	1
2075	2284	2285	1
2076	2285	2286	1
2077	2286	2287	1
2078	2287	2288	1
2079	2288	2289	1
2080	2289	2290	1
2081	2290	2291	1
2082	2291	2292	1
2083	2292	2293	1
2084	2293	2294	1
2085	2294	2295	1
2086	2295	2296	1
2087	2296	2297	1
2088	2297	2298	1
2089	2298	2299	1
2090	2299	2300	1
2091	2300	2301	1
2092	2301	2302	1
2093	2302	2303	1
2094	2303	2304	1
2095	2304	2305	1
2096	2305	2306	1
2097	2306	2307	1
2098	2307	2308	1
2099	2308	2309	1
2100	2309	2310	1
2101	2310	2311	1
2102	2311	2312	1
2103	2312	2313	1
2104	2313	2314	1
2105	2314	2315	1
2106	2315	2316	1
2107	2316	2317	1
2108	2317	2318	1
2109	2318	2319	1
2110	2319	2320	1
2111	2320	2321	1
2112	2321	2322	1
2113	2322	2323	1
2114	2323	2324	1
2115	2324	2325	1
2116	2325	2326	1
2117	2326	2327	1
2118	2327	2328	1
2119	2328	2329	1
2120	2329	2330	1
2121	2330	2331	1
2122	2331	2332	1
2123	2332	2333	1
2124	2333	2334	1
2125	2334	2335	1
2126	2335	2336	1
2127	2336	2337	1
2128	2337	2338	1
2129	2338	2339	1
2130	2339	2340	1
2131	2340	2341	1
2132	2341	2342	1
2133	2342	2343	1
2134	2343	2344	1
2135	2344	2345	1
2136	2345	2346	1
2137	2346	2347	1
2138	2347	2348	1
2139	2348	2349	1
2140	2349	2350	1
2141	2350	2351	1
2142	2351	2352	1
2143	2352	2353	1
2144	2353	2354	1
2145	2354	2355	1
2146	2355	2356	1
2147	2356	2357	1
2148	2357	2358	1
2149	2358	2359	1
2150	2359	2360	1
2151	2360	2361	1
2152	2361	2362	1
2153	2362	2363	1
2154	2363	2364	1
2155	2364	2365	1
2156	2365	2366	1
2157	2366	2367	1
2158	2367	2368	1
2159	2368	2369	1
2160	2369	2370	1
2161	2370	2371	1
2162	2371	2372	1
2163	2372	2373	1
2164	2373	2374	1
2165	2374	2375	1
2166	2375	2376	1
2167	2376	2377	1
2168	2377	2378	1
2169	2378	2379	1
2170	2379	2380	1
2171	2380	2381	1
2172	2381	2382	1
2173	2382	2383	1
2174	2383	2384	1
2175	2384	2385	1
2176	2385	2386	1
2177	2386	2387	1
2178	2387	2388	1
2179	2388	2389	1
2180	2389	2390	1
2181	2390	2391	1
2182	2391	2392	1
2183	2392	2393	1
2184	2393	2394	1
2185	2394	2395	1
2186	2395	2397	2
2187	2397	2399	2
2188	2399	2401	2
2189	2401	2403	2
2190	2403	2405	2
2191	2405	2407	2
2192	2407	2409	2
2193	2409	2411	2
2194	2411	2413	2
2195	2413	2415	2
2196	2415	2417	2
2197	2417	2419	2
2198	2419	2421	2
2199	2421	2423	2
2200	2423	2425	2
2201	2425	2427	2
2202	2427	2429	2
2203	2429	2431	2
2204	2431	2433	2
2205	2433	2435	2
2206	2435	2437	2
2207	2437	2439	2
2208	2439	2441	2
2209	2441	2443	2
2210	2443	2445	2
2211	2445	2447	2
2212	2447	2449	2
2213	2449	2451	2
2214	2451	2453	2
2215	2453	2455	2
2216	2455	2457	2
2217	2457	2459	2
2218	2459	2461	2
2219	2461	2463	2
2220	2463	2465	2
2221	2465	2467	2
2222	2467	2469	2
2223	2469	2471	2
2224	2471	2473	2
2225	2473	2475	2
2226	2475	2477	2
2227	2477	2479	2
2228	2479	2481	2
2229	2481	2483	2
2230	2483	2485	2
2231	2485	2487	2
2232	2487	2489	2
2233	2489	2491	2
2234	2491	2493	2
2235	2493	2495	2
2236	2495	2497	2
2237	2497	2499	2
2238	2499	2501	2
2239	2501	2503	2
2240	2503	2505	2
2241	2505	2507	2
2242	2507	2509	2
2243	2509	2511	2
2244	2511	2513	2
2245	2513	2515	2
2246	2515	2517	2
2247	2517	2519	2
2248	2519	2521	2
2249	2521	2523	2
2250	2523	2525	2
2251	2525	2527	2
2252	2527	2529	2
2253	2529	2531	2
2254	2531	2533	2
2255	2533	2535	2
2256	2535	2537	2
2257	2537	2539	2
2258	2539	2541	2
2259	2541	2543	2
2260	2543	2545	2
2261	2545	2547	2
2262	2547	2549	2
2263	2549	2551	2
2264	2551	2553	2
2265	2553	2555	2
2266	2555	2557	2
2267	2557	2559	2
2268	2559	2561	2
2269	2561	2563	2
2270	2563	2565	2
2271	2565	2567	2
2272	2567	2569	2
2273	2569	2571	2
2274	2571	2573	2
2275	2573	2575	2
2276	2575	2577	2
2277	2577	2579	2
2278	2579	2581	2
2279	2581	2583	2
2280	2583	2585	2
2281	2585	2587	2
2282	2587	2589	2
2283	2589	2591	2
2284	2591	2593	2
2285	2593	2595	2
2286	2595	2597	2
2287	2597	2599	2
2288	2599	2601	2
2289	2601	2603	2
2290	2603	2605	2
2291	2605	2607	2
2292	2607	2609	2
2293	2609	2611	2
2294	2611	2613	2
2295	2613	2615	2
2296	2615	2617	2
2297	2617	2619	2
2298	2619	2621	2
2299	2621	2623	2
2300	2623	2625	2
2301	2625	2627	2
2302	2627	2629	2
2303	2629	2631	2
2304	2631	2633	2
2305	2633	2635	2
2306	2635	2637	2
2307	2637	2639	2
2308	2639	2641	2
2309	2641	2643	2
2310	2643	2645	2
2311	2645	2647	2
2312	2647	2649	2
2313	2649	2651	2
2314	2651	2653	2
2315	2653	2655	2
2316	2655	2657	2
2317	2657	2659	2
2318	2659	2661	2
2319	2661	2663	2
2320	2663	2665	2
2321	2665	2667	2
2322	2667	2669	2
2323	2669	2671	2
2324	2671	2673	2
2325	2673	2675	2
2326	2675	2677	2
2327	2677	2679	2
2328	2679	2681	2
2329	2681	2683	2
2330	2683	2685	2
2331	2685	2687	2
2332	2687	2689	2
2333	2689	2691	2
2334	2691	2693	2
2335	2693	2695	2
2336	2695	2697	2
2337	2697	2699	2
2338	2699	2701	2
2339	2701	2703	2
2340	2703	2705	2
2341	2705	2707	2
2342	2707	2709	2
2343	2709	2711	2
2344	2711	2713	2
2345	2713	2715	2
2346	2715	2717	2
2347	2717	2719	2
2348	2719	2721	2
2349	2721	2723	2
2350	2723	2725	2
2351	2725	2727	2
2352	2727	2729	2
2353	2729	2731	2
2354	2731	2733	2
2355	2733	2735	2
2356	2735	2737	2
2357	2737	2739	2
2358	2739	2741	2
2359	2741	2743	2
2360	2743	2745	2
2361	2745	2747	2
2362	2747	2749	2
2363	2749	2751	2
2364	2751	2753	2
2365	2753	2755	2
2366	2755	2757	2
2367	2757	2759	2
2368	2759	2761	2
2369	2761	2763	2
2370	2763	2765	2
2371	2765	2767	2
2372	2767	2769	2
2373	2769	2771	2
2374	2771	2773	2
2375	2773	2775	2
2376	2775	2777	2
2377	2777	2779	2
2378	2779	2781	2
2379	2781	2783	2
2380	2783	2785	2
2381	2785	2787	2
2382	2787	2789	2
2383	2789	2791	2
2384	2791	2793	2
2385	2793	2795	2
2386	2795	2797	2
2387	2797	2799	2
2388	2799	2801	2
2389	2801	2803	2
2390	2803	2805	2
2391	2805	2807	2
2392	2807	2809	2
2393	2809	2811	2
2394	2811	2813	2
2395	2813	2815	2
2396	2815	2817	2
2397	2817	2819	2
2398	2819	2821	2
2399	2821	2823	2
2400	2823	2825	2
2401	2825	2827	2
2402	2827	2829	2
2403	2829	2831	2
2404	2831	2833	2
2405	2833	2835	2
2406	2835	2837	2
2407	2837	2839	2
2408	2839	2841	2
2409	2841	2843	2
2410	2843	2845	2
2411	2845	2847	2
2412	2847	2849	2
2413	2849	2851	2
2414	2851	2853	2
2415	2853	2855	2
2416	2855	2857	2
2417	2857	2859	2
2418	2859	2861	2
2419	2861	2863	2
2420	2863	2865	2
2421	2865	2867	2
2422	2867	2869	2
2423	2869	2871	2
2424	2871	2873	2
2425	2873	2875	2
2426	2875	2877	2
2427	2877	2879	2
2428	2879	2881	2
2429	2881	2883	2
2430	2883	2885	2
2431	2885	2887	2
2432	2887	2889	2
2433	2889	2891	2
2434	2891	2893	2
2435	2893	2895	2
2436	2895	2897	2
2437	2897	2899	2
2438	2899	2901	2
2439	2901	2903	2
2440	2903	2905	2
2441	2905	2907	2
2442	2907	2909	2
2443	2909	2911	2
2444	2911	2913	2
2445	2913	2915	2
2446	2915	2917	2
2447	2917	2919	2
2448	2919	2921	2
2449	2921	2923	2
2450	2923	2925	2
2451	2925	2927	2
2452	2927	2929	2
2453	2929	2931	2
2454	2931	2933	2
2455	2933	2935	2
2456	2935	2937	2
2457	2937	2939	2
2458	2939	2941	2
2459	2941	2943	2
2460	2943	2945	2
2461	2945	2947	2
2462	2947	2949	2
2463	2949	2951	2
2464	2951	2953	2
2465	2953	2955	2
2466	2955	2957	2
2467	2957	2959	2
2468	2959	2961	2
2469	2961	2963	2
2470	2963	2965	2
2471	2965	2967	2
2472	2967	2969	2
2473	2969	2971	2
2474	2971	2973	2
2475	2973	2975	2
2476	2975	2977	2
2477	2977	2979	2
2478	2979	2981	2
2479	2981	2983	2
2480	2983	2985	2
2481	2985	2987	2
2482	2987	2989	2
2483	2989	2991	2
2484	2991	2993	2
2485	2993	2995	2
2486	2995	2997	2
2487	2997	2999	2
2488	2999	3001	2
2489	3001	3003	2
2490	3003	3005	2
2491	3005	3007	2
2492	3007	3009	2
2493	3009	3011	2
2494	3011	3013	2
2495	3013	3015	2
2496	3015	3017	2
2497	3017	3019	2
2498	3019	3021	2
2499	3021	3023	2
2500	3023	3025	2
2501	3025	3027	2
2502	3027	3029	2
2503	3029	3031	2
2504	3031	3033	2
2505	3033	3035	2
2506	3035	3037	2
2507	3037	3039	2
2508	3039	3041	2
2509	3041	3043	2
2510	3043	3045	2
2511	3045	3047	2
2512	3047	3049	2
2513	3049	3051	2
2514	3051	3053	2
2515	3053	3055	2
2516	3055	3057	2
2517	3057	3059	2
2518	3059	3061	2
2519	3061	3063	2
2520	3063	3065	2
2521	3065	3067	2
2522	3067	3069	2
2523	3069	3071	2
2524	3071	3073	2
2525	3073	3075	2
2526	3075	3077	2
2527	3077	3079	2
2528	3079	3081	2
2529	3081	3083	2
2530	3083	3085	2
2531	3085	3087	2
2532	3087	3089	2
2533	3089	3091	2
2534	3091	3093	2
2535	3093	3095	2
2536	3095	3097	2
2537	3097	3099	2
2538	3099	3101	2
2539	3101	3103	2
2540	3103	3105	2
2541	3105	3107	2
2542	3107	3109	2
2543	3109	3111	2
2544	3111	3113	2
2545	3113	3115	2
2546	3115	3117	2
2547	3117	3119	2
2548	3119	3121	2
2549	3121	3123	2
2550	3123	3125	2
2551	3125	3127	2
2552	3127	3129	2
2553	3129	3131	2
2554	3131	3133	2
2555	3133	3135	2
2556	3135	3137	2
2557	3137	3139	2
2558	3139	3141	2
2559	3141	3143	2
2560	3143	3145	2
2561	3145	3147	2
2562	3147	3149	2
2563	3149	3151	2
2564	3151	3153	2
2565	3153	3155	2
2566	3155	3157	2
2567	3157	3159	2
2568	3159	3161	2
2569	3161	3163	2
2570	3163	3165	2
2571	3165	3167	2
2572	3167	3169	2
2573	3169	3171	2
2574	3171	3173	2
2575	3173	3175	2
2576	3175	3177	2
2577	3177	3179	2
2578	3179	3181	2
2579	3181	3183	2
2580	3183	3185	2
2581	3185	3187	2
2582	3187	3189	2
2583	3189	3191	2
2584	3191	3193	2
2585	3193	3195	2
2586	3195	3197	2
2587	3197	3199	2
2588	3199	3201	2
2589	3201	3203	2
2590	3203	3205	2
2591	3205	3207	2
2592	3207	3209	2
2593	3209	3211	2
2594	3211	3213	2
2595	3213	3215	2
2596	3215	3217	2
2597	3217	3219	2
2598	3219	3221	2
2599	3221	3223	2
2600	3223	3225	2
2601	3225	3227	2
2602	3227	3229	2
2603	3229	3231	2
2604	3231	3233	2
2605	3233	3235	2
2606	3235	3237	2
2607	3237	3239	2
2608	3239	3241	2
2609	3241	3243	2
2610	3243	3245	2
2611	3245	3247	2
2612	3247	3249	2
2613	3249	3251	2
2614	3251	3253	2
2615	3253	3255	2
2616	3255	3257	2
2617	3257	3259	2
2618	3259	3261	2
2619	3261	3263	2
2620	3263	3265	2
2621	3265	3267	2
2622	3267	3269	2
2623	3269	3271	2
2624	3271	3273	2
2625	3273	3275	2
2626	3275	3277	2
2627	3277	3279	2
2628	3279	3281	2
2629	3281	3283	2
2630	3283	3285	2
2631	3285	3287	2
2632	3287	3289	2
2633	3289	3291	2
2634	3291	3293	2
2635	3293	3295	2
2636	3295	3297	2
2637	3297	3299	2
2638	3299	3301	2
2639	3301	3303	2
2640	3303	3305	2
2641	3305	3307	2
2642	3307	3309	2
2643	3309	3311	2
2644	3311	3313	2
2645	3313	3315	2
2646	3315	3317	2
2647	3317	3319	2
2648	3319	3321	2
2649	3321	3323	2
2650	3323	3325	2
2651	3325	3327	2
2652	3327	3329	2
2653	3329	3331	2
2654	3331	3333	2
2655	3333	3335	2
2656	3335	3337	2
2657	3337	3339	2
2658	3339	3341	2
2659	3341	3343	2
2660	3343	3345	2
2661	3345	3347	2
2662	3347	3349	2
2663	3349	3351	2
2664	3351	3353	2
2665	3353	3355	2
2666	3355	3357	2
2667	3357	3359	2
2668	3359	3361	2
2669	3361	3363	2
2670	3363	3365	2
2671	3365	3367	2
2672	3367	3369	2
2673	3369	3371	2
2674	3371	3373	2
2675	3373	3375	2
2676	3375	3377	2
2677	3377	3379	2
2678	3379	3381	2
2679	3381	3383	2
2680	3383	3385	2
2681	3385	3387	2
2682	3387	3389	2
2683	3389	3391	2
2684	3391	3393	2
2685	3393	3395	2
2686	3395	3397	2
2687	3397	3399	2
2688	3399	3401	2
2689	3401	3403	2
2690	3403	3405	2
2691	3405	3407	2
2692	3407	3409	2
2693	3409	3411	2
2694	3411	3413	2
2695	3413	3415	2
2696	3415	3417	2
2697	3417	3419	2
2698	3419	3421	2
2699	3421	3423	2
2700	3423	3425	2
2701	3425	3427	2
2702	3427	3429	2
2703	3429	3431	2
2704	3431	3433	2
2705	3433	3435	2
2706	3435	3437	2
2707	3437	3439	2
2708	3439	3441	2
2709	3441	3443	2
2710	3443	3445	2
2711	3445	3447	2
2712	3447	3449	2
2713	3449	3451	2
2714	3451	3453	2
2715	3453	3455	2
2716	3455	3457	2
2717	3457	3459	2
2718	3459	3461	2
2719	3461	3463	2
2720	3463	3465	2
2721	3465	3467	2
2722	3467	3469	2
2723	3469	3471	2
2724	3471	3473	2
2725	3473	3475	2
2726	3475	3477	2
2727	3477	3479	2
2728	3479	3481	2
2729	3481	3483	2
2730	3483	3485	2
2731	3485	3487	2
2732	3487	3489	2
2733	3489	3491	2
2734	3491	3493	2
2735	3493	3495	2
2736	3495	3497	2
2737	3497	3499	2
2738	3499	3501	2
2739	3501	3503	2
2740	3503	3505	2
2741	3505	3507	2
2742	3507	3509	2
2743	3509	3511	2
2744	3511	3513	2
2745	3513	3515	2
2746	3515	3517	2
2747	3517	3519	2
2748	3519	3521	2
2749	3521	3523	2
2750	3523	3525	2
2751	3525	3527	2
2752	3527	3529	2
2753	3529	3531	2
2754	3531	3533	2
2755	3533	3535	2
2756	3535	3537	2
2757	3537	3539	2
2758	3539	3541	2
2759	3541	3543	2
2760	3543	3545	2
2761	3545	3547	2
2762	3547	3549	2
2763	3549	3551	2
2764	3551	3553	2
2765	3553	3555	2
2766	3555	3557	2
2767	3557	3559	2
2768	3559	3561	2
2769	3561	3563	2
2770	3563	3565	2
2771	3565	3567	2
2772	3567	3569	2
2773	3569	3571	2
2774	3571	3573	2
2775	3573	3575	2
2776	3575	3577	2
2777	3577	3579	2
2778	3579	3581	2
2779	3581	3583	2
2780	3583	3585	2
2781	3585	3587	2
2782	3587	3589	2
2783	3589	3591	2
2784	3591	3593	2
2785	3593	3595	2
2786	3595	3597	2
2787	3597	3599	2
2788	3599	3601	2
2789	3601	3603	2
2790	3603	3605	2
2791	3605	3607	2
2792	3607	3609	2
2793	3609	3611	2
2794	3611	3613	2
2795	3613	3615	2
2796	3615	3617	2
2797	3617	3619	2
2798	3619	3621	2
2799	3621	3623	2
2800	3623	3625	2
2801	3625	3627	2
2802	3627	3629	2
2803	3629	3631	2
2804	3631	3633	2
2805	3633	3635	2
2806	3635	3637	2
2807	3637	3639	2
2808	3639	3641	2
2809	3641	3643	2
2810	3643	3645	2
2811	3645	3647	2
2812	3647	3649	2
2813	3649	3651	2
2814	3651	3653	2
2815	3653	3655	2
2816	3655	3657	2
2817	3657	3659	2
2818	3659	3661	2
2819	3661	3663	2
2820	3663	3665	2
2821	3665	3667	2
2822	3667	3669	2
2823	3669	3671	2
2824	3671	3673	2
2825	3673	3675	2
2826	3675	3677	2
2827	3677	3679	2
2828	3679	3681	2
2829	3681	3683	2
2830	3683	3685	2
2831	3685	3687	2
2832	3687	3689	2
2833	3689	3691	2
2834	3691	3693	2
2835	3693	3695	2
2836	3695	3697	2
2837	3697	3699	2
2838	3699	3701	2
2839	3701	3703	2
2840	3703	3705	2
2841	3705	3707	2
2842	3707	3709	2
2843	3709	3711	2
2844	3711	3713	2
2845	3713	3715	2
2846	3715	3717	2
2847	3717	3719	2
2848	3719	3721	2
2849	3721	3723	2
2850	3723	3725	2
2851	3725	3727	2
2852	3727	3729	2
2853	3729	3731	2
2854	3731	3733	2
2855	3733	3735	2
2856	3735	3737	2
2857	3737	3739	2
2858	3739	3741	2
2859	3741	3743	2
2860	3743	3745	2
2861	3745	3747	2
2862	3747	3749	2
2863	3749	3751	2
2864	3751	3753	2
2865	3753	3755	2
2866	3755	3757	2
2867	3757	3759	2
2868	3759	3761	2
2869	3761	3763	2
2870	3763	3765	2
2871	3765	3767	2
2872	3767	3769	2
2873	3769	3771	2
2874	3771	3773	2
2875	3773	3775	2
2876	3775	3777	2
2877	3777	3779	2
2878	3779	3781	2
2879	3781	3783	2
2880	3783	3785	2
2881	3785	3787	2
2882	3787	3789	2
2883	3789	3791	2
2884	3791	3793	2
2885	3793	3795	2
2886	3795	3797	2
2887	3797	3799	2
2888	3799	3801	2
2889	3801	3803	2
2890	3803	3805	2
2891	3805	3807	2
2892	3807	3809	2
2893	3809	3811	2
2894	3811	3813	2
2895	3813	3815	2
2896	3815	3817	2
2897	3817	3819	2
2898	3819	3821	2
2899	3821	3823	2
2900	3823	3825	2
2901	3825	3827	2
2902	3827	3829	2
2903	3829	3831	2
2904	3831	3833	2
2905	3833	3835	2
2906	3835	3837	2
2907	3837	3839	2
2908	3839	3841	2
2909	3841	3843	2
2910	3843	3845	2
2911	3845	3847	2
2912	3847	3849	2
2913	3849	3851	2
2914	3851	3853	2
2915	3853	3855	2
2916	3855	3857	2
2917	3857	3859	2
2918	3859	3861	2
2919	3861	3863	2
2920	3863	3865	2
2921	3865	3867	2
2922	3867	3869	2
2923	3869	3871	2
2924	3871	3873	2
2925	3873	3875	2
2926	3875	3877	2
2927	3877	3879	2
2928	3879	3881	2
2929	3881	3883	2
2930	3883	3885	2
2931	3885	3887	2
2932	3887	3889	2
2933	3889	3891	2
2934	3891	3893	2
2935	3893	3895	2
2936	3895	3897	2
2937	3897	3899	2
2938	3899	3901	2
2939	3901	3903	2
2940	3903	3905	2
2941	3905	3907	2
2942	3907	3909	2
2943	3909	3911	2
2944	3911	3913	2
2945	3913	3915	2
2946	3915	3917	2
2947	3917	3919	2
2948	3919	3921	2
2949	3921	3923	2
2950	3923	3925	2
2951	3925	3927	2
2952	3927	3929	2
2953	3929	3931	2
2954	3931	3933	2
2955	3933	3935	2
2956	3935	3937	2
2957	3937	3939	2
2958	3939	3941	2
2959	3941	3943	2
2960	3943	3945	2
2961	3945	3947	2
2962	3947	3949	2
2963	3949	3951	2
2964	3951	3953	2
2965	3953	3955	2
2966	3955	3957	2
2967	3957	3959	2
2968	3959	3961	2
2969	3961	3963	2
2970	3963	3965	2
2971	3965	3967	2
2972	3967	3969	2
2973	3969	3971	2
2974	3971	3973	2
2975	3973	3975	2
2976	3975	3977	2
2977	3977	3979	2
2978	3979	3981	2
2979	3981	3983	2
2980	3983	3985	2
2981	3985	3987	2
2982	3987	3989	2
2983	3989	3991	2
2984	3991	3993	2
2985	3993	3995	2
2986	3995	3997	2
2987	3997	3999	2
2988	3999	4001	2
2989	4001	4003	2
2990	4003	4005	2
2991	4005	4007	2
2992	4007	4009	2
2993	4009	4011	2
2994	4011	4013	2
2995	4013	4015	2
2996	4015	4017	2
2997	4017	4019	2
2998	4019	4021	2
2999	4021	4023	2
3000	4023	4025	2
3001	4025	4027	2
3002	4027	4029	2
3003	4029	4031	2
3004	4031	4033	2
3005	4033	4035	2
3006	4035	4037	2
3007	4037	4039	2
3008	4039	4041	2
3009	4041	4043	2
3010	4043	4045	2
3011	4045	4047	2
3012	4047	4049	2
3013	4049	4051	2
3014	4051	4053	2
3015	4053	4055	2
3016	4055	4057	2
3017	4057	4059	2
3018	4059	4061	2
3019	4061	4063	2
3020	4063	4065	2
3021	4065	4067	2
3022	4067	4069	2
3023	4069	4071	2
3024	4071	4073	2
3025	4073	4075	2
3026	4075	4077	2
3027	4077	4079	2
3028	4079	4081	2
3029	4081	4083	2
3030	4083	4085	2
3031	4085	4087	2
3032	4087	4089	2
3033	4089	4091	2
3034	4091	4093	2
3035	4093	4095	2
3036	4095	4097	2
3037	4097	4099	2
3038	4099	4101	2
3039	4101	4103	2
3040	4103	4105	2
3041	4105	4107	2
3042	4107	4109	2
3043	4109	4111	2
3044	4111	4113	2
3045	4113	4115	2
3046	4115	4117	2
3047	4117	4119	2
3048	4119	4121	2
3049	4121	4123	2
3050	4123	4125	2
3051	4125	4127	2
3052	4127	4129	2
3053	4129	4131	2
3054	4131	4133	2
3055	4133	4135	2
3056	4135	4137	2
3057	4137	4139	2
3058	4139	4141	2
3059	4141	4143	2
3060	4143	4145	2
3061	4145	4147	2
3062	4147	4149	2
3063	4149	4151	2
3064	4151	4153	2
3065	4153	4155	2
3066	4155	4157	2
3067	4157	4159	2
3068	4159	4161	2
3069	4161	4163	2
3070	4163	4165	2
3071	4165	4167	2
3072	4167	4169	2
3073	4169	4171	2
3074	4171	4173	2
3075	4173	4175	2
3076	4175	4177	2
3077	4177	4179	2
3078	4179	4181	2
3079	4181	4183	2
3080	4183	4185	2
3081	4185	4187	2
3082	4187	4189	2
3083	4189	4191	2
3084	4191	4193	2
3085	4193	4195	2
3086	4195	4197	2
3087	4197	4199	2
3088	4199	4201	2
3089	4201	4203	2
3090	4203	4205	2
3091	4205	4207	2
3092	4207	4209	2
3093	4209	4211	2
3094	4211	4213	2
3095	4213	4215	2
3096	4215	4217	2
3097	4217	4219	2
3098	4219	4221	2
3099	4221	4223	2
3100	4223	4225	2
3101	4225	4227	2
3102	4227	4229	2
3103	4229	4231	2
3104	4231	4233	2
3105	4233	4235	2
3106	4235	4237	2
3107	4237	4239	2
3108	4239	4241	2
3109	4241	4243	2
3110	4243	4245	2
3111	4245	4247	2
3112	4247	4249	2
3113	4249	4251	2
3114	4251	4253	2
3115	4253	4255	2
3116	4255	4257	2
3117	4257	4259	2
3118	4259	4261	2
3119	4261	4263	2
3120	4263	4265	2
3121	4265	4267	2
3122	4267	4269	2
3123	4269	4271	2
3124	4271	4273	2
3125	4273	4275	2
3126	4275	4277	2
3127	4277	4279	2
3128	4279	4281	2
3129	4281	4283	2
3130	4283	4285	2
3131	4285	4287	2
3132	4287	4289	2
3133	4289	4291	2
3134	4291	4293	2
3135	4293	4295	2
3136	4295	4297	2
3137	4297	4299	2
3138	4299	4301	2
3139	4301	4303	2
3140	4303	4305	2
3141	4305	4307	2
3142	4307	4309	2
3143	4309	4311	2
3144	4311	4313	2
3145	4313	4315	2
3146	4315	4317	2
3147	4317	4319	2
3148	4319	4321	2
3149	4321	4323	2
3150	4323	4325	2
3151	4325	4327	2
3152	4327	4329	2
3153	4329	4331	2
3154	4331	4333	2
3155	4333	4335	2
3156	4335	4337	2
3157	4337	4339	2
3158	4339	4341	2
3159	4341	4343	2
3160	4343	4345	2
3161	4345	4347	2
3162	4347	4349	2
3163	4349	4351	2
3164	4351	4353	2
3165	4353	4355	2
3166	4355	4357	2
3167	4357	4359	2
3168	4359	4361	2
3169	4361	4363	2
3170	4363	4365	2
3171	4365	4367	2
3172	4367	4369	2
3173	4369	4371	2
3174	4371	4373	2
3175	4373	4375	2
3176	4375	4377	2
3177	4377	4379	2
3178	4379	4381	2
3179	4381	4383	2
3180	4383	4385	2
3181	4385	4387	2
3182	4387	4389	2
3183	4389	4391	2
3184	4391	4393	2
3185	4393	4395	2
3186	4395	4397	2
3187	4397	4399	2
3188	4399	4401	2
3189	4401	4403	2
3190	4403	4405	2
3191	4405	4407	2
3192	4407	4409	2
3193	4409	4411	2
3194	4411	4413	2
3195	4413	4415	2
3196	4415	4417	2
3197	4417	4419	2
3198	4419	4421	2
3199	4421	4423	2
3200	4423	4425	2
3201	4425	4427	2
3202	4427	4429	2
3203	4429	4431	2
3204	4431	4433	2
3205	4433	4435	2
3206	4435	4437	2
3207	4437	4439	2
3208	4439	4441	2
3209	4441	4443	2
3210	4443	4445	2
3211	4445	4447	2
3212	4447	4449	2
3213	4449	4451	2
3214	4451	4453	2
3215	4453	4455	2
3216	4455	4457	2
3217	4457	4459	2
3218	4459	4461	2
3219	4461	4463	2
3220	4463	4465	2
3221	4465	4467	2
3222	4467	4469	2
3223	4469	4471	2
3224	4471	4473	2
3225	4473	4475	2
3226	4475	4477	2
3227	4477	4479	2
3228	4479	4481	2
3229	4481	4483	2
3230	4483	4485	2
3231	4485	4487	2
3232	4487	4489	2
3233	4489	4491	2
3234	4491	4493	2
3235	4493	4495	2
3236	4495	4497	2
3237	4497	4499	2
3238	4499	4501	2
3239	4501	4503	2
3240	4503	4505	2
3241	4505	4507	2
3242	4507	4509	2
3243	4509	4511	2
3244	4511	4513	2
3245	4513	4515	2
3246	4515	4517	2
3247	4517	4519	2
3248	4519	4521	2
3249	4521	4523	2
3250	4523	4525	2
3251	4525	4527	2
3252	4527	4529	2
3253	4529	4531	2
3254	4531	4533	2
3255	4533	4535	2
3256	4535	4537	2
3257	4537	4539	2
3258	4539	4541	2
3259	4541	4543	2
3260	4543	4545	2
3261	4545	4547	2
3262	4547	4549	2
3263	4549	4551	2
3264	4551	4553	2
3265	4553	4555	2
3266	4555	4557	2
3267	4557	4559	2
3268	4559	4561	2
3269	4561	4563	2
3270	4563	4565	2
3271	4565	4567	2
3272	4567	4569	2
3273	4569	4571	2
3274	4571	4573	2
3275	4573	4575	2
3276	4575	4577	2
3277	4577	4579	2
3278	4579	4581	2
3279	4581	4583	2
3280	4583	4585	2
3281	4585	4587	2
3282	4587	4589	2
3283	4589	4591	2
3284	4591	4593	2
3285	4593	4595	2
3286	4595	4597	2
3287	4597	4600	3
3288	4600	4603	3
3289	4603	4606	3
3290	4606	4609	3
3291	4609	4612	3
3292	4612	4615	3
3293	4615	4618	3
3294	4618	4621	3
3295	4621	4624	3
3296	4624	4627	3
3297	4627	4630	3
3298	4630	4633	3
3299	4633	4636	3
3300	4636	4639	3
3301	4639	4642	3
3302	4642	4645	3
3303	4645	4648	3
3304	4648	4651	3
3305	4651	4654	3
3306	4654	4657	3
3307	4657	4660	3
3308	4660	4663	3
3309	4663	4666	3
3310	4666	4669	3
3311	4669	4672	3
3312	4672	4675	3
3313	4675	4678	3
3314	4678	4681	3
3315	4681	4684	3
3316	4684	4687	3
3317	4687	4690	3
3318	4690	4693	3
3319	4693	4696	3
3320	4696	4699	3
3321	4699	4702	3
3322	4702	4705	3
3323	4705	4708	3
3324	4708	4711	3
3325	4711	4714	3
3326	4714	4717	3
3327	4717	4720	3
3328	4720	4723	3
3329	4723	4726	3
3330	4726	4729	3
3331	4729	4732	3
3332	4732	4735	3
3333	4735	4738	3
3334	4738	4741	3
3335	4741	4744	3
3336	4744	4747	3
3337	4747	4750	3
3338	4750	4753	3
3339	4753	4756	3
3340	4756	4759	3
3341	4759	4762	3
3342	4762	4765	3
3343	4765	4768	3
3344	4768	4771	3
3345	4771	4774	3
3346	4774	4777	3
3347	4777	4780	3
3348	4780	4783	3
3349	4783	4786	3
3350	4786	4789	3
3351	4789	4792	3
3352	4792	4795	3
3353	4795	4798	3
3354	4798	4801	3
3355	4801	4804	3
3356	4804	4807	3
3357	4807	4810	3
3358	4810	4813	3
3359	4813	4816	3
3360	4816	4819	3
3361	4819	4822	3
3362	4822	4825	3
3363	4825	4828	3
3364	4828	4831	3
3365	4831	4834	3
3366	4834	4837	3
3367	4837	4840	3
3368	4840	4843	3
3369	4843	4846	3
3370	4846	4849	3
3371	4849	4852	3
3372	4852	4855	3
3373	4855	4858	3
3374	4858	4861	3
3375	4861	4864	3
3376	4864	4867	3
3377	4867	4870	3
3378	4870	4873	3
3379	4873	4876	3
3380	4876	4879	3
3381	4879	4882	3
3382	4882	4885	3
3383	4885	4888	3
3384	4888	4891	3
3385	4891	4894	3
3386	4894	4897	3
3387	4897	4900	3
3388	4900	4903	3
3389	4903	4906	3
3390	4906	4909	3
3391	4909	4912	3
3392	4912	4915	3
3393	4915	4918	3
3394	4918	4921	3
3395	4921	4924	3
3396	4924	4927	3
3397	4927	4930	3
3398	4930	4933	3
3399	4933	4936	3
3400	4936	4939	3
3401	4939	4942	3
3402	4942	4945	3
3403	4945	4948	3
3404	4948	4951	3
3405	4951	4954	3
3406	4954	4957	3
3407	4957	4960	3
3408	4960	4963	3
3409	4963	4966	3
3410	4966	4969	3
3411	4969	4972	3
3412	4972	4975	3
3413	4975	4978	3
3414	4978	4981	3
3415	4981	4984	3
3416	4984	4987	3
3417	4987	4990	3
3418	4990	4993	3
3419	4993	4996	3
3420	4996	4999	3
3421	4999	5002	3
3422	5002	5005	3
3423	5005	5008	3
3424	5008	5011	3
3425	5011	5014	3
3426	5014	5017	3
3427	5017	5020	3
3428	5020	5023	3
3429	5023	5026	3
3430	5026	5029	3
3431	5029	5032	3
3432	5032	5035	3
3433	5035	5038	3
3434	5038	5041	3
3435	5041	5044	3
3436	5044	5047	3
3437	5047	5050	3
3438	5050	5053	3
3439	5053	5056	3
3440	5056	5059	3
3441	5059	5062	3
3442	5062	5065	3
3443	5065	5068	3
3444	5068	5071	3
3445	5071	5074	3
3446	5074	5077	3
3447	5077	5080	3
3448	5080	5083	3
3449	5083	5086	3
3450	5086	5089	3
3451	5089	5092	3
3452	5092	5095	3
3453	5095	5098	3
3454	5098	5101	3
3455	5101	5104	3
3456	5104	5107	3
3457	5107	5110	3
3458	5110	5113	3
3459	5113	5116	3
3460	5116	5119	3
3461	5119	5122	3
3462	5122	5125	3
3463	5125	5128	3
3464	5128	5131	3
3465	5131	5134	3
3466	5134	5137	3
3467	5137	5140	3
3468	5140	5143	3
3469	5143	5146	3
3470	5146	5149	3
3471	5149	5152	3
3472	5152	5155	3
3473	5155	5158	3
3474	5158	5161	3
3475	5161	5164	3
3476	5164	5167	3
3477	5167	5170	3
3478	5170	5173	3
3479	5173	5176	3
3480	5176	5179	3
3481	5179	5182	3
3482	5182	5185	3
3483	5185	5188	3
3484	5188	5191	3
3485	5191	5194	3
3486	5194	5197	3
3487	5197	5200	3
3488	5200	5203	3
3489	5203	5206	3
3490	5206	5209	3
3491	5209	5212	3
3492	5212	5215	3
3493	5215	5218	3
3494	5218	5221	3
3495	5221	5224	3
3496	5224	5227	3
3497	5227	5230	3
3498	5230	5233	3
3499	5233	5236	3
3500	5236	5239	3
3501	5239	5242	3
3502	5242	5245	3
3503	5245	5248	3
3504	5248	5251	3
3505	5251	5254	3
3506	5254	5257	3
3507	5257	5260	3
3508	5260	5263	3
3509	5263	5266	3
3510	5266	5269	3
3511	5269	5272	3
3512	5272	5275	3
3513	5275	5278	3
3514	5278	5281	3
3515	5281	5284	3
3516	5284	5287	3
3517	5287	5290	3
3518	5290	5293	3
3519	5293	5296	3
3520	5296	5299	3
3521	5299	5302	3
3522	5302	5305	3
3523	5305	5308	3
3524	5308	5311	3
3525	5311	5314	3
3526	5314	5317	3
3527	5317	5320	3
3528	5320	5323	3
3529	5323	5326	3
3530	5326	5329	3
3531	5329	5332	3
3532	5332	5335	3
3533	5335	5338	3
3534	5338	5341	3
3535	5341	5344	3
3536	5344	5347	3
3537	5347	5350	3
3538	5350	5353	3
3539	5353	5356	3
3540	5356	5359	3
3541	5359	5362	3
3542	5362	5365	3
3543	5365	5368	3
3544	5368	5371	3
3545	5371	5374	3
3546	5374	5377	3
3547	5377	5380	3
3548	5380	5383	3
3549	5383	5386	3
3550	5386	5389	3
3551	5389	5392	3
3552	5392	5395	3
3553	5395	5398	3
3554	5398	5401	3
3555	5401	5404	3
3556	5404	5407	3
3557	5407	5410	3
3558	5410	5413	3
3559	5413	5416	3
3560	5416	5419	3
3561	5419	5422	3
3562	5422	5425	3
3563	5425	5428	3
3564	5428	5431	3
3565	5431	5434	3
3566	5434	5437	3
3567	5437	5440	3
3568	5440	5443	3
3569	5443	5446	3
3570	5446	5449	3
3571	5449	5452	3
3572	5452	5455	3
3573	5455	5458	3
3574	5458	5461	3
3575	5461	5464	3
3576	5464	5467	3
3577	5467	5470	3
3578	5470	5473	3
3579	5473	5476	3
3580	5476	5479	3
3581	5479	5482	3
3582	5482	5485	3
3583	5485	5488	3
3584	5488	5491	3
3585	5491	5494	3
3586	5494	5497	3
3587	5497	5500	3
3588	5500	5503	3
3589	5503	5506	3
3590	5506	5509	3
3591	5509	5512	3
3592	5512	5515	3
3593	5515	5518	3
3594	5518	5521	3
3595	5521	5524	3
3596	5524	5527	3
3597	5527	5530	3
3598	5530	5533	3
3599	5533	5536	3
3600	5536	5539	3
3601	5539	5542	3
3602	5542	5545	3
3603	5545	5548	3
3604	5548	5551	3
3605	5551	5554	3
3606	5554	5557	3
3607	5557	5560	3
3608	5560	5563	3
3609	5563	5566	3
3610	5566	5569	3
3611	5569	5572	3
3612	5572	5575	3
3613	5575	5578	3
3614	5578	5581	3
3615	5581	5584	3
3616	5584	5587	3
3617	5587	5590	3
3618	5590	5593	3
3619	5593	5596	3
3620	5596	5599	3
3621	5599	5602	3
3622	5602	5605	3
3623	5605	5608	3
3624	5608	5611	3
3625	5611	5614	3
3626	5614	5617	3
3627	5617	5620	3
3628	5620	5623	3
3629	5623	5626	3
3630	5626	5629	3
3631	5629	5632	3
3632	5632	5635	3
3633	5635	5638	3
3634	5638	5641	3
3635	5641	5644	3
3636	5644	5647	3
3637	5647	5650	3
3638	5650	5653	3
3639	5653	5656	3
3640	5656	5659	3
3641	5659	5662	3
3642	5662	5665	3
3643	5665	5668	3
3644	5668	5671	3
3645	5671	5674	3
3646	5674	5677	3
3647	5677	5680	3
3648	5680	5683	3
3649	5683	5686	3
3650	5686	5689	3
3651	5689	5692	3
3652	5692	5695	3
3653	5695	5698	3
3654	5698	5701	3
3655	5701	5704	3
3656	5704	5707	3
3657	5707	5710	3
3658	5710	5713	3
3659	5713	5716	3
3660	5716	5719	3
3661	5719	5722	3
3662	5722	5725	3
3663	5725	5728	3
3664	5728	5731	3
3665	5731	5734	3
3666	5734	5737	3
3667	5737	5740	3
3668	5740	5743	3
3669	5743	5746	3
3670	5746	5749	3
3671	5749	5752	3
3672	5752	5755	3
3673	5755	5758	3
3674	5758	5761	3
3675	5761	5764	3
3676	5764	5767	3
3677	5767	5770	3
3678	5770	5773	3
3679	5773	5776	3
3680	5776	5779	3
3681	5779	5782	3
3682	5782	5785	3
3683	5785	5788	3
3684	5788	5791	3
3685	5791	5794	3
3686	5794	5797	3
3687	5797	5800	3
3688	5800	5803	3
3689	5803	5806	3
3690	5806	5809	3
3691	5809	5812	3
3692	5812	5815	3
3693	5815	5818	3
3694	5818	5821	3
3695	5821	5824	3
3696	5824	5827	3
3697	5827	5830	3
3698	5830	5833	3
3699	5833	5836	3
3700	5836	5839	3
3701	5839	5842	3
3702	5842	5845	3
3703	5845	5848	3
3704	5848	5851	3
3705	5851	5854	3
3706	5854	5857	3
3707	5857	5860	3
3708	5860	5863	3
3709	5863	5866	3
3710	5866	5869	3
3711	5869	5872	3
3712	5872	5875	3
3713	5875	5878	3
3714	5878	5881	3
3715	5881	5884	3
3716	5884	5887	3
3717	5887	5890	3
3718	5890	5893	3
3719	5893	5896	3
3720	5896	5899	3
3721	5899	5902	3
3722	5902	5905	3
3723	5905	5908	3
3724	5908	5911	3
3725	5911	5914	3
3726	5914	5917	3
3727	5917	5920	3
3728	5920	5923	3
3729	5923	5926	3
3730	5926	5929	3
3731	5929	5932	3
3732	5932	5935	3
3733	5935	5938	3
3734	5938	5941	3
3735	5941	5944	3
3736	5944	5947	3
3737	5947	5950	3
3738	5950	5953	3
3739	5953	5956	3
3740	5956	5959	3
3741	5959	5962	3
3742	5962	5965	3
3743	5965	5968	3
3744	5968	5971	3
3745	5971	5974	3
3746	5974	5977	3
3747	5977	5980	3
3748	5980	5983	3
3749	5983	5986	3
3750	5986	5989	3
3751	5989	5992	3
3752	5992	5995	3
3753	5995	5998	3
3754	5998	6001	3
3755	6001	6004	3
3756	6004	6007	3
3757	6007	6010	3
3758	6010	6013	3
3759	6013	6016	3
3760	6016	6019	3
3761	6019	6022	3
3762	6022	6025	3
3763	6025	6028	3
3764	6028	6031	3
3765	6031	6034	3
3766	6034	6037	3
3767	6037	6040	3
3768	6040	6043	3
3769	6043	6046	3
3770	6046	6049	3
3771	6049	6052	3
3772	6052	6055	3
3773	6055	6058	3
3774	6058	6061	3
3775	6061	6064	3
3776	6064	6067	3
3777	6067	6070	3
3778	6070	6073	3
3779	6073	6076	3
3780	6076	6079	3
3781	6079	6082	3
3782	6082	6085	3
3783	6085	6088	3
3784	6088	6091	3
3785	6091	6094	3
3786	6094	6097	3
3787	6097	6100	3
3788	6100	6103	3
3789	6103	6106	3
3790	6106	6109	3
3791	6109	6112	3
3792	6112	6115	3
3793	6115	6118	3
3794	6118	6121	3
3795	6121	6124	3
3796	6124	6127	3
3797	6127	6130	3
3798	6130	6133	3
3799	6133	6136	3
3800	6136	6139	3
3801	6139	6142	3
3802	6142	6145	3
3803	6145	6148	3
3804	6148	6151	3
3805	6151	6154	3
3806	6154	6157	3
3807	6157	6160	3
3808	6160	6163	3
3809	6163	6166	3
3810	6166	6169	3
3811	6169	6172	3
3812	6172	6175	3
3813	6175	6178	3
3814	6178	6181	3
3815	6181	6184	3
3816	6184	6187	3
3817	6187	6190	3
3818	6190	6193	3
3819	6193	6196	3
3820	6196	6199	3
3821	6199	6202	3
3822	6202	6205	3
3823	6205	6209	4
3824	6209	6213	4
3825	6213	6217	4
3826	6217	6221	4
3827	6221	6225	4
3828	6225	6229	4
3829	6229	6233	4
3830	6233	6237	4
3831	6237	6241	4
3832	6241	6245	4
3833	6245	6249	4
3834	6249	6253	4
3835	6253	6257	4
3836	6257	6261	4
3837	6261	6265	4
3838	6265	6269	4
3839	6269	6273	4
3840	6273	6277	4
3841	6277	6281	4
3842	6281	6285	4
3843	6285	6289	4
3844	6289	6293	4
3845	6293	6297	4
3846	6297	6301	4
3847	6301	6305	4
3848	6305	6309	4
3849	6309	6313	4
3850	6313	6317	4
3851	6317	6321	4
3852	6321	6325	4
3853	6325	6329	4
3854	6329	6333	4
3855	6333	6337	4
3856	6337	6341	4
3857	6341	6345	4
3858	6345	6349	4
3859	6349	6353	4
3860	6353	6357	4
3861	6357	6361	4
3862	6361	6365	4
3863	6365	6369	4
3864	6369	6373	4
3865	6373	6377	4
3866	6377	6381	4
3867	6381	6385	4
3868	6385	6389	4
3869	6389	6393	4
3870	6393	6397	4
3871	6397	6401	4
3872	6401	6405	4
3873	6405	6409	4
3874	6409	6413	4
3875	6413	6417	4
3876	6417	6421	4
3877	6421	6425	4
3878	6425	6429	4
3879	6429	6433	4
3880	6433	6437	4
3881	6437	6441	4
3882	6441	6445	4
3883	6445	6449	4
3884	6449	6453	4
3885	6453	6457	4
3886	6457	6461	4
3887	6461	6465	4
3888	6465	6469	4
3889	6469	6473	4
3890	6473	6477	4
3891	6477	6481	4
3892	6481	6485	4
3893	6485	6489	4
3894	6489	6493	4
3895	6493	6497	4
3896	6497	6501	4
3897	6501	6505	4
3898	6505	6509	4
3899	6509	6513	4
3900	6513	6517	4
3901	6517	6521	4
3902	6521	6525	4
3903	6525	6529	4
3904	6529	6533	4
3905	6533	6537	4
3906	6537	6541	4
3907	6541	6545	4
3908	6545	6549	4
3909	6549	6553	4
3910	6553	6557	4
3911	6557	6561	4
3912	6561	6565	4
3913	6565	6569	4
3914	6569	6573	4
3915	6573	6577	4
3916	6577	6581	4
3917	6581	6585	4
3918	6585	6589	4
3919	6589	6593	4
3920	6593	6597	4
3921	6597	6601	4
3922	6601	6605	4
3923	6605	6609	4
3924	6609	6613	4
3925	6613	6617	4
3926	6617	6621	4
3927	6621	6625	4
3928	6625	6629	4
3929	6629	6633	4
3930	6633	6637	4
3931	6637	6641	4
3932	6641	6645	4
3933	6645	6649	4
3934	6649	6653	4
3935	6653	6657	4
3936	6657	6661	4
3937	6661	6665	4
3938	6665	6669	4
3939	6669	6673	4
3940	6673	6677	4
3941	6677	6681	4
3942	6681	6685	4
3943	6685	6689	4
3944	6689	6693	4
3945	6693	6697	4
3946	6697	6701	4
3947	6701	6705	4
3948	6705	6709	4
3949	6709	6713	4
3950	6713	6717	4
3951	6717	6721	4
3952	6721	6725	4
3953	6725	6729	4
3954	6729	6733	4
3955	6733	6737	4
3956	6737	6741	4
3957	6741	6745	4
3958	6745	6749	4
3959	6749	6753	4
3960	6753	6757	4
3961	6757	6761	4
3962	6761	6765	4
3963	6765	6769	4
3964	6769	6773	4
3965	6773	6777	4
3966	6777	6781	4
3967	6781	6785	4
3968	6785	6789	4
3969	6789	6793	4
3970	6793	6797	4
3971	6797	6801	4
3972	6801	6805	4
3973	6805	6809	4
3974	6809	6813	4
3975	6813	6817	4
3976	6817	6821	4
3977	6821	6825	4
3978	6825	6829	4
3979	6829	6833	4
3980	6833	6837	4
3981	6837	6841	4
3982	6841	6845	4
3983	6845	6849	4
3984	6849	6853	4
3985	6853	6857	4
3986	6857	6861	4
3987	6861	6865	4
3988	6865	6869	4
3989	6869	6873	4
3990	6873	6877	4
3991	6877	6881	4
3992	6881	6885	4
3993	6885	6889	4
3994	6889	6893	4
3995	6893	6897	4
3996	6897	6901	4
3997	6901	6905	4
3998	6905	6909	4
3999	6909	6913	4
4000	6913	6917	4
4001	6917	6921	4
4002	6921	6925	4
4003	6925	6929	4
4004	6929	6933	4
4005	6933	6937	4
4006	6937	6941	4
4007	6941	6945	4
4008	6945	6949	4
4009	6949	6953	4
4010	6953	6957	4
4011	6957	6961	4
4012	6961	6965	4
4013	6965	6969	4
4014	6969	6973	4
4015	6973	6977	4
4016	6977	6981	4
4017	6981	6985	4
4018	6985	6989	4
4019	6989	6993	4
4020	6993	6997	4
4021	6997	7001	4
4022	7001	7005	4
4023	7005	7009	4
4024	7009	7013	4
4025	7013	7017	4
4026	7017	7021	4
4027	7021	7025	4
4028	7025	7029	4
4029	7029	7033	4
4030	7033	7037	4
4031	7037	7041	4
4032	7041	7045	4
4033	7045	7049	4
4034	7049	7053	4
4035	7053	7057	4
4036	7057	7061	4
4037	7061	7065	4
4038	7065	7069	4
4039	7069	7073	4
4040	7073	7077	4
4041	7077	7081	4
4042	7081	7085	4
4043	7085	7089	4
4044	7089	7093	4
4045	7093	7097	4
4046	7097	7101	4
4047	7101	7105	4
4048	7105	7109	4
4049	7109	7113	4
4050	7113	7117	4
4051	7117	7121	4
4052	7121	7125	4
4053	7125	7129	4
4054	7129	7133	4
4055	7133	7137	4
4056	7137	7141	4
4057	7141	7145	4
4058	7145	7149	4
4059	7149	7153	4
4060	7153	7157	4
4061	7157	7161	4
4062	7161	7165	4
4063	7165	7169	4
4064	7169	7173	4
4065	7173	7177	4
4066	7177	7181	4
4067	7181	7185	4
4068	7185	7189	4
4069	7189	7193	4
4070	7193	7197	4
4071	7197	7201	4
4072	7201	7205	4
4073	7205	7209	4
4074	7209	7213	4
4075	7213	7217	4
4076	7217	7221	4
4077	7221	7225	4
4078	7225	7229	4
4079	7229	7233	4
4080	7233	7237	4
4081	7237	7241	4
4082	7241	7245	4
4083	7245	7249	4
4084	7249	7253	4
4085	7253	7257	4
4086	7257	7261	4
4087	7261	7265	4
4088	7265	7269	4
4089	7269	7273	4
4090	7273	7277	4
4091	7277	7281	4
4092	7281	7285	4
4093	7285	7289	4
4094	7289	7293	4
4095	7293	7297	4
4096	7297	7301	4
4097	7301	7305	4
4098	7305	7309	4
4099	7309	7313	4
4100	7313	7317	4
4101	7317	7321	4
4102	7321	7325	4
4103	7325	7329	4
4104	7329	7333	4
4105	7333	7337	4
4106	7337	7341	4
4107	7341	7345	4
4108	7345	7349	4
4109	7349	7353	4
4110	7353	7357	4
4111	7357	7361	4
4112	7361	7365	4
4113	7365	7369	4
4114	7369	7373	4
4115	7373	7377	4
4116	7377	7381	4
4117	7381	7385	4
4118	7385	7389	4
4119	7389	7393	4
4120	7393	7397	4
4121	7397	7401	4
4122	7401	7405	4
4123	7405	7409	4
4124	7409	7413	4
4125	7413	7417	4
4126	7417	7421	4
4127	7421	7425	4
4128	7425	7429	4
4129	7429	7433	4
4130	7433	7437	4
4131	7437	7441	4
4132	7441	7445	4
4133	7445	7449	4
4134	7449	7453	4
4135	7453	7457	4
4136	7457	7461	4
4137	7461	7465	4
4138	7465	7469	4
4139	7469	7473	4
4140	7473	7477	4
4141	7477	7481	4
4142	7481	7485	4
4143	7485	7489	4
4144	7489	7493	4
4145	7493	7497	4
4146	7497	7501	4
4147	7501	7505	4
4148	7505	7509	4
4149	7509	7513	4
4150	7513	7517	4
4151	7517	7521	4
4152	7521	7525	4
4153	7525	7529	4
4154	7529	7533	4
4155	7533	7537	4
4156	7537	7541	4
4157	7541	7545	4
4158	7545	7549	4
4159	7549	7553	4
4160	7553	7557	4
4161	7557	7561	4
4162	7561	7566	5
4163	7566	7571	5
4164	7571	7576	5
4165	7576	7581	5
4166	7581	7586	5
4167	7586	7591	5
4168	7591	7596	5
4169	7596	7601	5
4170	7601	7606	5
4171	7606	7611	5
4172	7611	7616	5
4173	7616	7621	5
4174	7621	7626	5
4175	7626	7631	5
4176	7631	7636	5
4177	7636	7641	5
4178	7641	7646	5
4179	7646	7651	5
4180	7651	7656	5
4181	7656	7661	5
4182	7661	7666	5
4183	7666	7671	5
4184	7671	7676	5
4185	7676	7681	5
4186	7681	7686	5
4187	7686	7691	5
4188	7691	7696	5
4189	7696	7701	5
4190	7701	7706	5
4191	7706	7711	5
4192	7711	7716	5
4193	7716	7721	5
4194	7721	7726	5
4195	7726	7731	5
4196	7731	7736	5
4197	7736	7741	5
4198	7741	7746	5
4199	7746	7751	5
4200	7751	7756	5
4201	7756	7761	5
4202	7761	7766	5
4203	7766	7771	5
4204	7771	7776	5
4205	7776	7781	5
4206	7781	7786	5
4207	7786	7791	5
4208	7791	7796	5
4209	7796	7801	5
4210	7801	7806	5
4211	7806	7811	5
4212	7811	7816	5
4213	7816	7821	5
4214	7821	7826	5
4215	7826	7831	5
4216	7831	7836	5
4217	7836	7841	5
4218	7841	7846	5
4219	7846	7851	5
4220	7851	7856	5
4221	7856	7861	5
4222	7861	7866	5
4223	7866	7871	5
4224	7871	7876	5
4225	7876	7881	5
4226	7881	7886	5
4227	7886	7891	5
4228	7891	7896	5
4229	7896	7901	5
4230	7901	7906	5
4231	7906	7911	5
4232	7911	7916	5
4233	7916	7921	5
4234	7921	7926	5
4235	7926	7931	5
4236	7931	7936	5
4237	7936	7941	5
4238	7941	7946	5
4239	7946	7951	5
4240	7951	7956	5
4241	7956	7961	5
4242	7961	7966	5
4243	7966	7971	5
4244	7971	7976	5
4245	7976	7981	5
4246	7981	7986	5
4247	7986	7991	5
4248	7991	7996	5
4249	7996	8001	5
4250	8001	8006	5
4251	8006	8011	5
4252	8011	8016	5
4253	8016	8021	5
4254	8021	8026	5
4255	8026	8031	5
4256	8031	8036	5
4257	8036	8041	5
4258	8041	8046	5
4259	8046	8051	5
4260	8051	8056	5
4261	8056	8061	5
4262	8061	8066	5
4263	8066	8071	5
4264	8071	8076	5
4265	8076	8081	5
4266	8081	8086	5
4267	8086	8091	5
4268	8091	8096	5
4269	8096	8101	5
4270	8101	8106	5
4271	8106	8111	5
4272	8111	8116	5
4273	8116	8121	5
4274	8121	8126	5
4275	8126	8131	5
4276	8131	8136	5
4277	8136	8141	5
4278	8141	8146	5
4279	8146	8151	5
4280	8151	8156	5
4281	8156	8161	5
4282	8161	8166	5
4283	8166	8171	5
4284	8171	8176	5
4285	8176	8181	5
4286	8181	8186	5
4287	8186	8191	5
4288	8191	8196	5
4289	8196	8201	5
4290	8201	8206	5
4291	8206	8211	5
4292	8211	8216	5
4293	8216	8221	5
4294	8221	8226	5
4295	8226	8231	5
4296	8231	8236	5
4297	8236	8241	5
4298	8241	8246	5
4299	8246	8251	5
4300	8251	8256	5
4301	8256	8261	5
4302	8261	8266	5
4303	8266	8271	5
4304	8271	8276	5
4305	8276	8281	5
4306	8281	8286	5
4307	8286	8291	5
4308	8291	8296	5
4309	8296	8301	5
4310	8301	8306	5
4311	8306	8311	5
4312	8311	8316	5
4313	8316	8321	5
4314	8321	8326	5
4315	8326	8331	5
4316	8331	8336	5
4317	8336	8341	5
4318	8341	8346	5
4319	8346	8351	5
4320	8351	8356	5
4321	8356	8361	5
4322	8361	8366	5
4323	8366	8371	5
4324	8371	8376	5
4325	8376	8381	5
4326	8381	8386	5
4327	8386	8391	5
4328	8391	8396	5
4329	8396	8401	5
4330	8401	8406	5
4331	8406	8411	5
4332	8411	8416	5
4333	8416	8421	5
4334	8421	8426	5
4335	8426	8431	5
4336	8431	8436	5
4337	8436	8441	5
4338	8441	8446	5
4339	8446	8451	5
4340	8451	8456	5
4341	8456	8461	5
4342	8461	8466	5
4343	8466	8471	5
4344	8471	8476	5
4345	8476	8481	5
4346	8481	8486	5
4347	8486	8491	5
4348	8491	8496	5
4349	8496	8501	5
4350	8501	8506	5
4351	8506	8511	5
4352	8511	8516	5
4353	8516	8521	5
4354	8521	8526	5
4355	8526	8531	5
4356	8531	8536	5
4357	8536	8541	5
4358	8541	8546	5
4359	8546	8551	5
4360	8551	8556	5
4361	8556	8561	5
4362	8561	8566	5
4363	8566	8571	5
4364	8571	8576	5
4365	8576	8581	5
4366	8581	8586	5
4367	8586	8591	5
4368	8591	8596	5
4369	8596	8601	5
4370	8601	8606	5
4371	8606	8611	5
4372	8611	8616	5
4373	8616	8621	5
4374	8621	8626	5
4375	8626	8631	5
4376	8631	8636	5
4377	8636	8641	5
4378	8641	8646	5
4379	8646	8651	5
4380	8651	8656	5
4381	8656	8661	5
4382	8661	8666	5
4383	8666	8671	5
4384	8671	8676	5
4385	8676	8681	5
4386	8681	8686	5
4387	8686	8691	5
4388	8691	8696	5
4389	8696	8701	5
4390	8701	8706	5
4391	8706	8711	5
4392	8711	8716	5
4393	8716	8722	6
4394	8722	8728	6
4395	8728	8734	6
4396	8734	8740	6
4397	8740	8746	6
4398	8746	8752	6
4399	8752	8758	6
4400	8758	8764	6
4401	8764	8770	6
4402	8770	8776	6
4403	8776	8782	6
4404	8782	8788	6
4405	8788	8794	6
4406	8794	8800	6
4407	8800	8806	6
4408	8806	8812	6
4409	8812	8818	6
4410	8818	8824	6
4411	8824	8830	6
4412	8830	8836	6
4413	8836	8842	6
4414	8842	8848	6
4415	8848	8854	6
4416	8854	8860	6
4417	8860	8866	6
4418	8866	8872	6
4419	8872	8878	6
4420	8878	8884	6
4421	8884	8890	6
4422	8890	8896	6
4423	8896	8902	6
4424	8902	8908	6
4425	8908	8914	6
4426	8914	8920	6
4427	8920	8926	6
4428	8926	8932	6
4429	8932	8938	6
4430	8938	8944	6
4431	8944	8950	6
4432	8950	8956	6
4433	8956	8962	6
4434	8962	8968	6
4435	8968	8974	6
4436	8974	8980	6
4437	8980	8986	6
4438	8986	8992	6
4439	8992	8998	6
4440	8998	9004	6
4441	9004	9010	6
4442	9010	9016	6
4443	9016	9022	6
4444	9022	9028	6
4445	9028	9034	6
4446	9034	9040	6
4447	9040	9046	6
4448	9046	9052	6
4449	9052	9058	6
4450	9058	9064	6
4451	9064	9070	6
4452	9070	9076	6
4453	9076	9082	6
4454	9082	9088	6
4455	9088	9094	6
4456	9094	9100	6
4457	9100	9106	6
4458	9106	9112	6
4459	9112	9118	6
4460	9118	9124	6
4461	9124	9130	6
4462	9130	9136	6
4463	9136	9142	6
4464	9142	9148	6
4465	9148	9154	6
4466	9154	9160	6
4467	9160	9166	6
4468	9166	9172	6
4469	9172	9178	6
4470	9178	9184	6
4471	9184	9190	6
4472	9190	9196	6
4473	9196	9202	6
4474	9202	9208	6
4475	9208	9214	6
4476	9214	9220	6
4477	9220	9226	6
4478	9226	9232	6
4479	9232	9238	6
4480	9238	9244	6
4481	9244	9250	6
4482	9250	9256	6
4483	9256	9262	6
4484	9262	9268	6
4485	9268	9274	6
4486	9274	9280	6
4487	9280	9286	6
4488	9286	9292	6
4489	9292	9298	6
4490	9298	9304	6
4491	9304	9310	6
4492	9310	9316	6
4493	9316	9322	6
4494	9322	9328	6
4495	9328	9334	6
4496	9334	9340	6
4497	9340	9346	6
4498	9346	9352	6
4499	9352	9358	6
4500	9358	9364	6
4501	9364	9370	6
4502	9370	9376	6
4503	9376	9382	6
4504	9382	9388	6
4505	9388	9394	6
4506	9394	9400	6
4507	9400	9406	6
4508	9406	9412	6
4509	9412	9418	6
4510	9418	9424	6
4511	9424	9430	6
4512	9430	9436	6
4513	9436	9442	6
4514	9442	9448	6
4515	9448	9454	6
4516	9454	9460	6
4517	9460	9466	6
4518	9466	9472	6
4519	9472	9478	6
4520	9478	9484	6
4521	9484	9490	6
4522	9490	9496	6
4523	9496	9502	6
4524	9502	9508	6
4525	9508	9514	6
4526	9514	9520	6
4527	9520	9526	6
4528	9526	9532	6
4529	9532	9538	6
4530	9538	9544	6
4531	9544	9550	6
4532	9550	9556	6
4533	9556	9562	6
4534	9562	9568	6
4535	9568	9574	6
4536	9574	9580	6
4537	9580	9586	6
4538	9586	9592	6
4539	9592	9598	6
4540	9598	9604	6
4541	9604	9610	6
4542	9610	9616	6
4543	9616	9622	6
4544	9622	9628	6
4545	9628	9634	6
4546	9634	9640	6
4547	9640	9646	6
4548	9646	9652	6
4549	9652	9658	6
4550	9658	9664	6
4551	9664	9670	6
4552	9670	9677	7
4553	9677	9684	7
4554	9684	9691	7
4555	9691	9698	7
4556	9698	9705	7
4557	9705	9712	7
4558	9712	9719	7
4559	9719	9726	7
4560	9726	9733	7
4561	9733	9740	7
4562	9740	9747	7
4563	9747	9754	7
4564	9754	9761	7
4565	9761	9768	7
4566	9768	9775	7
4567	9775	9782	7
4568	9782	9789	7
4569	9789	9796	7
4570	9796	9803	7
4571	9803	9810	7
4572	9810	9817	7
4573	9817	9824	7
4574	9824	9831	7
4575	9831	9838	7
4576	9838	9845	7
4577	9845	9852	7
4578	9852	9859	7
4579	9859	9866	7
4580	9866	9873	7
4581	9873	9880	7
4582	9880	9887	7
4583	9887	9894	7
4584	9894	9901	7
4585	9901	9908	7
4586	9908	9915	7
4587	9915	9922	7
4588	9922	9929	7
4589	9929	9936	7
4590	9936	9943	7
4591	9943	9950	7
4592	9950	9957	7
4593	9957	9964	7
4594	9964	9971	7
4595	9971	9978	7
4596	9978	9985	7
4597	9985	9992	7
4598	9992	9999	7
4599	9999	10006	7
4600	10006	10013	7
4601	10013	10020	7
4602	10020	10027	7
4603	10027	10034	7
4604	10034	10041	7
4605	10041	10048	7
4606	10048	10055	7
4607	10055	10062	7
4608	10062	10069	7
4609	10069	10076	7
4610	10076	10083	7
4611	10083	10090	7
4612	10090	10097	7
4613	10097	10104	7
4614	10104	10111	7
4615	10111	10118	7
4616	10118	10125	7
4617	10125	10132	7
4618	10132	10139	7
4619	10139	10146	7
4620	10146	10153	7
4621	10153	10160	7
4622	10160	10167	7
4623	10167	10174	7
4624	10174	10181	7
4625	10181	10188	7
4626	10188	10195	7
4627	10195	10202	7
4628	10202	10209	7
