#
#N Pointing	tstart	tend	Obs time
#		s
1	210	211	1
2	211	212	1
3	212	213	1
4	213	214	1
5	214	215	1
6	215	216	1
7	216	217	1
8	217	218	1
9	218	219	1
10	219	220	1
11	220	221	1
12	221	222	1
13	222	223	1
14	223	224	1
15	224	225	1
16	225	226	1
17	226	227	1
18	227	228	1
19	228	229	1
20	229	230	1
21	230	231	1
22	231	232	1
23	232	233	1
24	233	234	1
25	234	235	1
26	235	236	1
27	236	237	1
28	237	238	1
29	238	239	1
30	239	240	1
31	240	241	1
32	241	242	1
33	242	243	1
34	243	244	1
35	244	245	1
36	245	246	1
37	246	247	1
38	247	248	1
39	248	249	1
40	249	250	1
41	250	251	1
42	251	252	1
43	252	253	1
44	253	254	1
45	254	255	1
46	255	256	1
47	256	257	1
48	257	258	1
49	258	259	1
50	259	260	1
51	260	261	1
52	261	262	1
53	262	263	1
54	263	264	1
55	264	265	1
56	265	266	1
57	266	267	1
58	267	268	1
59	268	269	1
60	269	270	1
61	270	271	1
62	271	272	1
63	272	273	1
64	273	274	1
65	274	275	1
66	275	276	1
67	276	277	1
68	277	278	1
69	278	279	1
70	279	280	1
71	280	281	1
72	281	282	1
73	282	283	1
74	283	284	1
75	284	285	1
76	285	286	1
77	286	287	1
78	287	288	1
79	288	289	1
80	289	290	1
81	290	291	1
82	291	292	1
83	292	293	1
84	293	294	1
85	294	295	1
86	295	296	1
87	296	297	1
88	297	298	1
89	298	299	1
90	299	300	1
91	300	301	1
92	301	302	1
93	302	303	1
94	303	304	1
95	304	305	1
96	305	306	1
97	306	307	1
98	307	308	1
99	308	309	1
100	309	310	1
101	310	311	1
102	311	312	1
103	312	313	1
104	313	314	1
105	314	315	1
106	315	316	1
107	316	317	1
108	317	318	1
109	318	319	1
110	319	320	1
111	320	321	1
112	321	322	1
113	322	323	1
114	323	324	1
115	324	325	1
116	325	326	1
117	326	327	1
118	327	328	1
119	328	329	1
120	329	330	1
121	330	331	1
122	331	332	1
123	332	333	1
124	333	334	1
125	334	335	1
126	335	336	1
127	336	337	1
128	337	338	1
129	338	339	1
130	339	340	1
131	340	341	1
132	341	342	1
133	342	343	1
134	343	344	1
135	344	345	1
136	345	346	1
137	346	347	1
138	347	348	1
139	348	349	1
140	349	350	1
141	350	351	1
142	351	352	1
143	352	353	1
144	353	354	1
145	354	355	1
146	355	356	1
147	356	357	1
148	357	358	1
149	358	359	1
150	359	360	1
151	360	361	1
152	361	362	1
153	362	363	1
154	363	364	1
155	364	365	1
156	365	366	1
157	366	367	1
158	367	368	1
159	368	369	1
160	369	370	1
161	370	371	1
162	371	372	1
163	372	373	1
164	373	374	1
165	374	375	1
166	375	376	1
167	376	377	1
168	377	378	1
169	378	379	1
170	379	380	1
171	380	381	1
172	381	382	1
173	382	383	1
174	383	384	1
175	384	385	1
176	385	386	1
177	386	387	1
178	387	388	1
179	388	389	1
180	389	390	1
181	390	391	1
182	391	392	1
183	392	393	1
184	393	394	1
185	394	395	1
186	395	396	1
187	396	397	1
188	397	398	1
189	398	399	1
190	399	400	1
191	400	401	1
192	401	402	1
193	402	403	1
194	403	404	1
195	404	405	1
196	405	406	1
197	406	407	1
198	407	408	1
199	408	409	1
200	409	410	1
201	410	411	1
202	411	412	1
203	412	413	1
204	413	414	1
205	414	415	1
206	415	416	1
207	416	417	1
208	417	418	1
209	418	419	1
210	419	420	1
211	420	421	1
212	421	422	1
213	422	423	1
214	423	424	1
215	424	425	1
216	425	426	1
217	426	427	1
218	427	428	1
219	428	429	1
220	429	430	1
221	430	431	1
222	431	432	1
223	432	433	1
224	433	434	1
225	434	435	1
226	435	436	1
227	436	437	1
228	437	438	1
229	438	439	1
230	439	440	1
231	440	441	1
232	441	442	1
233	442	443	1
234	443	444	1
235	444	445	1
236	445	446	1
237	446	447	1
238	447	448	1
239	448	449	1
240	449	450	1
241	450	451	1
242	451	452	1
243	452	453	1
244	453	454	1
245	454	455	1
246	455	456	1
247	456	457	1
248	457	458	1
249	458	459	1
250	459	460	1
251	460	461	1
252	461	462	1
253	462	463	1
254	463	464	1
255	464	465	1
256	465	466	1
257	466	467	1
258	467	468	1
259	468	469	1
260	469	470	1
261	470	471	1
262	471	472	1
263	472	473	1
264	473	474	1
265	474	475	1
266	475	476	1
267	476	477	1
268	477	478	1
269	478	479	1
270	479	480	1
271	480	481	1
272	481	482	1
273	482	483	1
274	483	484	1
275	484	485	1
276	485	486	1
277	486	487	1
278	487	488	1
279	488	489	1
280	489	490	1
281	490	491	1
282	491	492	1
283	492	493	1
284	493	494	1
285	494	495	1
286	495	496	1
287	496	497	1
288	497	498	1
289	498	499	1
290	499	500	1
291	500	501	1
292	501	502	1
293	502	503	1
294	503	504	1
295	504	505	1
296	505	506	1
297	506	507	1
298	507	508	1
299	508	509	1
300	509	510	1
301	510	511	1
302	511	512	1
303	512	513	1
304	513	514	1
305	514	515	1
306	515	516	1
307	516	517	1
308	517	518	1
309	518	519	1
310	519	520	1
311	520	521	1
312	521	522	1
313	522	523	1
314	523	524	1
315	524	525	1
316	525	526	1
317	526	527	1
318	527	528	1
319	528	529	1
320	529	530	1
321	530	531	1
322	531	532	1
323	532	533	1
324	533	534	1
325	534	535	1
326	535	536	1
327	536	537	1
328	537	538	1
329	538	539	1
330	539	540	1
331	540	541	1
332	541	542	1
333	542	543	1
334	543	544	1
335	544	545	1
336	545	546	1
337	546	547	1
338	547	548	1
339	548	549	1
340	549	550	1
341	550	551	1
342	551	552	1
343	552	553	1
344	553	554	1
345	554	555	1
346	555	556	1
347	556	557	1
348	557	558	1
349	558	559	1
350	559	560	1
351	560	561	1
352	561	562	1
353	562	563	1
354	563	564	1
355	564	565	1
356	565	566	1
357	566	567	1
358	567	568	1
359	568	569	1
360	569	570	1
361	570	571	1
362	571	572	1
363	572	573	1
364	573	574	1
365	574	575	1
366	575	576	1
367	576	577	1
368	577	578	1
369	578	579	1
370	579	580	1
371	580	581	1
372	581	582	1
373	582	583	1
374	583	584	1
375	584	585	1
376	585	586	1
377	586	587	1
378	587	588	1
379	588	589	1
380	589	590	1
381	590	591	1
382	591	592	1
383	592	593	1
384	593	594	1
385	594	595	1
386	595	596	1
387	596	597	1
388	597	598	1
389	598	599	1
390	599	600	1
391	600	601	1
392	601	602	1
393	602	603	1
394	603	604	1
395	604	605	1
396	605	606	1
397	606	607	1
398	607	608	1
399	608	609	1
400	609	610	1
401	610	611	1
402	611	612	1
403	612	613	1
404	613	614	1
405	614	615	1
406	615	616	1
407	616	617	1
408	617	618	1
409	618	619	1
410	619	620	1
411	620	621	1
412	621	622	1
413	622	623	1
414	623	624	1
415	624	625	1
416	625	626	1
417	626	627	1
418	627	628	1
419	628	629	1
420	629	630	1
421	630	631	1
422	631	632	1
423	632	633	1
424	633	634	1
425	634	635	1
426	635	636	1
427	636	637	1
428	637	638	1
429	638	639	1
430	639	640	1
431	640	641	1
432	641	642	1
433	642	643	1
434	643	644	1
435	644	645	1
436	645	646	1
437	646	647	1
438	647	648	1
439	648	649	1
440	649	650	1
441	650	651	1
442	651	652	1
443	652	653	1
444	653	654	1
445	654	655	1
446	655	656	1
447	656	657	1
448	657	658	1
449	658	659	1
450	659	660	1
451	660	661	1
452	661	662	1
453	662	663	1
454	663	664	1
455	664	665	1
456	665	666	1
457	666	667	1
458	667	668	1
459	668	669	1
460	669	670	1
461	670	671	1
462	671	672	1
463	672	673	1
464	673	674	1
465	674	675	1
466	675	676	1
467	676	677	1
468	677	678	1
469	678	679	1
470	679	680	1
471	680	681	1
472	681	682	1
473	682	683	1
474	683	684	1
475	684	685	1
476	685	686	1
477	686	687	1
478	687	688	1
479	688	689	1
480	689	690	1
481	690	691	1
482	691	692	1
483	692	693	1
484	693	694	1
485	694	695	1
486	695	696	1
487	696	697	1
488	697	698	1
489	698	699	1
490	699	700	1
491	700	701	1
492	701	702	1
493	702	703	1
494	703	704	1
495	704	705	1
496	705	706	1
497	706	707	1
498	707	708	1
499	708	709	1
500	709	710	1
501	710	711	1
502	711	712	1
503	712	713	1
504	713	714	1
505	714	715	1
506	715	716	1
507	716	717	1
508	717	718	1
509	718	719	1
510	719	720	1
511	720	721	1
512	721	722	1
513	722	723	1
514	723	724	1
515	724	725	1
516	725	726	1
517	726	727	1
518	727	728	1
519	728	729	1
520	729	730	1
521	730	731	1
522	731	732	1
523	732	733	1
524	733	734	1
525	734	735	1
526	735	736	1
527	736	737	1
528	737	738	1
529	738	739	1
530	739	740	1
531	740	741	1
532	741	742	1
533	742	743	1
534	743	744	1
535	744	745	1
536	745	746	1
537	746	747	1
538	747	748	1
539	748	749	1
540	749	750	1
541	750	751	1
542	751	752	1
543	752	753	1
544	753	754	1
545	754	755	1
546	755	756	1
547	756	757	1
548	757	758	1
549	758	759	1
550	759	760	1
551	760	761	1
552	761	762	1
553	762	763	1
554	763	764	1
555	764	765	1
556	765	766	1
557	766	767	1
558	767	768	1
559	768	769	1
560	769	770	1
561	770	771	1
562	771	772	1
563	772	773	1
564	773	774	1
565	774	775	1
566	775	776	1
567	776	777	1
568	777	778	1
569	778	779	1
570	779	780	1
571	780	781	1
572	781	782	1
573	782	783	1
574	783	784	1
575	784	785	1
576	785	786	1
577	786	787	1
578	787	788	1
579	788	789	1
580	789	790	1
581	790	791	1
582	791	792	1
583	792	793	1
584	793	794	1
585	794	795	1
586	795	796	1
587	796	797	1
588	797	798	1
589	798	799	1
590	799	800	1
591	800	801	1
592	801	802	1
593	802	803	1
594	803	804	1
595	804	805	1
596	805	806	1
597	806	807	1
598	807	808	1
599	808	809	1
600	809	810	1
601	810	811	1
602	811	812	1
603	812	813	1
604	813	814	1
605	814	815	1
606	815	816	1
607	816	817	1
608	817	818	1
609	818	819	1
610	819	820	1
611	820	821	1
612	821	822	1
613	822	823	1
614	823	824	1
615	824	825	1
616	825	826	1
617	826	827	1
618	827	828	1
619	828	829	1
620	829	830	1
621	830	831	1
622	831	832	1
623	832	833	1
624	833	834	1
625	834	835	1
626	835	836	1
627	836	837	1
628	837	838	1
629	838	839	1
630	839	840	1
631	840	841	1
632	841	842	1
633	842	843	1
634	843	844	1
635	844	845	1
636	845	846	1
637	846	847	1
638	847	848	1
639	848	849	1
640	849	850	1
641	850	851	1
642	851	852	1
643	852	853	1
644	853	854	1
645	854	855	1
646	855	856	1
647	856	857	1
648	857	858	1
649	858	859	1
650	859	860	1
651	860	861	1
652	861	862	1
653	862	863	1
654	863	864	1
655	864	865	1
656	865	866	1
657	866	867	1
658	867	868	1
659	868	869	1
660	869	870	1
661	870	871	1
662	871	872	1
663	872	873	1
664	873	874	1
665	874	875	1
666	875	876	1
667	876	877	1
668	877	878	1
669	878	879	1
670	879	880	1
671	880	881	1
672	881	882	1
673	882	883	1
674	883	884	1
675	884	885	1
676	885	886	1
677	886	887	1
678	887	888	1
679	888	889	1
680	889	890	1
681	890	891	1
682	891	892	1
683	892	893	1
684	893	894	1
685	894	895	1
686	895	896	1
687	896	897	1
688	897	898	1
689	898	899	1
690	899	900	1
691	900	901	1
692	901	902	1
693	902	903	1
694	903	904	1
695	904	905	1
696	905	906	1
697	906	907	1
698	907	908	1
699	908	909	1
700	909	910	1
701	910	911	1
702	911	912	1
703	912	913	1
704	913	914	1
705	914	915	1
706	915	916	1
707	916	917	1
708	917	918	1
709	918	919	1
710	919	920	1
711	920	921	1
712	921	922	1
713	922	923	1
714	923	924	1
715	924	925	1
716	925	926	1
717	926	927	1
718	927	928	1
719	928	929	1
720	929	930	1
721	930	931	1
722	931	932	1
723	932	933	1
724	933	934	1
725	934	935	1
726	935	936	1
727	936	937	1
728	937	938	1
729	938	939	1
730	939	940	1
731	940	941	1
732	941	942	1
733	942	943	1
734	943	944	1
735	944	945	1
736	945	946	1
737	946	947	1
738	947	948	1
739	948	949	1
740	949	950	1
741	950	951	1
742	951	952	1
743	952	953	1
744	953	954	1
745	954	955	1
746	955	956	1
747	956	957	1
748	957	958	1
749	958	959	1
750	959	960	1
751	960	961	1
752	961	962	1
753	962	963	1
754	963	964	1
755	964	965	1
756	965	966	1
757	966	967	1
758	967	968	1
759	968	969	1
760	969	970	1
761	970	971	1
762	971	972	1
763	972	973	1
764	973	974	1
765	974	975	1
766	975	976	1
767	976	977	1
768	977	978	1
769	978	979	1
770	979	980	1
771	980	981	1
772	981	982	1
773	982	983	1
774	983	984	1
775	984	985	1
776	985	986	1
777	986	987	1
778	987	988	1
779	988	989	1
780	989	990	1
781	990	991	1
782	991	992	1
783	992	993	1
784	993	994	1
785	994	995	1
786	995	996	1
787	996	997	1
788	997	998	1
789	998	999	1
790	999	1000	1
791	1000	1001	1
792	1001	1002	1
793	1002	1003	1
794	1003	1004	1
795	1004	1005	1
796	1005	1006	1
797	1006	1007	1
798	1007	1008	1
799	1008	1009	1
800	1009	1010	1
801	1010	1011	1
802	1011	1012	1
803	1012	1013	1
804	1013	1014	1
805	1014	1015	1
806	1015	1016	1
807	1016	1017	1
808	1017	1018	1
809	1018	1019	1
810	1019	1020	1
811	1020	1021	1
812	1021	1022	1
813	1022	1023	1
814	1023	1024	1
815	1024	1025	1
816	1025	1026	1
817	1026	1027	1
818	1027	1028	1
819	1028	1029	1
820	1029	1030	1
821	1030	1031	1
822	1031	1032	1
823	1032	1033	1
824	1033	1034	1
825	1034	1035	1
826	1035	1036	1
827	1036	1037	1
828	1037	1038	1
829	1038	1039	1
830	1039	1040	1
831	1040	1041	1
832	1041	1042	1
833	1042	1043	1
834	1043	1044	1
835	1044	1045	1
836	1045	1046	1
837	1046	1047	1
838	1047	1048	1
839	1048	1049	1
840	1049	1050	1
841	1050	1051	1
842	1051	1052	1
843	1052	1053	1
844	1053	1054	1
845	1054	1055	1
846	1055	1056	1
847	1056	1057	1
848	1057	1058	1
849	1058	1059	1
850	1059	1060	1
851	1060	1061	1
852	1061	1062	1
853	1062	1063	1
854	1063	1064	1
855	1064	1065	1
856	1065	1066	1
857	1066	1067	1
858	1067	1068	1
859	1068	1069	1
860	1069	1070	1
861	1070	1071	1
862	1071	1072	1
863	1072	1073	1
864	1073	1074	1
865	1074	1075	1
866	1075	1076	1
867	1076	1077	1
868	1077	1078	1
869	1078	1079	1
870	1079	1080	1
871	1080	1081	1
872	1081	1082	1
873	1082	1083	1
874	1083	1084	1
875	1084	1085	1
876	1085	1086	1
877	1086	1087	1
878	1087	1088	1
879	1088	1089	1
880	1089	1090	1
881	1090	1091	1
882	1091	1092	1
883	1092	1093	1
884	1093	1094	1
885	1094	1095	1
886	1095	1097	2
887	1097	1099	2
888	1099	1101	2
889	1101	1103	2
890	1103	1105	2
891	1105	1107	2
892	1107	1109	2
893	1109	1111	2
894	1111	1113	2
895	1113	1115	2
896	1115	1117	2
897	1117	1119	2
898	1119	1121	2
899	1121	1123	2
900	1123	1125	2
901	1125	1127	2
902	1127	1129	2
903	1129	1131	2
904	1131	1133	2
905	1133	1135	2
906	1135	1137	2
907	1137	1139	2
908	1139	1141	2
909	1141	1143	2
910	1143	1145	2
911	1145	1147	2
912	1147	1149	2
913	1149	1151	2
914	1151	1153	2
915	1153	1155	2
916	1155	1157	2
917	1157	1159	2
918	1159	1161	2
919	1161	1163	2
920	1163	1165	2
921	1165	1167	2
922	1167	1169	2
923	1169	1171	2
924	1171	1173	2
925	1173	1175	2
926	1175	1177	2
927	1177	1179	2
928	1179	1181	2
929	1181	1183	2
930	1183	1185	2
931	1185	1187	2
932	1187	1189	2
933	1189	1191	2
934	1191	1193	2
935	1193	1195	2
936	1195	1197	2
937	1197	1199	2
938	1199	1201	2
939	1201	1203	2
940	1203	1205	2
941	1205	1207	2
942	1207	1209	2
943	1209	1211	2
944	1211	1213	2
945	1213	1215	2
946	1215	1217	2
947	1217	1219	2
948	1219	1221	2
949	1221	1223	2
950	1223	1225	2
951	1225	1227	2
952	1227	1229	2
953	1229	1231	2
954	1231	1233	2
955	1233	1235	2
956	1235	1237	2
957	1237	1239	2
958	1239	1241	2
959	1241	1243	2
960	1243	1245	2
961	1245	1247	2
962	1247	1249	2
963	1249	1251	2
964	1251	1253	2
965	1253	1255	2
966	1255	1257	2
967	1257	1259	2
968	1259	1261	2
969	1261	1263	2
970	1263	1265	2
971	1265	1267	2
972	1267	1269	2
973	1269	1271	2
974	1271	1273	2
975	1273	1275	2
976	1275	1277	2
977	1277	1279	2
978	1279	1281	2
979	1281	1283	2
980	1283	1285	2
981	1285	1287	2
982	1287	1289	2
983	1289	1291	2
984	1291	1293	2
985	1293	1295	2
986	1295	1297	2
987	1297	1299	2
988	1299	1301	2
989	1301	1303	2
990	1303	1305	2
991	1305	1307	2
992	1307	1309	2
993	1309	1311	2
994	1311	1313	2
995	1313	1315	2
996	1315	1317	2
997	1317	1319	2
998	1319	1321	2
999	1321	1323	2
1000	1323	1325	2
1001	1325	1327	2
1002	1327	1329	2
1003	1329	1331	2
1004	1331	1333	2
1005	1333	1335	2
1006	1335	1337	2
1007	1337	1339	2
1008	1339	1341	2
1009	1341	1343	2
1010	1343	1345	2
1011	1345	1347	2
1012	1347	1349	2
1013	1349	1351	2
1014	1351	1353	2
1015	1353	1355	2
1016	1355	1357	2
1017	1357	1359	2
1018	1359	1361	2
1019	1361	1363	2
1020	1363	1365	2
1021	1365	1367	2
1022	1367	1369	2
1023	1369	1371	2
1024	1371	1373	2
1025	1373	1375	2
1026	1375	1377	2
1027	1377	1379	2
1028	1379	1381	2
1029	1381	1383	2
1030	1383	1385	2
1031	1385	1387	2
1032	1387	1389	2
1033	1389	1391	2
1034	1391	1393	2
1035	1393	1395	2
1036	1395	1397	2
1037	1397	1399	2
1038	1399	1401	2
1039	1401	1403	2
1040	1403	1405	2
1041	1405	1407	2
1042	1407	1409	2
1043	1409	1411	2
1044	1411	1413	2
1045	1413	1415	2
1046	1415	1417	2
1047	1417	1419	2
1048	1419	1421	2
1049	1421	1423	2
1050	1423	1425	2
1051	1425	1427	2
1052	1427	1429	2
1053	1429	1431	2
1054	1431	1433	2
1055	1433	1435	2
1056	1435	1437	2
1057	1437	1439	2
1058	1439	1441	2
1059	1441	1443	2
1060	1443	1445	2
1061	1445	1447	2
1062	1447	1449	2
1063	1449	1451	2
1064	1451	1453	2
1065	1453	1455	2
1066	1455	1457	2
1067	1457	1459	2
1068	1459	1461	2
1069	1461	1463	2
1070	1463	1465	2
1071	1465	1467	2
1072	1467	1469	2
1073	1469	1471	2
1074	1471	1473	2
1075	1473	1475	2
1076	1475	1477	2
1077	1477	1479	2
1078	1479	1481	2
1079	1481	1483	2
1080	1483	1485	2
1081	1485	1487	2
1082	1487	1489	2
1083	1489	1491	2
1084	1491	1493	2
1085	1493	1495	2
1086	1495	1497	2
1087	1497	1499	2
1088	1499	1501	2
1089	1501	1503	2
1090	1503	1505	2
1091	1505	1507	2
1092	1507	1509	2
1093	1509	1511	2
1094	1511	1513	2
1095	1513	1515	2
1096	1515	1517	2
1097	1517	1519	2
1098	1519	1521	2
1099	1521	1523	2
1100	1523	1525	2
1101	1525	1527	2
1102	1527	1529	2
1103	1529	1531	2
1104	1531	1533	2
1105	1533	1535	2
1106	1535	1537	2
1107	1537	1539	2
1108	1539	1541	2
1109	1541	1543	2
1110	1543	1545	2
1111	1545	1547	2
1112	1547	1549	2
1113	1549	1551	2
1114	1551	1553	2
1115	1553	1555	2
1116	1555	1557	2
1117	1557	1559	2
1118	1559	1561	2
1119	1561	1563	2
1120	1563	1565	2
1121	1565	1567	2
1122	1567	1569	2
1123	1569	1571	2
1124	1571	1573	2
1125	1573	1575	2
1126	1575	1577	2
1127	1577	1579	2
1128	1579	1581	2
1129	1581	1583	2
1130	1583	1585	2
1131	1585	1587	2
1132	1587	1589	2
1133	1589	1591	2
1134	1591	1593	2
1135	1593	1595	2
1136	1595	1597	2
1137	1597	1599	2
1138	1599	1601	2
1139	1601	1603	2
1140	1603	1605	2
1141	1605	1607	2
1142	1607	1609	2
1143	1609	1611	2
1144	1611	1613	2
1145	1613	1615	2
1146	1615	1617	2
1147	1617	1619	2
1148	1619	1621	2
1149	1621	1623	2
1150	1623	1625	2
1151	1625	1627	2
1152	1627	1629	2
1153	1629	1631	2
1154	1631	1633	2
1155	1633	1635	2
1156	1635	1637	2
1157	1637	1639	2
1158	1639	1641	2
1159	1641	1643	2
1160	1643	1645	2
1161	1645	1647	2
1162	1647	1649	2
1163	1649	1651	2
1164	1651	1653	2
1165	1653	1655	2
1166	1655	1657	2
1167	1657	1659	2
1168	1659	1661	2
1169	1661	1663	2
1170	1663	1665	2
1171	1665	1667	2
1172	1667	1669	2
1173	1669	1671	2
1174	1671	1673	2
1175	1673	1675	2
1176	1675	1677	2
1177	1677	1679	2
1178	1679	1681	2
1179	1681	1683	2
1180	1683	1685	2
1181	1685	1687	2
1182	1687	1689	2
1183	1689	1691	2
1184	1691	1693	2
1185	1693	1695	2
1186	1695	1697	2
1187	1697	1699	2
1188	1699	1701	2
1189	1701	1703	2
1190	1703	1705	2
1191	1705	1707	2
1192	1707	1709	2
1193	1709	1711	2
1194	1711	1713	2
1195	1713	1715	2
1196	1715	1717	2
1197	1717	1719	2
1198	1719	1721	2
1199	1721	1723	2
1200	1723	1725	2
1201	1725	1727	2
1202	1727	1729	2
1203	1729	1731	2
1204	1731	1733	2
1205	1733	1735	2
1206	1735	1737	2
1207	1737	1739	2
1208	1739	1741	2
1209	1741	1743	2
1210	1743	1745	2
1211	1745	1747	2
1212	1747	1749	2
1213	1749	1751	2
1214	1751	1753	2
1215	1753	1755	2
1216	1755	1757	2
1217	1757	1759	2
1218	1759	1761	2
1219	1761	1763	2
1220	1763	1765	2
1221	1765	1767	2
1222	1767	1769	2
1223	1769	1771	2
1224	1771	1773	2
1225	1773	1775	2
1226	1775	1777	2
1227	1777	1779	2
1228	1779	1781	2
1229	1781	1783	2
1230	1783	1785	2
1231	1785	1787	2
1232	1787	1789	2
1233	1789	1791	2
1234	1791	1793	2
1235	1793	1795	2
1236	1795	1797	2
1237	1797	1799	2
1238	1799	1801	2
1239	1801	1803	2
1240	1803	1805	2
1241	1805	1807	2
1242	1807	1809	2
1243	1809	1811	2
1244	1811	1813	2
1245	1813	1815	2
1246	1815	1817	2
1247	1817	1819	2
1248	1819	1821	2
1249	1821	1823	2
1250	1823	1825	2
1251	1825	1827	2
1252	1827	1829	2
1253	1829	1831	2
1254	1831	1833	2
1255	1833	1835	2
1256	1835	1837	2
1257	1837	1839	2
1258	1839	1841	2
1259	1841	1843	2
1260	1843	1845	2
1261	1845	1847	2
1262	1847	1849	2
1263	1849	1851	2
1264	1851	1853	2
1265	1853	1855	2
1266	1855	1857	2
1267	1857	1859	2
1268	1859	1861	2
1269	1861	1863	2
1270	1863	1865	2
1271	1865	1867	2
1272	1867	1869	2
1273	1869	1871	2
1274	1871	1873	2
1275	1873	1875	2
1276	1875	1877	2
1277	1877	1879	2
1278	1879	1881	2
1279	1881	1883	2
1280	1883	1885	2
1281	1885	1887	2
1282	1887	1889	2
1283	1889	1891	2
1284	1891	1893	2
1285	1893	1895	2
1286	1895	1897	2
1287	1897	1899	2
1288	1899	1901	2
1289	1901	1903	2
1290	1903	1905	2
1291	1905	1907	2
1292	1907	1909	2
1293	1909	1911	2
1294	1911	1913	2
1295	1913	1915	2
1296	1915	1917	2
1297	1917	1919	2
1298	1919	1921	2
1299	1921	1923	2
1300	1923	1925	2
1301	1925	1927	2
1302	1927	1929	2
1303	1929	1931	2
1304	1931	1933	2
1305	1933	1935	2
1306	1935	1937	2
1307	1937	1939	2
1308	1939	1941	2
1309	1941	1943	2
1310	1943	1945	2
1311	1945	1947	2
1312	1947	1949	2
1313	1949	1951	2
1314	1951	1953	2
1315	1953	1955	2
1316	1955	1957	2
1317	1957	1959	2
1318	1959	1961	2
1319	1961	1963	2
1320	1963	1965	2
1321	1965	1967	2
1322	1967	1969	2
1323	1969	1971	2
1324	1971	1973	2
1325	1973	1975	2
1326	1975	1977	2
1327	1977	1979	2
1328	1979	1981	2
1329	1981	1983	2
1330	1983	1985	2
1331	1985	1987	2
1332	1987	1989	2
1333	1989	1991	2
1334	1991	1993	2
1335	1993	1995	2
1336	1995	1997	2
1337	1997	1999	2
1338	1999	2001	2
1339	2001	2003	2
1340	2003	2005	2
1341	2005	2007	2
1342	2007	2009	2
1343	2009	2011	2
1344	2011	2013	2
1345	2013	2015	2
1346	2015	2017	2
1347	2017	2019	2
1348	2019	2021	2
1349	2021	2023	2
1350	2023	2025	2
1351	2025	2027	2
1352	2027	2029	2
1353	2029	2031	2
1354	2031	2033	2
1355	2033	2035	2
1356	2035	2037	2
1357	2037	2039	2
1358	2039	2041	2
1359	2041	2043	2
1360	2043	2045	2
1361	2045	2047	2
1362	2047	2049	2
1363	2049	2051	2
1364	2051	2053	2
1365	2053	2055	2
1366	2055	2057	2
1367	2057	2059	2
1368	2059	2061	2
1369	2061	2063	2
1370	2063	2065	2
1371	2065	2067	2
1372	2067	2069	2
1373	2069	2071	2
1374	2071	2073	2
1375	2073	2075	2
1376	2075	2077	2
1377	2077	2079	2
1378	2079	2081	2
1379	2081	2083	2
1380	2083	2085	2
1381	2085	2087	2
1382	2087	2089	2
1383	2089	2091	2
1384	2091	2093	2
1385	2093	2095	2
1386	2095	2097	2
1387	2097	2099	2
1388	2099	2101	2
1389	2101	2103	2
1390	2103	2105	2
1391	2105	2107	2
1392	2107	2109	2
1393	2109	2111	2
1394	2111	2113	2
1395	2113	2115	2
1396	2115	2117	2
1397	2117	2119	2
1398	2119	2121	2
1399	2121	2123	2
1400	2123	2125	2
1401	2125	2127	2
1402	2127	2129	2
1403	2129	2131	2
1404	2131	2133	2
1405	2133	2135	2
1406	2135	2137	2
1407	2137	2139	2
1408	2139	2141	2
1409	2141	2143	2
1410	2143	2145	2
1411	2145	2147	2
1412	2147	2149	2
1413	2149	2151	2
1414	2151	2153	2
1415	2153	2155	2
1416	2155	2157	2
1417	2157	2159	2
1418	2159	2161	2
1419	2161	2163	2
1420	2163	2165	2
1421	2165	2167	2
1422	2167	2169	2
1423	2169	2171	2
1424	2171	2173	2
1425	2173	2175	2
1426	2175	2177	2
1427	2177	2179	2
1428	2179	2181	2
1429	2181	2183	2
1430	2183	2185	2
1431	2185	2188	3
1432	2188	2191	3
1433	2191	2194	3
1434	2194	2197	3
1435	2197	2200	3
1436	2200	2203	3
1437	2203	2206	3
1438	2206	2209	3
1439	2209	2212	3
1440	2212	2215	3
1441	2215	2218	3
1442	2218	2221	3
1443	2221	2224	3
1444	2224	2227	3
1445	2227	2230	3
1446	2230	2233	3
1447	2233	2236	3
1448	2236	2239	3
1449	2239	2242	3
1450	2242	2245	3
1451	2245	2248	3
1452	2248	2251	3
1453	2251	2254	3
1454	2254	2257	3
1455	2257	2260	3
1456	2260	2263	3
1457	2263	2266	3
1458	2266	2269	3
1459	2269	2272	3
1460	2272	2275	3
1461	2275	2278	3
1462	2278	2281	3
1463	2281	2284	3
1464	2284	2287	3
1465	2287	2290	3
1466	2290	2293	3
1467	2293	2296	3
1468	2296	2299	3
1469	2299	2302	3
1470	2302	2305	3
1471	2305	2308	3
1472	2308	2311	3
1473	2311	2314	3
1474	2314	2317	3
1475	2317	2320	3
1476	2320	2323	3
1477	2323	2326	3
1478	2326	2329	3
1479	2329	2332	3
1480	2332	2335	3
1481	2335	2338	3
1482	2338	2341	3
1483	2341	2344	3
1484	2344	2347	3
1485	2347	2350	3
1486	2350	2353	3
1487	2353	2356	3
1488	2356	2359	3
1489	2359	2362	3
1490	2362	2365	3
1491	2365	2368	3
1492	2368	2371	3
1493	2371	2374	3
1494	2374	2377	3
1495	2377	2380	3
1496	2380	2383	3
1497	2383	2386	3
1498	2386	2389	3
1499	2389	2392	3
1500	2392	2395	3
1501	2395	2398	3
1502	2398	2401	3
1503	2401	2404	3
1504	2404	2407	3
1505	2407	2410	3
1506	2410	2413	3
1507	2413	2416	3
1508	2416	2419	3
1509	2419	2422	3
1510	2422	2425	3
1511	2425	2428	3
1512	2428	2431	3
1513	2431	2434	3
1514	2434	2437	3
1515	2437	2440	3
1516	2440	2443	3
1517	2443	2446	3
1518	2446	2449	3
1519	2449	2452	3
1520	2452	2455	3
1521	2455	2458	3
1522	2458	2461	3
1523	2461	2464	3
1524	2464	2467	3
1525	2467	2470	3
1526	2470	2473	3
1527	2473	2476	3
1528	2476	2479	3
1529	2479	2482	3
1530	2482	2485	3
1531	2485	2488	3
1532	2488	2491	3
1533	2491	2494	3
1534	2494	2497	3
1535	2497	2500	3
1536	2500	2503	3
1537	2503	2506	3
1538	2506	2509	3
1539	2509	2512	3
1540	2512	2515	3
1541	2515	2518	3
1542	2518	2521	3
1543	2521	2524	3
1544	2524	2527	3
1545	2527	2530	3
1546	2530	2533	3
1547	2533	2536	3
1548	2536	2539	3
1549	2539	2542	3
1550	2542	2545	3
1551	2545	2548	3
1552	2548	2551	3
1553	2551	2554	3
1554	2554	2557	3
1555	2557	2560	3
1556	2560	2563	3
1557	2563	2566	3
1558	2566	2569	3
1559	2569	2572	3
1560	2572	2575	3
1561	2575	2578	3
1562	2578	2581	3
1563	2581	2584	3
1564	2584	2587	3
1565	2587	2590	3
1566	2590	2593	3
1567	2593	2596	3
1568	2596	2599	3
1569	2599	2602	3
1570	2602	2605	3
1571	2605	2608	3
1572	2608	2611	3
1573	2611	2614	3
1574	2614	2617	3
1575	2617	2620	3
1576	2620	2623	3
1577	2623	2626	3
1578	2626	2629	3
1579	2629	2632	3
1580	2632	2635	3
1581	2635	2638	3
1582	2638	2641	3
1583	2641	2644	3
1584	2644	2647	3
1585	2647	2650	3
1586	2650	2653	3
1587	2653	2656	3
1588	2656	2659	3
1589	2659	2662	3
1590	2662	2665	3
1591	2665	2668	3
1592	2668	2671	3
1593	2671	2674	3
1594	2674	2677	3
1595	2677	2680	3
1596	2680	2683	3
1597	2683	2686	3
1598	2686	2689	3
1599	2689	2692	3
1600	2692	2695	3
1601	2695	2698	3
1602	2698	2701	3
1603	2701	2704	3
1604	2704	2707	3
1605	2707	2710	3
1606	2710	2713	3
1607	2713	2716	3
1608	2716	2719	3
1609	2719	2722	3
1610	2722	2725	3
1611	2725	2728	3
1612	2728	2731	3
1613	2731	2734	3
1614	2734	2737	3
1615	2737	2740	3
1616	2740	2743	3
1617	2743	2746	3
1618	2746	2749	3
1619	2749	2752	3
1620	2752	2755	3
1621	2755	2758	3
1622	2758	2761	3
1623	2761	2764	3
1624	2764	2767	3
1625	2767	2770	3
1626	2770	2773	3
1627	2773	2776	3
1628	2776	2779	3
1629	2779	2782	3
1630	2782	2785	3
1631	2785	2788	3
1632	2788	2791	3
1633	2791	2794	3
1634	2794	2797	3
1635	2797	2800	3
1636	2800	2803	3
1637	2803	2806	3
1638	2806	2809	3
1639	2809	2812	3
1640	2812	2815	3
1641	2815	2818	3
1642	2818	2821	3
1643	2821	2824	3
1644	2824	2827	3
1645	2827	2830	3
1646	2830	2833	3
1647	2833	2836	3
1648	2836	2839	3
1649	2839	2842	3
1650	2842	2845	3
1651	2845	2848	3
1652	2848	2851	3
1653	2851	2854	3
1654	2854	2857	3
1655	2857	2860	3
1656	2860	2863	3
1657	2863	2866	3
1658	2866	2869	3
1659	2869	2872	3
1660	2872	2875	3
1661	2875	2878	3
1662	2878	2881	3
1663	2881	2884	3
1664	2884	2887	3
1665	2887	2890	3
1666	2890	2893	3
1667	2893	2896	3
1668	2896	2899	3
1669	2899	2902	3
1670	2902	2905	3
1671	2905	2908	3
1672	2908	2911	3
1673	2911	2914	3
1674	2914	2917	3
1675	2917	2920	3
1676	2920	2923	3
1677	2923	2926	3
1678	2926	2929	3
1679	2929	2932	3
1680	2932	2935	3
1681	2935	2938	3
1682	2938	2941	3
1683	2941	2944	3
1684	2944	2947	3
1685	2947	2950	3
1686	2950	2953	3
1687	2953	2956	3
1688	2956	2959	3
1689	2959	2962	3
1690	2962	2965	3
1691	2965	2968	3
1692	2968	2971	3
1693	2971	2974	3
1694	2974	2977	3
1695	2977	2980	3
1696	2980	2983	3
1697	2983	2986	3
1698	2986	2989	3
1699	2989	2992	3
1700	2992	2995	3
1701	2995	2998	3
1702	2998	3001	3
1703	3001	3004	3
1704	3004	3008	4
1705	3008	3012	4
1706	3012	3016	4
1707	3016	3020	4
1708	3020	3024	4
1709	3024	3028	4
1710	3028	3032	4
1711	3032	3036	4
1712	3036	3040	4
1713	3040	3044	4
1714	3044	3048	4
1715	3048	3052	4
1716	3052	3056	4
1717	3056	3060	4
1718	3060	3064	4
1719	3064	3068	4
1720	3068	3072	4
1721	3072	3076	4
1722	3076	3080	4
1723	3080	3084	4
1724	3084	3088	4
1725	3088	3092	4
1726	3092	3096	4
1727	3096	3100	4
1728	3100	3104	4
1729	3104	3108	4
1730	3108	3112	4
1731	3112	3116	4
1732	3116	3120	4
1733	3120	3124	4
1734	3124	3128	4
1735	3128	3132	4
1736	3132	3136	4
1737	3136	3140	4
1738	3140	3144	4
1739	3144	3148	4
1740	3148	3152	4
1741	3152	3156	4
1742	3156	3160	4
1743	3160	3164	4
1744	3164	3168	4
1745	3168	3172	4
1746	3172	3176	4
1747	3176	3180	4
1748	3180	3184	4
1749	3184	3188	4
1750	3188	3192	4
1751	3192	3196	4
1752	3196	3200	4
1753	3200	3204	4
1754	3204	3208	4
1755	3208	3212	4
1756	3212	3216	4
1757	3216	3220	4
1758	3220	3224	4
1759	3224	3228	4
1760	3228	3232	4
1761	3232	3236	4
1762	3236	3240	4
1763	3240	3244	4
1764	3244	3248	4
1765	3248	3252	4
1766	3252	3256	4
1767	3256	3260	4
1768	3260	3264	4
1769	3264	3268	4
1770	3268	3272	4
1771	3272	3276	4
1772	3276	3280	4
1773	3280	3284	4
1774	3284	3288	4
1775	3288	3292	4
1776	3292	3296	4
1777	3296	3300	4
1778	3300	3304	4
1779	3304	3308	4
1780	3308	3312	4
1781	3312	3316	4
1782	3316	3320	4
1783	3320	3324	4
1784	3324	3328	4
1785	3328	3332	4
1786	3332	3336	4
1787	3336	3340	4
1788	3340	3344	4
1789	3344	3348	4
1790	3348	3352	4
1791	3352	3356	4
1792	3356	3360	4
1793	3360	3364	4
1794	3364	3368	4
1795	3368	3372	4
1796	3372	3376	4
1797	3376	3380	4
1798	3380	3384	4
1799	3384	3388	4
1800	3388	3392	4
1801	3392	3396	4
1802	3396	3400	4
1803	3400	3404	4
1804	3404	3408	4
1805	3408	3412	4
1806	3412	3416	4
1807	3416	3420	4
1808	3420	3424	4
1809	3424	3428	4
1810	3428	3432	4
1811	3432	3436	4
1812	3436	3440	4
1813	3440	3444	4
1814	3444	3448	4
1815	3448	3452	4
1816	3452	3456	4
1817	3456	3460	4
1818	3460	3464	4
1819	3464	3468	4
1820	3468	3472	4
1821	3472	3476	4
1822	3476	3480	4
1823	3480	3484	4
1824	3484	3488	4
1825	3488	3492	4
1826	3492	3496	4
1827	3496	3500	4
1828	3500	3504	4
1829	3504	3508	4
1830	3508	3512	4
1831	3512	3516	4
1832	3516	3520	4
1833	3520	3524	4
1834	3524	3528	4
1835	3528	3532	4
1836	3532	3536	4
1837	3536	3540	4
1838	3540	3544	4
1839	3544	3548	4
1840	3548	3552	4
1841	3552	3556	4
1842	3556	3560	4
1843	3560	3564	4
1844	3564	3568	4
1845	3568	3572	4
1846	3572	3576	4
1847	3576	3580	4
1848	3580	3584	4
1849	3584	3588	4
1850	3588	3592	4
1851	3592	3596	4
1852	3596	3600	4
1853	3600	3604	4
1854	3604	3608	4
1855	3608	3612	4
1856	3612	3616	4
1857	3616	3620	4
1858	3620	3624	4
1859	3624	3628	4
1860	3628	3632	4
1861	3632	3636	4
1862	3636	3640	4
1863	3640	3644	4
1864	3644	3648	4
1865	3648	3652	4
1866	3652	3656	4
1867	3656	3660	4
1868	3660	3664	4
1869	3664	3668	4
1870	3668	3672	4
1871	3672	3677	5
1872	3677	3682	5
1873	3682	3687	5
1874	3687	3692	5
1875	3692	3697	5
1876	3697	3702	5
1877	3702	3707	5
1878	3707	3712	5
1879	3712	3717	5
1880	3717	3722	5
1881	3722	3727	5
1882	3727	3732	5
1883	3732	3737	5
1884	3737	3742	5
1885	3742	3747	5
1886	3747	3752	5
1887	3752	3757	5
1888	3757	3762	5
1889	3762	3767	5
1890	3767	3772	5
1891	3772	3777	5
1892	3777	3782	5
1893	3782	3787	5
1894	3787	3792	5
1895	3792	3797	5
1896	3797	3802	5
1897	3802	3807	5
1898	3807	3812	5
1899	3812	3817	5
1900	3817	3822	5
1901	3822	3827	5
1902	3827	3832	5
1903	3832	3837	5
1904	3837	3842	5
1905	3842	3847	5
1906	3847	3852	5
1907	3852	3857	5
1908	3857	3862	5
1909	3862	3867	5
1910	3867	3872	5
1911	3872	3877	5
1912	3877	3882	5
1913	3882	3887	5
1914	3887	3892	5
1915	3892	3897	5
1916	3897	3902	5
1917	3902	3907	5
1918	3907	3912	5
1919	3912	3917	5
1920	3917	3922	5
1921	3922	3927	5
1922	3927	3932	5
1923	3932	3937	5
1924	3937	3942	5
1925	3942	3947	5
1926	3947	3952	5
1927	3952	3957	5
1928	3957	3962	5
1929	3962	3967	5
1930	3967	3972	5
1931	3972	3977	5
1932	3977	3982	5
1933	3982	3987	5
1934	3987	3992	5
1935	3992	3997	5
1936	3997	4002	5
1937	4002	4007	5
1938	4007	4012	5
1939	4012	4017	5
1940	4017	4022	5
1941	4022	4027	5
1942	4027	4032	5
1943	4032	4037	5
1944	4037	4042	5
1945	4042	4047	5
1946	4047	4052	5
1947	4052	4057	5
1948	4057	4062	5
1949	4062	4067	5
1950	4067	4072	5
1951	4072	4077	5
1952	4077	4082	5
1953	4082	4087	5
1954	4087	4092	5
1955	4092	4097	5
1956	4097	4102	5
1957	4102	4107	5
1958	4107	4112	5
1959	4112	4117	5
1960	4117	4122	5
1961	4122	4127	5
1962	4127	4132	5
1963	4132	4137	5
1964	4137	4142	5
1965	4142	4147	5
1966	4147	4152	5
1967	4152	4157	5
1968	4157	4162	5
1969	4162	4167	5
1970	4167	4172	5
1971	4172	4177	5
1972	4177	4182	5
1973	4182	4187	5
1974	4187	4192	5
1975	4192	4197	5
1976	4197	4202	5
1977	4202	4207	5
1978	4207	4212	5
1979	4212	4217	5
1980	4217	4222	5
1981	4222	4228	6
1982	4228	4234	6
1983	4234	4240	6
1984	4240	4246	6
1985	4246	4252	6
1986	4252	4258	6
1987	4258	4264	6
1988	4264	4270	6
1989	4270	4276	6
1990	4276	4282	6
1991	4282	4288	6
1992	4288	4294	6
1993	4294	4300	6
1994	4300	4306	6
1995	4306	4312	6
1996	4312	4318	6
1997	4318	4324	6
1998	4324	4330	6
1999	4330	4336	6
2000	4336	4342	6
2001	4342	4348	6
2002	4348	4354	6
2003	4354	4360	6
2004	4360	4366	6
2005	4366	4372	6
2006	4372	4378	6
2007	4378	4384	6
2008	4384	4390	6
2009	4390	4396	6
2010	4396	4402	6
2011	4402	4408	6
2012	4408	4414	6
2013	4414	4420	6
2014	4420	4426	6
2015	4426	4432	6
2016	4432	4438	6
2017	4438	4444	6
2018	4444	4450	6
2019	4450	4456	6
2020	4456	4462	6
2021	4462	4468	6
2022	4468	4474	6
2023	4474	4480	6
2024	4480	4486	6
2025	4486	4492	6
2026	4492	4498	6
2027	4498	4504	6
2028	4504	4510	6
2029	4510	4516	6
2030	4516	4522	6
2031	4522	4528	6
2032	4528	4534	6
2033	4534	4540	6
2034	4540	4546	6
2035	4546	4552	6
2036	4552	4558	6
2037	4558	4564	6
2038	4564	4570	6
2039	4570	4576	6
2040	4576	4582	6
2041	4582	4588	6
2042	4588	4594	6
2043	4594	4600	6
2044	4600	4606	6
2045	4606	4612	6
2046	4612	4618	6
2047	4618	4624	6
2048	4624	4630	6
2049	4630	4636	6
2050	4636	4642	6
2051	4642	4648	6
2052	4648	4654	6
2053	4654	4660	6
2054	4660	4666	6
2055	4666	4672	6
2056	4672	4678	6
2057	4678	4684	6
2058	4684	4690	6
2059	4690	4696	6
2060	4696	4702	6
2061	4702	4708	6
2062	4708	4714	6
2063	4714	4720	6
2064	4720	4726	6
2065	4726	4733	7
2066	4733	4740	7
2067	4740	4747	7
2068	4747	4754	7
2069	4754	4761	7
2070	4761	4768	7
2071	4768	4775	7
2072	4775	4782	7
2073	4782	4789	7
2074	4789	4796	7
2075	4796	4803	7
2076	4803	4810	7
2077	4810	4817	7
2078	4817	4824	7
2079	4824	4831	7
2080	4831	4838	7
2081	4838	4845	7
2082	4845	4852	7
2083	4852	4859	7
2084	4859	4866	7
2085	4866	4873	7
2086	4873	4880	7
2087	4880	4887	7
2088	4887	4894	7
2089	4894	4901	7
2090	4901	4908	7
2091	4908	4915	7
2092	4915	4922	7
2093	4922	4929	7
2094	4929	4936	7
2095	4936	4943	7
2096	4943	4950	7
2097	4950	4957	7
2098	4957	4964	7
2099	4964	4971	7
2100	4971	4978	7
2101	4978	4985	7
2102	4985	4992	7
2103	4992	4999	7
2104	4999	5006	7
2105	5006	5013	7
2106	5013	5020	7
2107	5020	5027	7
2108	5027	5034	7
2109	5034	5041	7
2110	5041	5048	7
2111	5048	5055	7
2112	5055	5062	7
2113	5062	5069	7
2114	5069	5076	7
2115	5076	5083	7
2116	5083	5090	7
2117	5090	5097	7
2118	5097	5104	7
2119	5104	5111	7
2120	5111	5118	7
2121	5118	5125	7
2122	5125	5132	7
2123	5132	5139	7
2124	5139	5146	7
2125	5146	5154	8
2126	5154	5162	8
2127	5162	5170	8
2128	5170	5178	8
2129	5178	5186	8
2130	5186	5194	8
2131	5194	5202	8
2132	5202	5210	8
2133	5210	5218	8
2134	5218	5226	8
2135	5226	5234	8
2136	5234	5242	8
2137	5242	5250	8
2138	5250	5258	8
2139	5258	5266	8
2140	5266	5274	8
2141	5274	5282	8
2142	5282	5290	8
2143	5290	5298	8
2144	5298	5306	8
2145	5306	5314	8
2146	5314	5322	8
2147	5322	5330	8
2148	5330	5338	8
2149	5338	5346	8
2150	5346	5354	8
2151	5354	5362	8
2152	5362	5370	8
2153	5370	5378	8
2154	5378	5386	8
2155	5386	5394	8
2156	5394	5402	8
2157	5402	5410	8
2158	5410	5418	8
2159	5418	5426	8
2160	5426	5434	8
2161	5434	5442	8
2162	5442	5450	8
2163	5450	5458	8
2164	5458	5466	8
2165	5466	5474	8
2166	5474	5482	8
2167	5482	5490	8
2168	5490	5498	8
2169	5498	5506	8
2170	5506	5514	8
2171	5514	5522	8
2172	5522	5530	8
2173	5530	5538	8
2174	5538	5546	8
2175	5546	5554	8
2176	5554	5562	8
2177	5562	5570	8
2178	5570	5578	8
2179	5578	5586	8
2180	5586	5594	8
2181	5594	5602	8
2182	5602	5610	8
2183	5610	5619	9
2184	5619	5628	9
2185	5628	5637	9
2186	5637	5646	9
2187	5646	5655	9
2188	5655	5664	9
2189	5664	5673	9
2190	5673	5682	9
2191	5682	5691	9
2192	5691	5700	9
2193	5700	5709	9
2194	5709	5718	9
2195	5718	5727	9
2196	5727	5736	9
2197	5736	5745	9
2198	5745	5754	9
2199	5754	5763	9
2200	5763	5772	9
2201	5772	5781	9
2202	5781	5790	9
2203	5790	5799	9
2204	5799	5808	9
2205	5808	5817	9
2206	5817	5826	9
2207	5826	5835	9
2208	5835	5844	9
2209	5844	5853	9
2210	5853	5862	9
2211	5862	5871	9
2212	5871	5880	9
2213	5880	5889	9
2214	5889	5898	9
2215	5898	5907	9
2216	5907	5916	9
2217	5916	5925	9
2218	5925	5934	9
2219	5934	5943	9
2220	5943	5952	9
2221	5952	5961	9
2222	5961	5970	9
2223	5970	5979	9
2224	5979	5989	10
2225	5989	5999	10
2226	5999	6009	10
2227	6009	6019	10
2228	6019	6029	10
2229	6029	6039	10
2230	6039	6049	10
2231	6049	6059	10
2232	6059	6069	10
2233	6069	6079	10
2234	6079	6089	10
2235	6089	6099	10
2236	6099	6109	10
2237	6109	6119	10
2238	6119	6129	10
2239	6129	6139	10
2240	6139	6149	10
2241	6149	6159	10
2242	6159	6169	10
2243	6169	6179	10
2244	6179	6189	10
2245	6189	6199	10
2246	6199	6209	10
2247	6209	6219	10
2248	6219	6229	10
2249	6229	6239	10
2250	6239	6249	10
2251	6249	6259	10
2252	6259	6269	10
2253	6269	6279	10
2254	6279	6290	11
2255	6290	6301	11
2256	6301	6312	11
2257	6312	6323	11
2258	6323	6334	11
2259	6334	6345	11
2260	6345	6356	11
2261	6356	6367	11
2262	6367	6378	11
2263	6378	6389	11
2264	6389	6400	11
2265	6400	6411	11
2266	6411	6422	11
2267	6422	6433	11
2268	6433	6444	11
2269	6444	6455	11
2270	6455	6466	11
2271	6466	6477	11
2272	6477	6488	11
2273	6488	6499	11
2274	6499	6510	11
2275	6510	6521	11
2276	6521	6532	11
2277	6532	6543	11
2278	6543	6554	11
2279	6554	6565	11
2280	6565	6576	11
2281	6576	6587	11
2282	6587	6598	11
2283	6598	6609	11
2284	6609	6620	11
2285	6620	6631	11
2286	6631	6642	11
2287	6642	6653	11
2288	6653	6664	11
2289	6664	6675	11
2290	6675	6687	12
2291	6687	6699	12
2292	6699	6711	12
2293	6711	6723	12
2294	6723	6735	12
2295	6735	6747	12
2296	6747	6759	12
2297	6759	6771	12
2298	6771	6783	12
2299	6783	6795	12
2300	6795	6807	12
2301	6807	6819	12
2302	6819	6831	12
2303	6831	6843	12
2304	6843	6855	12
2305	6855	6867	12
2306	6867	6879	12
2307	6879	6891	12
2308	6891	6903	12
2309	6903	6915	12
2310	6915	6927	12
2311	6927	6939	12
2312	6939	6951	12
2313	6951	6963	12
2314	6963	6975	12
2315	6975	6987	12
2316	6987	6999	12
2317	6999	7011	12
2318	7011	7023	12
2319	7023	7035	12
2320	7035	7048	13
2321	7048	7061	13
2322	7061	7074	13
2323	7074	7087	13
2324	7087	7100	13
2325	7100	7113	13
2326	7113	7126	13
2327	7126	7139	13
2328	7139	7152	13
2329	7152	7165	13
2330	7165	7178	13
2331	7178	7191	13
2332	7191	7204	13
2333	7204	7217	13
2334	7217	7230	13
2335	7230	7243	13
2336	7243	7256	13
2337	7256	7269	13
2338	7269	7282	13
2339	7282	7295	13
2340	7295	7308	13
2341	7308	7321	13
2342	7321	7334	13
2343	7334	7347	13
2344	7347	7361	14
2345	7361	7375	14
2346	7375	7389	14
2347	7389	7403	14
2348	7403	7417	14
2349	7417	7431	14
2350	7431	7445	14
2351	7445	7459	14
2352	7459	7473	14
2353	7473	7487	14
2354	7487	7501	14
2355	7501	7515	14
2356	7515	7529	14
2357	7529	7543	14
2358	7543	7557	14
2359	7557	7571	14
2360	7571	7585	14
2361	7585	7599	14
2362	7599	7613	14
2363	7613	7628	15
2364	7628	7643	15
2365	7643	7658	15
2366	7658	7673	15
2367	7673	7688	15
2368	7688	7703	15
2369	7703	7718	15
2370	7718	7733	15
2371	7733	7748	15
2372	7748	7763	15
2373	7763	7778	15
2374	7778	7793	15
2375	7793	7808	15
2376	7808	7823	15
2377	7823	7838	15
2378	7838	7853	15
2379	7853	7869	16
2380	7869	7885	16
2381	7885	7901	16
2382	7901	7917	16
2383	7917	7933	16
2384	7933	7949	16
2385	7949	7965	16
2386	7965	7981	16
2387	7981	7997	16
2388	7997	8013	16
2389	8013	8029	16
2390	8029	8045	16
2391	8045	8061	16
2392	8061	8077	16
2393	8077	8093	16
2394	8093	8109	16
2395	8109	8125	16
2396	8125	8141	16
2397	8141	8158	17
2398	8158	8175	17
2399	8175	8192	17
2400	8192	8209	17
2401	8209	8226	17
2402	8226	8243	17
2403	8243	8260	17
2404	8260	8277	17
2405	8277	8294	17
2406	8294	8311	17
2407	8311	8328	17
2408	8328	8345	17
2409	8345	8362	17
2410	8362	8379	17
2411	8379	8396	17
2412	8396	8413	17
2413	8413	8430	17
2414	8430	8447	17
2415	8447	8464	17
2416	8464	8482	18
2417	8482	8500	18
2418	8500	8518	18
2419	8518	8536	18
2420	8536	8554	18
2421	8554	8572	18
2422	8572	8590	18
2423	8590	8608	18
2424	8608	8626	18
2425	8626	8644	18
2426	8644	8662	18
2427	8662	8680	18
2428	8680	8698	18
2429	8698	8716	18
2430	8716	8734	18
2431	8734	8753	19
2432	8753	8772	19
2433	8772	8791	19
2434	8791	8810	19
2435	8810	8829	19
2436	8829	8848	19
2437	8848	8867	19
2438	8867	8886	19
2439	8886	8905	19
2440	8905	8924	19
2441	8924	8943	19
2442	8943	8962	19
2443	8962	8981	19
2444	8981	9000	19
2445	9000	9020	20
2446	9020	9040	20
2447	9040	9060	20
2448	9060	9080	20
2449	9080	9100	20
2450	9100	9120	20
2451	9120	9140	20
2452	9140	9160	20
2453	9160	9180	20
2454	9180	9200	20
2455	9200	9220	20
2456	9220	9240	20
2457	9240	9261	21
2458	9261	9282	21
2459	9282	9303	21
2460	9303	9324	21
2461	9324	9345	21
2462	9345	9366	21
2463	9366	9387	21
2464	9387	9408	21
2465	9408	9429	21
2466	9429	9450	21
2467	9450	9472	22
2468	9472	9494	22
2469	9494	9516	22
2470	9516	9538	22
2471	9538	9560	22
2472	9560	9582	22
2473	9582	9604	22
2474	9604	9626	22
2475	9626	9648	22
2476	9648	9670	22
2477	9670	9693	23
2478	9693	9716	23
2479	9716	9739	23
2480	9739	9762	23
2481	9762	9785	23
2482	9785	9808	23
2483	9808	9831	23
2484	9831	9854	23
2485	9854	9878	24
2486	9878	9902	24
2487	9902	9926	24
2488	9926	9950	24
2489	9950	9974	24
2490	9974	9998	24
2491	9998	10022	24
2492	10022	10046	24
2493	10046	10071	25
2494	10071	10096	25
2495	10096	10121	25
2496	10121	10146	25
2497	10146	10171	25
2498	10171	10196	25
