#
#N Pointing	tstart	tend	Obs time
#		s
1	210	212	2
2	212	214	2
3	214	216	2
4	216	218	2
5	218	220	2
6	220	222	2
7	222	224	2
8	224	226	2
9	226	228	2
10	228	230	2
11	230	232	2
12	232	234	2
13	234	236	2
14	236	238	2
15	238	240	2
16	240	242	2
17	242	244	2
18	244	246	2
19	246	248	2
20	248	250	2
21	250	252	2
22	252	254	2
23	254	256	2
24	256	258	2
25	258	260	2
26	260	262	2
27	262	264	2
28	264	266	2
29	266	268	2
30	268	270	2
31	270	272	2
32	272	274	2
33	274	276	2
34	276	278	2
35	278	280	2
36	280	282	2
37	282	284	2
38	284	286	2
39	286	288	2
40	288	290	2
41	290	292	2
42	292	294	2
43	294	296	2
44	296	298	2
45	298	300	2
46	300	302	2
47	302	304	2
48	304	306	2
49	306	308	2
50	308	310	2
51	310	312	2
52	312	314	2
53	314	316	2
54	316	318	2
55	318	320	2
56	320	322	2
57	322	324	2
58	324	326	2
59	326	328	2
60	328	330	2
61	330	332	2
62	332	334	2
63	334	336	2
64	336	338	2
65	338	340	2
66	340	342	2
67	342	344	2
68	344	346	2
69	346	348	2
70	348	350	2
71	350	352	2
72	352	354	2
73	354	356	2
74	356	358	2
75	358	360	2
76	360	362	2
77	362	364	2
78	364	366	2
79	366	368	2
80	368	370	2
81	370	372	2
82	372	374	2
83	374	376	2
84	376	378	2
85	378	380	2
86	380	382	2
87	382	384	2
88	384	386	2
89	386	388	2
90	388	390	2
91	390	392	2
92	392	394	2
93	394	396	2
94	396	398	2
95	398	400	2
96	400	402	2
97	402	404	2
98	404	406	2
99	406	408	2
100	408	410	2
101	410	412	2
102	412	414	2
103	414	416	2
104	416	418	2
105	418	420	2
106	420	422	2
107	422	424	2
108	424	426	2
109	426	428	2
110	428	430	2
111	430	432	2
112	432	434	2
113	434	436	2
114	436	438	2
115	438	440	2
116	440	442	2
117	442	444	2
118	444	446	2
119	446	448	2
120	448	450	2
121	450	452	2
122	452	454	2
123	454	456	2
124	456	458	2
125	458	460	2
126	460	462	2
127	462	464	2
128	464	466	2
129	466	468	2
130	468	470	2
131	470	472	2
132	472	474	2
133	474	476	2
134	476	478	2
135	478	480	2
136	480	482	2
137	482	484	2
138	484	486	2
139	486	488	2
140	488	490	2
141	490	492	2
142	492	494	2
143	494	496	2
144	496	498	2
145	498	500	2
146	500	502	2
147	502	504	2
148	504	506	2
149	506	508	2
150	508	510	2
151	510	512	2
152	512	514	2
153	514	516	2
154	516	518	2
155	518	520	2
156	520	522	2
157	522	524	2
158	524	526	2
159	526	528	2
160	528	530	2
161	530	532	2
162	532	534	2
163	534	536	2
164	536	538	2
165	538	540	2
166	540	542	2
167	542	544	2
168	544	546	2
169	546	548	2
170	548	550	2
171	550	552	2
172	552	554	2
173	554	556	2
174	556	558	2
175	558	560	2
176	560	562	2
177	562	564	2
178	564	566	2
179	566	568	2
180	568	570	2
181	570	572	2
182	572	574	2
183	574	576	2
184	576	578	2
185	578	580	2
186	580	582	2
187	582	584	2
188	584	586	2
189	586	588	2
190	588	590	2
191	590	592	2
192	592	594	2
193	594	596	2
194	596	598	2
195	598	600	2
196	600	602	2
197	602	604	2
198	604	606	2
199	606	608	2
200	608	610	2
201	610	612	2
202	612	614	2
203	614	616	2
204	616	618	2
205	618	620	2
206	620	622	2
207	622	624	2
208	624	626	2
209	626	628	2
210	628	630	2
211	630	632	2
212	632	634	2
213	634	636	2
214	636	638	2
215	638	640	2
216	640	642	2
217	642	644	2
218	644	646	2
219	646	648	2
220	648	650	2
221	650	652	2
222	652	654	2
223	654	656	2
224	656	658	2
225	658	660	2
226	660	662	2
227	662	664	2
228	664	666	2
229	666	668	2
230	668	670	2
231	670	672	2
232	672	674	2
233	674	676	2
234	676	678	2
235	678	680	2
236	680	682	2
237	682	684	2
238	684	686	2
239	686	688	2
240	688	690	2
241	690	692	2
242	692	694	2
243	694	696	2
244	696	698	2
245	698	700	2
246	700	702	2
247	702	704	2
248	704	706	2
249	706	708	2
250	708	710	2
251	710	712	2
252	712	714	2
253	714	716	2
254	716	718	2
255	718	720	2
256	720	722	2
257	722	724	2
258	724	726	2
259	726	728	2
260	728	730	2
261	730	732	2
262	732	734	2
263	734	736	2
264	736	738	2
265	738	740	2
266	740	742	2
267	742	744	2
268	744	746	2
269	746	748	2
270	748	750	2
271	750	752	2
272	752	754	2
273	754	756	2
274	756	758	2
275	758	760	2
276	760	762	2
277	762	764	2
278	764	766	2
279	766	768	2
280	768	770	2
281	770	772	2
282	772	774	2
283	774	776	2
284	776	778	2
285	778	780	2
286	780	782	2
287	782	784	2
288	784	786	2
289	786	788	2
290	788	790	2
291	790	792	2
292	792	794	2
293	794	796	2
294	796	798	2
295	798	800	2
296	800	802	2
297	802	804	2
298	804	806	2
299	806	808	2
300	808	810	2
301	810	812	2
302	812	814	2
303	814	816	2
304	816	818	2
305	818	820	2
306	820	822	2
307	822	824	2
308	824	826	2
309	826	828	2
310	828	830	2
311	830	832	2
312	832	834	2
313	834	836	2
314	836	838	2
315	838	840	2
316	840	842	2
317	842	844	2
318	844	846	2
319	846	848	2
320	848	850	2
321	850	852	2
322	852	854	2
323	854	856	2
324	856	858	2
325	858	860	2
326	860	862	2
327	862	864	2
328	864	866	2
329	866	868	2
330	868	870	2
331	870	872	2
332	872	874	2
333	874	876	2
334	876	878	2
335	878	880	2
336	880	882	2
337	882	884	2
338	884	886	2
339	886	888	2
340	888	890	2
341	890	892	2
342	892	894	2
343	894	896	2
344	896	898	2
345	898	900	2
346	900	902	2
347	902	904	2
348	904	906	2
349	906	908	2
350	908	910	2
351	910	912	2
352	912	914	2
353	914	916	2
354	916	918	2
355	918	920	2
356	920	922	2
357	922	924	2
358	924	926	2
359	926	928	2
360	928	930	2
361	930	932	2
362	932	934	2
363	934	936	2
364	936	938	2
365	938	940	2
366	940	942	2
367	942	944	2
368	944	946	2
369	946	948	2
370	948	950	2
371	950	952	2
372	952	954	2
373	954	956	2
374	956	958	2
375	958	960	2
376	960	962	2
377	962	964	2
378	964	966	2
379	966	968	2
380	968	970	2
381	970	972	2
382	972	974	2
383	974	976	2
384	976	978	2
385	978	980	2
386	980	982	2
387	982	984	2
388	984	986	2
389	986	988	2
390	988	990	2
391	990	992	2
392	992	994	2
393	994	996	2
394	996	998	2
395	998	1000	2
396	1000	1002	2
397	1002	1004	2
398	1004	1006	2
399	1006	1008	2
400	1008	1010	2
401	1010	1012	2
402	1012	1014	2
403	1014	1016	2
404	1016	1018	2
405	1018	1020	2
406	1020	1022	2
407	1022	1024	2
408	1024	1026	2
409	1026	1028	2
410	1028	1030	2
411	1030	1032	2
412	1032	1034	2
413	1034	1036	2
414	1036	1038	2
415	1038	1040	2
416	1040	1042	2
417	1042	1044	2
418	1044	1046	2
419	1046	1048	2
420	1048	1050	2
421	1050	1052	2
422	1052	1054	2
423	1054	1056	2
424	1056	1058	2
425	1058	1060	2
426	1060	1062	2
427	1062	1064	2
428	1064	1066	2
429	1066	1068	2
430	1068	1070	2
431	1070	1072	2
432	1072	1074	2
433	1074	1076	2
434	1076	1078	2
435	1078	1080	2
436	1080	1082	2
437	1082	1084	2
438	1084	1086	2
439	1086	1088	2
440	1088	1090	2
441	1090	1092	2
442	1092	1094	2
443	1094	1096	2
444	1096	1098	2
445	1098	1100	2
446	1100	1102	2
447	1102	1104	2
448	1104	1106	2
449	1106	1108	2
450	1108	1110	2
451	1110	1112	2
452	1112	1114	2
453	1114	1116	2
454	1116	1118	2
455	1118	1120	2
456	1120	1122	2
457	1122	1124	2
458	1124	1126	2
459	1126	1128	2
460	1128	1130	2
461	1130	1132	2
462	1132	1134	2
463	1134	1136	2
464	1136	1138	2
465	1138	1140	2
466	1140	1142	2
467	1142	1144	2
468	1144	1146	2
469	1146	1148	2
470	1148	1150	2
471	1150	1152	2
472	1152	1154	2
473	1154	1156	2
474	1156	1158	2
475	1158	1160	2
476	1160	1162	2
477	1162	1164	2
478	1164	1166	2
479	1166	1168	2
480	1168	1170	2
481	1170	1172	2
482	1172	1174	2
483	1174	1176	2
484	1176	1178	2
485	1178	1180	2
486	1180	1182	2
487	1182	1184	2
488	1184	1186	2
489	1186	1188	2
490	1188	1190	2
491	1190	1192	2
492	1192	1194	2
493	1194	1196	2
494	1196	1198	2
495	1198	1200	2
496	1200	1202	2
497	1202	1204	2
498	1204	1206	2
499	1206	1208	2
500	1208	1210	2
501	1210	1212	2
502	1212	1214	2
503	1214	1216	2
504	1216	1218	2
505	1218	1220	2
506	1220	1222	2
507	1222	1224	2
508	1224	1226	2
509	1226	1228	2
510	1228	1230	2
511	1230	1232	2
512	1232	1234	2
513	1234	1236	2
514	1236	1238	2
515	1238	1240	2
516	1240	1242	2
517	1242	1244	2
518	1244	1246	2
519	1246	1248	2
520	1248	1250	2
521	1250	1252	2
522	1252	1254	2
523	1254	1256	2
524	1256	1258	2
525	1258	1260	2
526	1260	1262	2
527	1262	1264	2
528	1264	1266	2
529	1266	1269	3
530	1269	1272	3
531	1272	1275	3
532	1275	1278	3
533	1278	1281	3
534	1281	1284	3
535	1284	1287	3
536	1287	1290	3
537	1290	1293	3
538	1293	1296	3
539	1296	1299	3
540	1299	1302	3
541	1302	1305	3
542	1305	1308	3
543	1308	1311	3
544	1311	1314	3
545	1314	1317	3
546	1317	1320	3
547	1320	1323	3
548	1323	1326	3
549	1326	1329	3
550	1329	1332	3
551	1332	1335	3
552	1335	1338	3
553	1338	1341	3
554	1341	1344	3
555	1344	1347	3
556	1347	1350	3
557	1350	1353	3
558	1353	1356	3
559	1356	1359	3
560	1359	1362	3
561	1362	1365	3
562	1365	1368	3
563	1368	1371	3
564	1371	1374	3
565	1374	1377	3
566	1377	1380	3
567	1380	1383	3
568	1383	1386	3
569	1386	1389	3
570	1389	1392	3
571	1392	1395	3
572	1395	1398	3
573	1398	1401	3
574	1401	1404	3
575	1404	1407	3
576	1407	1410	3
577	1410	1413	3
578	1413	1416	3
579	1416	1419	3
580	1419	1422	3
581	1422	1425	3
582	1425	1428	3
583	1428	1431	3
584	1431	1434	3
585	1434	1437	3
586	1437	1440	3
587	1440	1443	3
588	1443	1446	3
589	1446	1449	3
590	1449	1452	3
591	1452	1455	3
592	1455	1458	3
593	1458	1461	3
594	1461	1464	3
595	1464	1467	3
596	1467	1470	3
597	1470	1473	3
598	1473	1476	3
599	1476	1479	3
600	1479	1482	3
601	1482	1485	3
602	1485	1488	3
603	1488	1491	3
604	1491	1494	3
605	1494	1497	3
606	1497	1500	3
607	1500	1503	3
608	1503	1506	3
609	1506	1509	3
610	1509	1512	3
611	1512	1515	3
612	1515	1518	3
613	1518	1521	3
614	1521	1524	3
615	1524	1527	3
616	1527	1530	3
617	1530	1533	3
618	1533	1536	3
619	1536	1539	3
620	1539	1542	3
621	1542	1545	3
622	1545	1548	3
623	1548	1551	3
624	1551	1554	3
625	1554	1557	3
626	1557	1560	3
627	1560	1563	3
628	1563	1566	3
629	1566	1569	3
630	1569	1572	3
631	1572	1575	3
632	1575	1578	3
633	1578	1581	3
634	1581	1584	3
635	1584	1587	3
636	1587	1590	3
637	1590	1593	3
638	1593	1596	3
639	1596	1599	3
640	1599	1602	3
641	1602	1605	3
642	1605	1608	3
643	1608	1611	3
644	1611	1614	3
645	1614	1617	3
646	1617	1620	3
647	1620	1623	3
648	1623	1626	3
649	1626	1629	3
650	1629	1632	3
651	1632	1635	3
652	1635	1638	3
653	1638	1641	3
654	1641	1644	3
655	1644	1647	3
656	1647	1650	3
657	1650	1653	3
658	1653	1656	3
659	1656	1659	3
660	1659	1662	3
661	1662	1665	3
662	1665	1668	3
663	1668	1671	3
664	1671	1674	3
665	1674	1677	3
666	1677	1680	3
667	1680	1683	3
668	1683	1686	3
669	1686	1689	3
670	1689	1692	3
671	1692	1695	3
672	1695	1698	3
673	1698	1701	3
674	1701	1704	3
675	1704	1707	3
676	1707	1710	3
677	1710	1713	3
678	1713	1716	3
679	1716	1719	3
680	1719	1722	3
681	1722	1725	3
682	1725	1728	3
683	1728	1731	3
684	1731	1734	3
685	1734	1737	3
686	1737	1740	3
687	1740	1743	3
688	1743	1746	3
689	1746	1749	3
690	1749	1752	3
691	1752	1755	3
692	1755	1758	3
693	1758	1761	3
694	1761	1764	3
695	1764	1767	3
696	1767	1770	3
697	1770	1773	3
698	1773	1776	3
699	1776	1779	3
700	1779	1782	3
701	1782	1785	3
702	1785	1788	3
703	1788	1791	3
704	1791	1794	3
705	1794	1797	3
706	1797	1800	3
707	1800	1803	3
708	1803	1806	3
709	1806	1809	3
710	1809	1812	3
711	1812	1815	3
712	1815	1818	3
713	1818	1821	3
714	1821	1824	3
715	1824	1827	3
716	1827	1830	3
717	1830	1833	3
718	1833	1836	3
719	1836	1839	3
720	1839	1842	3
721	1842	1845	3
722	1845	1848	3
723	1848	1851	3
724	1851	1854	3
725	1854	1857	3
726	1857	1860	3
727	1860	1863	3
728	1863	1866	3
729	1866	1869	3
730	1869	1872	3
731	1872	1875	3
732	1875	1878	3
733	1878	1881	3
734	1881	1884	3
735	1884	1887	3
736	1887	1890	3
737	1890	1893	3
738	1893	1896	3
739	1896	1899	3
740	1899	1902	3
741	1902	1905	3
742	1905	1908	3
743	1908	1911	3
744	1911	1914	3
745	1914	1917	3
746	1917	1920	3
747	1920	1923	3
748	1923	1926	3
749	1926	1929	3
750	1929	1932	3
751	1932	1935	3
752	1935	1938	3
753	1938	1941	3
754	1941	1944	3
755	1944	1947	3
756	1947	1950	3
757	1950	1953	3
758	1953	1956	3
759	1956	1959	3
760	1959	1962	3
761	1962	1965	3
762	1965	1968	3
763	1968	1971	3
764	1971	1974	3
765	1974	1977	3
766	1977	1980	3
767	1980	1983	3
768	1983	1986	3
769	1986	1989	3
770	1989	1993	4
771	1993	1997	4
772	1997	2001	4
773	2001	2005	4
774	2005	2009	4
775	2009	2013	4
776	2013	2017	4
777	2017	2021	4
778	2021	2025	4
779	2025	2029	4
780	2029	2033	4
781	2033	2037	4
782	2037	2041	4
783	2041	2045	4
784	2045	2049	4
785	2049	2053	4
786	2053	2057	4
787	2057	2061	4
788	2061	2065	4
789	2065	2069	4
790	2069	2073	4
791	2073	2077	4
792	2077	2081	4
793	2081	2085	4
794	2085	2089	4
795	2089	2093	4
796	2093	2097	4
797	2097	2101	4
798	2101	2105	4
799	2105	2109	4
800	2109	2113	4
801	2113	2117	4
802	2117	2121	4
803	2121	2125	4
804	2125	2129	4
805	2129	2133	4
806	2133	2137	4
807	2137	2141	4
808	2141	2145	4
809	2145	2149	4
810	2149	2153	4
811	2153	2157	4
812	2157	2161	4
813	2161	2165	4
814	2165	2169	4
815	2169	2173	4
816	2173	2177	4
817	2177	2181	4
818	2181	2185	4
819	2185	2189	4
820	2189	2193	4
821	2193	2197	4
822	2197	2201	4
823	2201	2205	4
824	2205	2209	4
825	2209	2213	4
826	2213	2217	4
827	2217	2221	4
828	2221	2225	4
829	2225	2229	4
830	2229	2233	4
831	2233	2237	4
832	2237	2241	4
833	2241	2245	4
834	2245	2249	4
835	2249	2253	4
836	2253	2257	4
837	2257	2261	4
838	2261	2265	4
839	2265	2269	4
840	2269	2273	4
841	2273	2277	4
842	2277	2281	4
843	2281	2285	4
844	2285	2289	4
845	2289	2293	4
846	2293	2297	4
847	2297	2301	4
848	2301	2305	4
849	2305	2309	4
850	2309	2313	4
851	2313	2317	4
852	2317	2321	4
853	2321	2325	4
854	2325	2329	4
855	2329	2333	4
856	2333	2337	4
857	2337	2341	4
858	2341	2345	4
859	2345	2349	4
860	2349	2353	4
861	2353	2357	4
862	2357	2361	4
863	2361	2365	4
864	2365	2369	4
865	2369	2373	4
866	2373	2377	4
867	2377	2381	4
868	2381	2385	4
869	2385	2389	4
870	2389	2393	4
871	2393	2397	4
872	2397	2401	4
873	2401	2405	4
874	2405	2409	4
875	2409	2413	4
876	2413	2417	4
877	2417	2421	4
878	2421	2425	4
879	2425	2429	4
880	2429	2433	4
881	2433	2437	4
882	2437	2441	4
883	2441	2445	4
884	2445	2449	4
885	2449	2453	4
886	2453	2457	4
887	2457	2461	4
888	2461	2465	4
889	2465	2469	4
890	2469	2473	4
891	2473	2477	4
892	2477	2481	4
893	2481	2485	4
894	2485	2489	4
895	2489	2493	4
896	2493	2497	4
897	2497	2501	4
898	2501	2505	4
899	2505	2509	4
900	2509	2513	4
901	2513	2517	4
902	2517	2521	4
903	2521	2525	4
904	2525	2529	4
905	2529	2533	4
906	2533	2537	4
907	2537	2541	4
908	2541	2545	4
909	2545	2549	4
910	2549	2553	4
911	2553	2557	4
912	2557	2561	4
913	2561	2565	4
914	2565	2569	4
915	2569	2573	4
916	2573	2577	4
917	2577	2581	4
918	2581	2585	4
919	2585	2589	4
920	2589	2593	4
921	2593	2597	4
922	2597	2601	4
923	2601	2605	4
924	2605	2609	4
925	2609	2613	4
926	2613	2617	4
927	2617	2621	4
928	2621	2625	4
929	2625	2629	4
930	2629	2633	4
931	2633	2637	4
932	2637	2641	4
933	2641	2645	4
934	2645	2649	4
935	2649	2653	4
936	2653	2657	4
937	2657	2661	4
938	2661	2665	4
939	2665	2669	4
940	2669	2673	4
941	2673	2677	4
942	2677	2681	4
943	2681	2685	4
944	2685	2689	4
945	2689	2693	4
946	2693	2697	4
947	2697	2702	5
948	2702	2707	5
949	2707	2712	5
950	2712	2717	5
951	2717	2722	5
952	2722	2727	5
953	2727	2732	5
954	2732	2737	5
955	2737	2742	5
956	2742	2747	5
957	2747	2752	5
958	2752	2757	5
959	2757	2762	5
960	2762	2767	5
961	2767	2772	5
962	2772	2777	5
963	2777	2782	5
964	2782	2787	5
965	2787	2792	5
966	2792	2797	5
967	2797	2802	5
968	2802	2807	5
969	2807	2812	5
970	2812	2817	5
971	2817	2822	5
972	2822	2827	5
973	2827	2832	5
974	2832	2837	5
975	2837	2842	5
976	2842	2847	5
977	2847	2852	5
978	2852	2857	5
979	2857	2862	5
980	2862	2867	5
981	2867	2872	5
982	2872	2877	5
983	2877	2882	5
984	2882	2887	5
985	2887	2892	5
986	2892	2897	5
987	2897	2902	5
988	2902	2907	5
989	2907	2912	5
990	2912	2917	5
991	2917	2922	5
992	2922	2927	5
993	2927	2932	5
994	2932	2937	5
995	2937	2942	5
996	2942	2947	5
997	2947	2952	5
998	2952	2957	5
999	2957	2962	5
1000	2962	2967	5
1001	2967	2972	5
1002	2972	2977	5
1003	2977	2982	5
1004	2982	2987	5
1005	2987	2992	5
1006	2992	2997	5
1007	2997	3002	5
1008	3002	3007	5
1009	3007	3012	5
1010	3012	3017	5
1011	3017	3022	5
1012	3022	3027	5
1013	3027	3032	5
1014	3032	3037	5
1015	3037	3042	5
1016	3042	3047	5
1017	3047	3052	5
1018	3052	3057	5
1019	3057	3062	5
1020	3062	3067	5
1021	3067	3072	5
1022	3072	3077	5
1023	3077	3082	5
1024	3082	3087	5
1025	3087	3092	5
1026	3092	3097	5
1027	3097	3102	5
1028	3102	3107	5
1029	3107	3112	5
1030	3112	3117	5
1031	3117	3122	5
1032	3122	3127	5
1033	3127	3132	5
1034	3132	3137	5
1035	3137	3142	5
1036	3142	3147	5
1037	3147	3152	5
1038	3152	3157	5
1039	3157	3162	5
1040	3162	3167	5
1041	3167	3172	5
1042	3172	3177	5
1043	3177	3182	5
1044	3182	3187	5
1045	3187	3192	5
1046	3192	3197	5
1047	3197	3202	5
1048	3202	3207	5
1049	3207	3212	5
1050	3212	3217	5
1051	3217	3222	5
1052	3222	3227	5
1053	3227	3232	5
1054	3232	3237	5
1055	3237	3242	5
1056	3242	3247	5
1057	3247	3252	5
1058	3252	3257	5
1059	3257	3262	5
1060	3262	3267	5
1061	3267	3272	5
1062	3272	3277	5
1063	3277	3283	6
1064	3283	3289	6
1065	3289	3295	6
1066	3295	3301	6
1067	3301	3307	6
1068	3307	3313	6
1069	3313	3319	6
1070	3319	3325	6
1071	3325	3331	6
1072	3331	3337	6
1073	3337	3343	6
1074	3343	3349	6
1075	3349	3355	6
1076	3355	3361	6
1077	3361	3367	6
1078	3367	3373	6
1079	3373	3379	6
1080	3379	3385	6
1081	3385	3391	6
1082	3391	3397	6
1083	3397	3403	6
1084	3403	3409	6
1085	3409	3415	6
1086	3415	3421	6
1087	3421	3427	6
1088	3427	3433	6
1089	3433	3439	6
1090	3439	3445	6
1091	3445	3451	6
1092	3451	3457	6
1093	3457	3463	6
1094	3463	3469	6
1095	3469	3475	6
1096	3475	3481	6
1097	3481	3487	6
1098	3487	3493	6
1099	3493	3499	6
1100	3499	3505	6
1101	3505	3511	6
1102	3511	3517	6
1103	3517	3523	6
1104	3523	3529	6
1105	3529	3535	6
1106	3535	3541	6
1107	3541	3547	6
1108	3547	3553	6
1109	3553	3559	6
1110	3559	3565	6
1111	3565	3571	6
1112	3571	3577	6
1113	3577	3583	6
1114	3583	3589	6
1115	3589	3595	6
1116	3595	3601	6
1117	3601	3607	6
1118	3607	3613	6
1119	3613	3619	6
1120	3619	3625	6
1121	3625	3631	6
1122	3631	3637	6
1123	3637	3643	6
1124	3643	3649	6
1125	3649	3655	6
1126	3655	3661	6
1127	3661	3667	6
1128	3667	3673	6
1129	3673	3679	6
1130	3679	3685	6
1131	3685	3691	6
1132	3691	3697	6
1133	3697	3703	6
1134	3703	3709	6
1135	3709	3715	6
1136	3715	3721	6
1137	3721	3727	6
1138	3727	3733	6
1139	3733	3739	6
1140	3739	3745	6
1141	3745	3751	6
1142	3751	3757	6
1143	3757	3763	6
1144	3763	3769	6
1145	3769	3775	6
1146	3775	3781	6
1147	3781	3787	6
1148	3787	3793	6
1149	3793	3799	6
1150	3799	3805	6
1151	3805	3812	7
1152	3812	3819	7
1153	3819	3826	7
1154	3826	3833	7
1155	3833	3840	7
1156	3840	3847	7
1157	3847	3854	7
1158	3854	3861	7
1159	3861	3868	7
1160	3868	3875	7
1161	3875	3882	7
1162	3882	3889	7
1163	3889	3896	7
1164	3896	3903	7
1165	3903	3910	7
1166	3910	3917	7
1167	3917	3924	7
1168	3924	3931	7
1169	3931	3938	7
1170	3938	3945	7
1171	3945	3952	7
1172	3952	3959	7
1173	3959	3966	7
1174	3966	3973	7
1175	3973	3980	7
1176	3980	3987	7
1177	3987	3994	7
1178	3994	4001	7
1179	4001	4008	7
1180	4008	4015	7
1181	4015	4022	7
1182	4022	4029	7
1183	4029	4036	7
1184	4036	4043	7
1185	4043	4050	7
1186	4050	4057	7
1187	4057	4064	7
1188	4064	4071	7
1189	4071	4078	7
1190	4078	4085	7
1191	4085	4092	7
1192	4092	4099	7
1193	4099	4106	7
1194	4106	4113	7
1195	4113	4120	7
1196	4120	4127	7
1197	4127	4134	7
1198	4134	4141	7
1199	4141	4148	7
1200	4148	4155	7
1201	4155	4162	7
1202	4162	4169	7
1203	4169	4176	7
1204	4176	4183	7
1205	4183	4190	7
1206	4190	4197	7
1207	4197	4204	7
1208	4204	4211	7
1209	4211	4218	7
1210	4218	4225	7
1211	4225	4233	8
1212	4233	4241	8
1213	4241	4249	8
1214	4249	4257	8
1215	4257	4265	8
1216	4265	4273	8
1217	4273	4281	8
1218	4281	4289	8
1219	4289	4297	8
1220	4297	4305	8
1221	4305	4313	8
1222	4313	4321	8
1223	4321	4329	8
1224	4329	4337	8
1225	4337	4345	8
1226	4345	4353	8
1227	4353	4361	8
1228	4361	4369	8
1229	4369	4377	8
1230	4377	4385	8
1231	4385	4393	8
1232	4393	4401	8
1233	4401	4409	8
1234	4409	4417	8
1235	4417	4425	8
1236	4425	4433	8
1237	4433	4441	8
1238	4441	4449	8
1239	4449	4457	8
1240	4457	4465	8
1241	4465	4473	8
1242	4473	4481	8
1243	4481	4489	8
1244	4489	4497	8
1245	4497	4505	8
1246	4505	4513	8
1247	4513	4521	8
1248	4521	4529	8
1249	4529	4537	8
1250	4537	4545	8
1251	4545	4553	8
1252	4553	4561	8
1253	4561	4569	8
1254	4569	4578	9
1255	4578	4587	9
1256	4587	4596	9
1257	4596	4605	9
1258	4605	4614	9
1259	4614	4623	9
1260	4623	4632	9
1261	4632	4641	9
1262	4641	4650	9
1263	4650	4659	9
1264	4659	4668	9
1265	4668	4677	9
1266	4677	4686	9
1267	4686	4695	9
1268	4695	4704	9
1269	4704	4713	9
1270	4713	4722	9
1271	4722	4731	9
1272	4731	4740	9
1273	4740	4749	9
1274	4749	4758	9
1275	4758	4767	9
1276	4767	4776	9
1277	4776	4785	9
1278	4785	4794	9
1279	4794	4803	9
1280	4803	4812	9
1281	4812	4821	9
1282	4821	4830	9
1283	4830	4839	9
1284	4839	4849	10
1285	4849	4859	10
1286	4859	4869	10
1287	4869	4879	10
1288	4879	4889	10
1289	4889	4899	10
1290	4899	4909	10
1291	4909	4919	10
1292	4919	4929	10
1293	4929	4939	10
1294	4939	4949	10
1295	4949	4959	10
1296	4959	4969	10
1297	4969	4979	10
1298	4979	4989	10
1299	4989	4999	10
1300	4999	5009	10
1301	5009	5019	10
1302	5019	5029	10
1303	5029	5039	10
1304	5039	5049	10
1305	5049	5059	10
1306	5059	5069	10
1307	5069	5079	10
1308	5079	5089	10
1309	5089	5099	10
1310	5099	5109	10
1311	5109	5119	10
1312	5119	5130	11
1313	5130	5141	11
1314	5141	5152	11
1315	5152	5163	11
1316	5163	5174	11
1317	5174	5185	11
1318	5185	5196	11
1319	5196	5207	11
1320	5207	5218	11
1321	5218	5229	11
1322	5229	5240	11
1323	5240	5251	11
1324	5251	5262	11
1325	5262	5273	11
1326	5273	5284	11
1327	5284	5295	11
1328	5295	5306	11
1329	5306	5317	11
1330	5317	5328	11
1331	5328	5339	11
1332	5339	5350	11
1333	5350	5361	11
1334	5361	5372	11
1335	5372	5383	11
1336	5383	5394	11
1337	5394	5405	11
1338	5405	5416	11
1339	5416	5427	11
1340	5427	5438	11
1341	5438	5449	11
1342	5449	5460	11
1343	5460	5471	11
1344	5471	5482	11
1345	5482	5493	11
1346	5493	5504	11
1347	5504	5516	12
1348	5516	5528	12
1349	5528	5540	12
1350	5540	5552	12
1351	5552	5564	12
1352	5564	5576	12
1353	5576	5588	12
1354	5588	5600	12
1355	5600	5612	12
1356	5612	5624	12
1357	5624	5636	12
1358	5636	5648	12
1359	5648	5660	12
1360	5660	5672	12
1361	5672	5684	12
1362	5684	5696	12
1363	5696	5708	12
1364	5708	5720	12
1365	5720	5732	12
1366	5732	5744	12
1367	5744	5756	12
1368	5756	5768	12
1369	5768	5780	12
1370	5780	5792	12
1371	5792	5804	12
1372	5804	5816	12
1373	5816	5828	12
1374	5828	5841	13
1375	5841	5854	13
1376	5854	5867	13
1377	5867	5880	13
1378	5880	5893	13
1379	5893	5906	13
1380	5906	5919	13
1381	5919	5932	13
1382	5932	5945	13
1383	5945	5958	13
1384	5958	5971	13
1385	5971	5984	13
1386	5984	5997	13
1387	5997	6010	13
1388	6010	6023	13
1389	6023	6036	13
1390	6036	6049	13
1391	6049	6062	13
1392	6062	6075	13
1393	6075	6088	13
1394	6088	6101	13
1395	6101	6114	13
1396	6114	6128	14
1397	6128	6142	14
1398	6142	6156	14
1399	6156	6170	14
1400	6170	6184	14
1401	6184	6198	14
1402	6198	6212	14
1403	6212	6226	14
1404	6226	6240	14
1405	6240	6254	14
1406	6254	6268	14
1407	6268	6282	14
1408	6282	6296	14
1409	6296	6310	14
1410	6310	6324	14
1411	6324	6338	14
1412	6338	6352	14
1413	6352	6366	14
1414	6366	6380	14
1415	6380	6394	14
1416	6394	6409	15
1417	6409	6424	15
1418	6424	6439	15
1419	6439	6454	15
1420	6454	6469	15
1421	6469	6484	15
1422	6484	6499	15
1423	6499	6514	15
1424	6514	6529	15
1425	6529	6544	15
1426	6544	6559	15
1427	6559	6574	15
1428	6574	6589	15
1429	6589	6604	15
1430	6604	6619	15
1431	6619	6634	15
1432	6634	6649	15
1433	6649	6664	15
1434	6664	6679	15
1435	6679	6694	15
1436	6694	6709	15
1437	6709	6724	15
1438	6724	6740	16
1439	6740	6756	16
1440	6756	6772	16
1441	6772	6788	16
1442	6788	6804	16
1443	6804	6820	16
1444	6820	6836	16
1445	6836	6852	16
1446	6852	6868	16
1447	6868	6884	16
1448	6884	6900	16
1449	6900	6916	16
1450	6916	6932	16
1451	6932	6948	16
1452	6948	6964	16
1453	6964	6980	16
1454	6980	6996	16
1455	6996	7012	16
1456	7012	7028	16
1457	7028	7045	17
1458	7045	7062	17
1459	7062	7079	17
1460	7079	7096	17
1461	7096	7113	17
1462	7113	7130	17
1463	7130	7147	17
1464	7147	7164	17
1465	7164	7181	17
1466	7181	7198	17
1467	7198	7215	17
1468	7215	7232	17
1469	7232	7249	17
1470	7249	7266	17
1471	7266	7283	17
1472	7283	7300	17
1473	7300	7318	18
1474	7318	7336	18
1475	7336	7354	18
1476	7354	7372	18
1477	7372	7390	18
1478	7390	7408	18
1479	7408	7426	18
1480	7426	7444	18
1481	7444	7462	18
1482	7462	7480	18
1483	7480	7498	18
1484	7498	7516	18
1485	7516	7534	18
1486	7534	7553	19
1487	7553	7572	19
1488	7572	7591	19
1489	7591	7610	19
1490	7610	7629	19
1491	7629	7648	19
1492	7648	7667	19
1493	7667	7686	19
1494	7686	7705	19
1495	7705	7724	19
1496	7724	7743	19
1497	7743	7762	19
1498	7762	7782	20
1499	7782	7802	20
1500	7802	7822	20
1501	7822	7842	20
1502	7842	7862	20
1503	7862	7882	20
1504	7882	7902	20
1505	7902	7922	20
1506	7922	7942	20
1507	7942	7962	20
1508	7962	7982	20
1509	7982	8003	21
1510	8003	8024	21
1511	8024	8045	21
1512	8045	8066	21
1513	8066	8087	21
1514	8087	8108	21
1515	8108	8129	21
1516	8129	8150	21
1517	8150	8171	21
1518	8171	8192	21
1519	8192	8213	21
1520	8213	8234	21
1521	8234	8255	21
1522	8255	8276	21
1523	8276	8298	22
1524	8298	8320	22
1525	8320	8342	22
1526	8342	8364	22
1527	8364	8386	22
1528	8386	8408	22
1529	8408	8430	22
1530	8430	8452	22
1531	8452	8474	22
1532	8474	8496	22
1533	8496	8518	22
1534	8518	8540	22
1535	8540	8563	23
1536	8563	8586	23
1537	8586	8609	23
1538	8609	8632	23
1539	8632	8655	23
1540	8655	8678	23
1541	8678	8701	23
1542	8701	8724	23
1543	8724	8747	23
1544	8747	8770	23
1545	8770	8793	23
1546	8793	8817	24
1547	8817	8841	24
1548	8841	8865	24
1549	8865	8889	24
1550	8889	8913	24
1551	8913	8937	24
1552	8937	8961	24
1553	8961	8985	24
1554	8985	9009	24
1555	9009	9034	25
1556	9034	9059	25
1557	9059	9084	25
1558	9084	9109	25
1559	9109	9134	25
1560	9134	9159	25
1561	9159	9184	25
1562	9184	9209	25
1563	9209	9234	25
1564	9234	9260	26
1565	9260	9286	26
1566	9286	9312	26
1567	9312	9338	26
1568	9338	9364	26
1569	9364	9390	26
1570	9390	9416	26
1571	9416	9443	27
1572	9443	9470	27
1573	9470	9497	27
1574	9497	9524	27
1575	9524	9551	27
1576	9551	9578	27
1577	9578	9605	27
1578	9605	9633	28
1579	9633	9661	28
1580	9661	9689	28
1581	9689	9717	28
1582	9717	9745	28
1583	9745	9773	28
1584	9773	9801	28
1585	9801	9830	29
1586	9830	9859	29
1587	9859	9888	29
1588	9888	9917	29
1589	9917	9946	29
1590	9946	9976	30
1591	9976	10006	30
1592	10006	10036	30
1593	10036	10066	30
1594	10066	10096	30
1595	10096	10126	30
1596	10126	10156	30
1597	10156	10186	30
