#
#N Pointing	tstart	tend	Obs time
#		s
1	210	211	1
2	211	212	1
3	212	213	1
4	213	214	1
5	214	215	1
6	215	216	1
7	216	217	1
8	217	218	1
9	218	219	1
10	219	220	1
11	220	221	1
12	221	222	1
13	222	223	1
14	223	224	1
15	224	225	1
16	225	226	1
17	226	227	1
18	227	228	1
19	228	229	1
20	229	230	1
21	230	231	1
22	231	232	1
23	232	233	1
24	233	234	1
25	234	235	1
26	235	236	1
27	236	237	1
28	237	238	1
29	238	239	1
30	239	240	1
31	240	241	1
32	241	242	1
33	242	243	1
34	243	244	1
35	244	245	1
36	245	246	1
37	246	247	1
38	247	248	1
39	248	249	1
40	249	250	1
41	250	251	1
42	251	252	1
43	252	253	1
44	253	254	1
45	254	255	1
46	255	256	1
47	256	257	1
48	257	258	1
49	258	259	1
50	259	260	1
51	260	261	1
52	261	262	1
53	262	263	1
54	263	264	1
55	264	265	1
56	265	266	1
57	266	267	1
58	267	268	1
59	268	269	1
60	269	270	1
61	270	271	1
62	271	272	1
63	272	273	1
64	273	274	1
65	274	275	1
66	275	276	1
67	276	277	1
68	277	278	1
69	278	279	1
70	279	280	1
71	280	281	1
72	281	282	1
73	282	283	1
74	283	284	1
75	284	285	1
76	285	286	1
77	286	287	1
78	287	288	1
79	288	289	1
80	289	290	1
81	290	291	1
82	291	292	1
83	292	293	1
84	293	294	1
85	294	295	1
86	295	296	1
87	296	297	1
88	297	298	1
89	298	299	1
90	299	300	1
91	300	301	1
92	301	302	1
93	302	303	1
94	303	304	1
95	304	305	1
96	305	306	1
97	306	307	1
98	307	308	1
99	308	309	1
100	309	310	1
101	310	311	1
102	311	312	1
103	312	313	1
104	313	314	1
105	314	315	1
106	315	316	1
107	316	317	1
108	317	318	1
109	318	319	1
110	319	320	1
111	320	321	1
112	321	322	1
113	322	323	1
114	323	324	1
115	324	325	1
116	325	326	1
117	326	327	1
118	327	328	1
119	328	329	1
120	329	330	1
121	330	331	1
122	331	332	1
123	332	333	1
124	333	334	1
125	334	335	1
126	335	336	1
127	336	337	1
128	337	338	1
129	338	339	1
130	339	340	1
131	340	341	1
132	341	342	1
133	342	343	1
134	343	344	1
135	344	345	1
136	345	346	1
137	346	347	1
138	347	348	1
139	348	349	1
140	349	350	1
141	350	351	1
142	351	352	1
143	352	353	1
144	353	354	1
145	354	355	1
146	355	356	1
147	356	357	1
148	357	358	1
149	358	359	1
150	359	360	1
151	360	361	1
152	361	362	1
153	362	363	1
154	363	364	1
155	364	365	1
156	365	366	1
157	366	367	1
158	367	368	1
159	368	369	1
160	369	370	1
161	370	371	1
162	371	372	1
163	372	373	1
164	373	374	1
165	374	375	1
166	375	376	1
167	376	377	1
168	377	378	1
169	378	379	1
170	379	380	1
171	380	381	1
172	381	382	1
173	382	383	1
174	383	384	1
175	384	385	1
176	385	386	1
177	386	387	1
178	387	388	1
179	388	389	1
180	389	390	1
181	390	391	1
182	391	392	1
183	392	393	1
184	393	394	1
185	394	395	1
186	395	396	1
187	396	397	1
188	397	398	1
189	398	399	1
190	399	400	1
191	400	401	1
192	401	402	1
193	402	403	1
194	403	404	1
195	404	405	1
196	405	406	1
197	406	407	1
198	407	408	1
199	408	409	1
200	409	410	1
201	410	411	1
202	411	412	1
203	412	413	1
204	413	414	1
205	414	415	1
206	415	416	1
207	416	417	1
208	417	418	1
209	418	419	1
210	419	420	1
211	420	421	1
212	421	422	1
213	422	423	1
214	423	424	1
215	424	425	1
216	425	426	1
217	426	427	1
218	427	428	1
219	428	429	1
220	429	430	1
221	430	431	1
222	431	432	1
223	432	433	1
224	433	434	1
225	434	435	1
226	435	436	1
227	436	437	1
228	437	438	1
229	438	439	1
230	439	440	1
231	440	441	1
232	441	442	1
233	442	443	1
234	443	444	1
235	444	445	1
236	445	446	1
237	446	447	1
238	447	448	1
239	448	449	1
240	449	450	1
241	450	451	1
242	451	452	1
243	452	453	1
244	453	454	1
245	454	455	1
246	455	456	1
247	456	457	1
248	457	458	1
249	458	459	1
250	459	460	1
251	460	461	1
252	461	462	1
253	462	463	1
254	463	464	1
255	464	465	1
256	465	466	1
257	466	467	1
258	467	468	1
259	468	469	1
260	469	470	1
261	470	471	1
262	471	472	1
263	472	473	1
264	473	474	1
265	474	475	1
266	475	476	1
267	476	477	1
268	477	478	1
269	478	479	1
270	479	480	1
271	480	481	1
272	481	482	1
273	482	483	1
274	483	484	1
275	484	485	1
276	485	486	1
277	486	487	1
278	487	488	1
279	488	489	1
280	489	490	1
281	490	491	1
282	491	492	1
283	492	493	1
284	493	494	1
285	494	495	1
286	495	496	1
287	496	497	1
288	497	498	1
289	498	499	1
290	499	500	1
291	500	501	1
292	501	502	1
293	502	503	1
294	503	504	1
295	504	505	1
296	505	506	1
297	506	507	1
298	507	508	1
299	508	509	1
300	509	510	1
301	510	511	1
302	511	512	1
303	512	513	1
304	513	514	1
305	514	515	1
306	515	516	1
307	516	517	1
308	517	518	1
309	518	519	1
310	519	520	1
311	520	521	1
312	521	522	1
313	522	523	1
314	523	524	1
315	524	525	1
316	525	526	1
317	526	527	1
318	527	528	1
319	528	529	1
320	529	530	1
321	530	531	1
322	531	532	1
323	532	533	1
324	533	534	1
325	534	535	1
326	535	536	1
327	536	537	1
328	537	538	1
329	538	539	1
330	539	540	1
331	540	541	1
332	541	542	1
333	542	543	1
334	543	544	1
335	544	545	1
336	545	546	1
337	546	547	1
338	547	548	1
339	548	549	1
340	549	550	1
341	550	551	1
342	551	552	1
343	552	553	1
344	553	554	1
345	554	555	1
346	555	556	1
347	556	557	1
348	557	558	1
349	558	559	1
350	559	560	1
351	560	561	1
352	561	562	1
353	562	563	1
354	563	564	1
355	564	565	1
356	565	566	1
357	566	567	1
358	567	568	1
359	568	569	1
360	569	570	1
361	570	571	1
362	571	572	1
363	572	573	1
364	573	574	1
365	574	575	1
366	575	576	1
367	576	577	1
368	577	578	1
369	578	579	1
370	579	580	1
371	580	581	1
372	581	582	1
373	582	583	1
374	583	584	1
375	584	585	1
376	585	586	1
377	586	587	1
378	587	588	1
379	588	589	1
380	589	590	1
381	590	591	1
382	591	592	1
383	592	593	1
384	593	594	1
385	594	595	1
386	595	596	1
387	596	597	1
388	597	598	1
389	598	599	1
390	599	600	1
391	600	601	1
392	601	602	1
393	602	603	1
394	603	604	1
395	604	605	1
396	605	606	1
397	606	607	1
398	607	608	1
399	608	609	1
400	609	610	1
401	610	611	1
402	611	612	1
403	612	613	1
404	613	614	1
405	614	615	1
406	615	616	1
407	616	617	1
408	617	618	1
409	618	619	1
410	619	620	1
411	620	621	1
412	621	622	1
413	622	623	1
414	623	624	1
415	624	625	1
416	625	626	1
417	626	627	1
418	627	628	1
419	628	629	1
420	629	630	1
421	630	631	1
422	631	632	1
423	632	633	1
424	633	634	1
425	634	635	1
426	635	636	1
427	636	637	1
428	637	638	1
429	638	639	1
430	639	640	1
431	640	641	1
432	641	642	1
433	642	643	1
434	643	644	1
435	644	645	1
436	645	646	1
437	646	647	1
438	647	648	1
439	648	649	1
440	649	650	1
441	650	651	1
442	651	652	1
443	652	653	1
444	653	654	1
445	654	655	1
446	655	656	1
447	656	657	1
448	657	658	1
449	658	659	1
450	659	660	1
451	660	661	1
452	661	662	1
453	662	663	1
454	663	664	1
455	664	665	1
456	665	666	1
457	666	667	1
458	667	668	1
459	668	669	1
460	669	670	1
461	670	671	1
462	671	672	1
463	672	673	1
464	673	674	1
465	674	675	1
466	675	676	1
467	676	677	1
468	677	678	1
469	678	679	1
470	679	680	1
471	680	681	1
472	681	682	1
473	682	683	1
474	683	684	1
475	684	685	1
476	685	686	1
477	686	687	1
478	687	688	1
479	688	689	1
480	689	690	1
481	690	691	1
482	691	692	1
483	692	693	1
484	693	694	1
485	694	695	1
486	695	696	1
487	696	697	1
488	697	698	1
489	698	699	1
490	699	700	1
491	700	701	1
492	701	702	1
493	702	703	1
494	703	704	1
495	704	705	1
496	705	706	1
497	706	707	1
498	707	708	1
499	708	709	1
500	709	710	1
501	710	711	1
502	711	712	1
503	712	713	1
504	713	714	1
505	714	715	1
506	715	716	1
507	716	717	1
508	717	718	1
509	718	719	1
510	719	720	1
511	720	721	1
512	721	722	1
513	722	723	1
514	723	724	1
515	724	725	1
516	725	726	1
517	726	727	1
518	727	728	1
519	728	729	1
520	729	730	1
521	730	731	1
522	731	732	1
523	732	733	1
524	733	734	1
525	734	735	1
526	735	736	1
527	736	737	1
528	737	738	1
529	738	739	1
530	739	740	1
531	740	741	1
532	741	742	1
533	742	743	1
534	743	744	1
535	744	745	1
536	745	746	1
537	746	747	1
538	747	748	1
539	748	749	1
540	749	750	1
541	750	751	1
542	751	752	1
543	752	753	1
544	753	754	1
545	754	755	1
546	755	756	1
547	756	757	1
548	757	758	1
549	758	759	1
550	759	760	1
551	760	761	1
552	761	762	1
553	762	763	1
554	763	764	1
555	764	765	1
556	765	766	1
557	766	767	1
558	767	768	1
559	768	769	1
560	769	770	1
561	770	771	1
562	771	772	1
563	772	773	1
564	773	774	1
565	774	775	1
566	775	776	1
567	776	777	1
568	777	778	1
569	778	779	1
570	779	780	1
571	780	781	1
572	781	782	1
573	782	783	1
574	783	784	1
575	784	785	1
576	785	786	1
577	786	787	1
578	787	788	1
579	788	789	1
580	789	790	1
581	790	791	1
582	791	792	1
583	792	793	1
584	793	794	1
585	794	795	1
586	795	796	1
587	796	797	1
588	797	798	1
589	798	799	1
590	799	800	1
591	800	801	1
592	801	802	1
593	802	803	1
594	803	804	1
595	804	805	1
596	805	806	1
597	806	807	1
598	807	808	1
599	808	809	1
600	809	810	1
601	810	811	1
602	811	812	1
603	812	813	1
604	813	814	1
605	814	815	1
606	815	816	1
607	816	817	1
608	817	818	1
609	818	819	1
610	819	820	1
611	820	821	1
612	821	822	1
613	822	823	1
614	823	824	1
615	824	825	1
616	825	826	1
617	826	827	1
618	827	828	1
619	828	829	1
620	829	830	1
621	830	831	1
622	831	832	1
623	832	833	1
624	833	834	1
625	834	835	1
626	835	836	1
627	836	837	1
628	837	838	1
629	838	839	1
630	839	840	1
631	840	841	1
632	841	842	1
633	842	843	1
634	843	844	1
635	844	845	1
636	845	846	1
637	846	847	1
638	847	848	1
639	848	849	1
640	849	850	1
641	850	851	1
642	851	852	1
643	852	853	1
644	853	854	1
645	854	855	1
646	855	856	1
647	856	857	1
648	857	858	1
649	858	859	1
650	859	860	1
651	860	861	1
652	861	862	1
653	862	863	1
654	863	864	1
655	864	865	1
656	865	866	1
657	866	867	1
658	867	868	1
659	868	869	1
660	869	870	1
661	870	871	1
662	871	872	1
663	872	873	1
664	873	874	1
665	874	875	1
666	875	876	1
667	876	877	1
668	877	878	1
669	878	879	1
670	879	880	1
671	880	881	1
672	881	882	1
673	882	883	1
674	883	884	1
675	884	885	1
676	885	886	1
677	886	887	1
678	887	888	1
679	888	889	1
680	889	890	1
681	890	891	1
682	891	892	1
683	892	893	1
684	893	894	1
685	894	895	1
686	895	896	1
687	896	897	1
688	897	898	1
689	898	899	1
690	899	900	1
691	900	901	1
692	901	902	1
693	902	903	1
694	903	904	1
695	904	905	1
696	905	906	1
697	906	907	1
698	907	908	1
699	908	909	1
700	909	910	1
701	910	911	1
702	911	912	1
703	912	913	1
704	913	914	1
705	914	915	1
706	915	916	1
707	916	917	1
708	917	918	1
709	918	919	1
710	919	920	1
711	920	921	1
712	921	922	1
713	922	923	1
714	923	924	1
715	924	925	1
716	925	926	1
717	926	927	1
718	927	928	1
719	928	929	1
720	929	930	1
721	930	931	1
722	931	932	1
723	932	933	1
724	933	934	1
725	934	935	1
726	935	936	1
727	936	937	1
728	937	938	1
729	938	939	1
730	939	940	1
731	940	941	1
732	941	942	1
733	942	943	1
734	943	944	1
735	944	945	1
736	945	946	1
737	946	947	1
738	947	948	1
739	948	949	1
740	949	950	1
741	950	951	1
742	951	952	1
743	952	953	1
744	953	954	1
745	954	955	1
746	955	956	1
747	956	957	1
748	957	958	1
749	958	959	1
750	959	960	1
751	960	961	1
752	961	962	1
753	962	963	1
754	963	964	1
755	964	965	1
756	965	966	1
757	966	967	1
758	967	968	1
759	968	969	1
760	969	970	1
761	970	971	1
762	971	972	1
763	972	973	1
764	973	974	1
765	974	975	1
766	975	976	1
767	976	977	1
768	977	978	1
769	978	979	1
770	979	980	1
771	980	981	1
772	981	982	1
773	982	983	1
774	983	984	1
775	984	985	1
776	985	986	1
777	986	987	1
778	987	988	1
779	988	989	1
780	989	990	1
781	990	991	1
782	991	992	1
783	992	993	1
784	993	994	1
785	994	995	1
786	995	996	1
787	996	997	1
788	997	998	1
789	998	999	1
790	999	1000	1
791	1000	1001	1
792	1001	1002	1
793	1002	1003	1
794	1003	1004	1
795	1004	1005	1
796	1005	1006	1
797	1006	1007	1
798	1007	1008	1
799	1008	1009	1
800	1009	1010	1
801	1010	1011	1
802	1011	1012	1
803	1012	1013	1
804	1013	1014	1
805	1014	1015	1
806	1015	1016	1
807	1016	1017	1
808	1017	1018	1
809	1018	1019	1
810	1019	1020	1
811	1020	1021	1
812	1021	1022	1
813	1022	1023	1
814	1023	1024	1
815	1024	1025	1
816	1025	1026	1
817	1026	1027	1
818	1027	1028	1
819	1028	1029	1
820	1029	1030	1
821	1030	1031	1
822	1031	1032	1
823	1032	1033	1
824	1033	1034	1
825	1034	1035	1
826	1035	1036	1
827	1036	1037	1
828	1037	1038	1
829	1038	1039	1
830	1039	1040	1
831	1040	1041	1
832	1041	1042	1
833	1042	1043	1
834	1043	1044	1
835	1044	1045	1
836	1045	1046	1
837	1046	1047	1
838	1047	1048	1
839	1048	1049	1
840	1049	1050	1
841	1050	1051	1
842	1051	1052	1
843	1052	1053	1
844	1053	1054	1
845	1054	1055	1
846	1055	1056	1
847	1056	1057	1
848	1057	1058	1
849	1058	1059	1
850	1059	1060	1
851	1060	1061	1
852	1061	1062	1
853	1062	1063	1
854	1063	1064	1
855	1064	1065	1
856	1065	1066	1
857	1066	1067	1
858	1067	1068	1
859	1068	1069	1
860	1069	1070	1
861	1070	1071	1
862	1071	1072	1
863	1072	1073	1
864	1073	1074	1
865	1074	1075	1
866	1075	1076	1
867	1076	1077	1
868	1077	1078	1
869	1078	1079	1
870	1079	1080	1
871	1080	1081	1
872	1081	1082	1
873	1082	1083	1
874	1083	1084	1
875	1084	1085	1
876	1085	1086	1
877	1086	1087	1
878	1087	1088	1
879	1088	1089	1
880	1089	1090	1
881	1090	1091	1
882	1091	1092	1
883	1092	1093	1
884	1093	1094	1
885	1094	1095	1
886	1095	1096	1
887	1096	1097	1
888	1097	1098	1
889	1098	1099	1
890	1099	1100	1
891	1100	1101	1
892	1101	1102	1
893	1102	1103	1
894	1103	1104	1
895	1104	1105	1
896	1105	1106	1
897	1106	1107	1
898	1107	1108	1
899	1108	1109	1
900	1109	1110	1
901	1110	1111	1
902	1111	1112	1
903	1112	1113	1
904	1113	1114	1
905	1114	1116	2
906	1116	1118	2
907	1118	1120	2
908	1120	1122	2
909	1122	1124	2
910	1124	1126	2
911	1126	1128	2
912	1128	1130	2
913	1130	1132	2
914	1132	1134	2
915	1134	1136	2
916	1136	1138	2
917	1138	1140	2
918	1140	1142	2
919	1142	1144	2
920	1144	1146	2
921	1146	1148	2
922	1148	1150	2
923	1150	1152	2
924	1152	1154	2
925	1154	1156	2
926	1156	1158	2
927	1158	1160	2
928	1160	1162	2
929	1162	1164	2
930	1164	1166	2
931	1166	1168	2
932	1168	1170	2
933	1170	1172	2
934	1172	1174	2
935	1174	1176	2
936	1176	1178	2
937	1178	1180	2
938	1180	1182	2
939	1182	1184	2
940	1184	1186	2
941	1186	1188	2
942	1188	1190	2
943	1190	1192	2
944	1192	1194	2
945	1194	1196	2
946	1196	1198	2
947	1198	1200	2
948	1200	1202	2
949	1202	1204	2
950	1204	1206	2
951	1206	1208	2
952	1208	1210	2
953	1210	1212	2
954	1212	1214	2
955	1214	1216	2
956	1216	1218	2
957	1218	1220	2
958	1220	1222	2
959	1222	1224	2
960	1224	1226	2
961	1226	1228	2
962	1228	1230	2
963	1230	1232	2
964	1232	1234	2
965	1234	1236	2
966	1236	1238	2
967	1238	1240	2
968	1240	1242	2
969	1242	1244	2
970	1244	1246	2
971	1246	1248	2
972	1248	1250	2
973	1250	1252	2
974	1252	1254	2
975	1254	1256	2
976	1256	1258	2
977	1258	1260	2
978	1260	1262	2
979	1262	1264	2
980	1264	1266	2
981	1266	1268	2
982	1268	1270	2
983	1270	1272	2
984	1272	1274	2
985	1274	1276	2
986	1276	1278	2
987	1278	1280	2
988	1280	1282	2
989	1282	1284	2
990	1284	1286	2
991	1286	1288	2
992	1288	1290	2
993	1290	1292	2
994	1292	1294	2
995	1294	1296	2
996	1296	1298	2
997	1298	1300	2
998	1300	1302	2
999	1302	1304	2
1000	1304	1306	2
1001	1306	1308	2
1002	1308	1310	2
1003	1310	1312	2
1004	1312	1314	2
1005	1314	1316	2
1006	1316	1318	2
1007	1318	1320	2
1008	1320	1322	2
1009	1322	1324	2
1010	1324	1326	2
1011	1326	1328	2
1012	1328	1330	2
1013	1330	1332	2
1014	1332	1334	2
1015	1334	1336	2
1016	1336	1338	2
1017	1338	1340	2
1018	1340	1342	2
1019	1342	1344	2
1020	1344	1346	2
1021	1346	1348	2
1022	1348	1350	2
1023	1350	1352	2
1024	1352	1354	2
1025	1354	1356	2
1026	1356	1358	2
1027	1358	1360	2
1028	1360	1362	2
1029	1362	1364	2
1030	1364	1366	2
1031	1366	1368	2
1032	1368	1370	2
1033	1370	1372	2
1034	1372	1374	2
1035	1374	1376	2
1036	1376	1378	2
1037	1378	1380	2
1038	1380	1382	2
1039	1382	1384	2
1040	1384	1386	2
1041	1386	1388	2
1042	1388	1390	2
1043	1390	1392	2
1044	1392	1394	2
1045	1394	1396	2
1046	1396	1398	2
1047	1398	1400	2
1048	1400	1402	2
1049	1402	1404	2
1050	1404	1406	2
1051	1406	1408	2
1052	1408	1410	2
1053	1410	1412	2
1054	1412	1414	2
1055	1414	1416	2
1056	1416	1418	2
1057	1418	1420	2
1058	1420	1422	2
1059	1422	1424	2
1060	1424	1426	2
1061	1426	1428	2
1062	1428	1430	2
1063	1430	1432	2
1064	1432	1434	2
1065	1434	1436	2
1066	1436	1438	2
1067	1438	1440	2
1068	1440	1442	2
1069	1442	1444	2
1070	1444	1446	2
1071	1446	1448	2
1072	1448	1450	2
1073	1450	1452	2
1074	1452	1454	2
1075	1454	1456	2
1076	1456	1458	2
1077	1458	1460	2
1078	1460	1462	2
1079	1462	1464	2
1080	1464	1466	2
1081	1466	1468	2
1082	1468	1470	2
1083	1470	1472	2
1084	1472	1474	2
1085	1474	1476	2
1086	1476	1478	2
1087	1478	1480	2
1088	1480	1482	2
1089	1482	1484	2
1090	1484	1486	2
1091	1486	1488	2
1092	1488	1490	2
1093	1490	1492	2
1094	1492	1494	2
1095	1494	1496	2
1096	1496	1498	2
1097	1498	1500	2
1098	1500	1502	2
1099	1502	1504	2
1100	1504	1506	2
1101	1506	1508	2
1102	1508	1510	2
1103	1510	1512	2
1104	1512	1514	2
1105	1514	1516	2
1106	1516	1518	2
1107	1518	1520	2
1108	1520	1522	2
1109	1522	1524	2
1110	1524	1526	2
1111	1526	1528	2
1112	1528	1530	2
1113	1530	1532	2
1114	1532	1534	2
1115	1534	1536	2
1116	1536	1538	2
1117	1538	1540	2
1118	1540	1542	2
1119	1542	1544	2
1120	1544	1546	2
1121	1546	1548	2
1122	1548	1550	2
1123	1550	1552	2
1124	1552	1554	2
1125	1554	1556	2
1126	1556	1558	2
1127	1558	1560	2
1128	1560	1562	2
1129	1562	1564	2
1130	1564	1566	2
1131	1566	1568	2
1132	1568	1570	2
1133	1570	1572	2
1134	1572	1574	2
1135	1574	1576	2
1136	1576	1578	2
1137	1578	1580	2
1138	1580	1582	2
1139	1582	1584	2
1140	1584	1586	2
1141	1586	1588	2
1142	1588	1590	2
1143	1590	1592	2
1144	1592	1594	2
1145	1594	1596	2
1146	1596	1598	2
1147	1598	1600	2
1148	1600	1602	2
1149	1602	1604	2
1150	1604	1606	2
1151	1606	1608	2
1152	1608	1610	2
1153	1610	1612	2
1154	1612	1614	2
1155	1614	1616	2
1156	1616	1618	2
1157	1618	1620	2
1158	1620	1622	2
1159	1622	1624	2
1160	1624	1626	2
1161	1626	1628	2
1162	1628	1630	2
1163	1630	1632	2
1164	1632	1634	2
1165	1634	1636	2
1166	1636	1638	2
1167	1638	1640	2
1168	1640	1642	2
1169	1642	1644	2
1170	1644	1646	2
1171	1646	1648	2
1172	1648	1650	2
1173	1650	1652	2
1174	1652	1654	2
1175	1654	1656	2
1176	1656	1658	2
1177	1658	1660	2
1178	1660	1662	2
1179	1662	1664	2
1180	1664	1666	2
1181	1666	1668	2
1182	1668	1670	2
1183	1670	1672	2
1184	1672	1674	2
1185	1674	1676	2
1186	1676	1678	2
1187	1678	1680	2
1188	1680	1682	2
1189	1682	1684	2
1190	1684	1686	2
1191	1686	1688	2
1192	1688	1690	2
1193	1690	1692	2
1194	1692	1694	2
1195	1694	1696	2
1196	1696	1698	2
1197	1698	1700	2
1198	1700	1702	2
1199	1702	1704	2
1200	1704	1706	2
1201	1706	1708	2
1202	1708	1710	2
1203	1710	1712	2
1204	1712	1714	2
1205	1714	1716	2
1206	1716	1718	2
1207	1718	1720	2
1208	1720	1722	2
1209	1722	1724	2
1210	1724	1726	2
1211	1726	1728	2
1212	1728	1730	2
1213	1730	1732	2
1214	1732	1734	2
1215	1734	1736	2
1216	1736	1738	2
1217	1738	1740	2
1218	1740	1742	2
1219	1742	1744	2
1220	1744	1746	2
1221	1746	1748	2
1222	1748	1750	2
1223	1750	1752	2
1224	1752	1754	2
1225	1754	1756	2
1226	1756	1758	2
1227	1758	1760	2
1228	1760	1762	2
1229	1762	1764	2
1230	1764	1766	2
1231	1766	1768	2
1232	1768	1770	2
1233	1770	1772	2
1234	1772	1774	2
1235	1774	1776	2
1236	1776	1778	2
1237	1778	1780	2
1238	1780	1782	2
1239	1782	1784	2
1240	1784	1786	2
1241	1786	1788	2
1242	1788	1790	2
1243	1790	1792	2
1244	1792	1794	2
1245	1794	1796	2
1246	1796	1798	2
1247	1798	1800	2
1248	1800	1802	2
1249	1802	1804	2
1250	1804	1806	2
1251	1806	1808	2
1252	1808	1810	2
1253	1810	1812	2
1254	1812	1814	2
1255	1814	1816	2
1256	1816	1818	2
1257	1818	1820	2
1258	1820	1822	2
1259	1822	1824	2
1260	1824	1826	2
1261	1826	1828	2
1262	1828	1830	2
1263	1830	1832	2
1264	1832	1834	2
1265	1834	1836	2
1266	1836	1838	2
1267	1838	1840	2
1268	1840	1842	2
1269	1842	1844	2
1270	1844	1846	2
1271	1846	1848	2
1272	1848	1850	2
1273	1850	1852	2
1274	1852	1854	2
1275	1854	1856	2
1276	1856	1858	2
1277	1858	1860	2
1278	1860	1862	2
1279	1862	1864	2
1280	1864	1866	2
1281	1866	1868	2
1282	1868	1870	2
1283	1870	1872	2
1284	1872	1874	2
1285	1874	1876	2
1286	1876	1878	2
1287	1878	1880	2
1288	1880	1882	2
1289	1882	1884	2
1290	1884	1886	2
1291	1886	1888	2
1292	1888	1890	2
1293	1890	1892	2
1294	1892	1894	2
1295	1894	1896	2
1296	1896	1898	2
1297	1898	1900	2
1298	1900	1902	2
1299	1902	1904	2
1300	1904	1906	2
1301	1906	1908	2
1302	1908	1910	2
1303	1910	1912	2
1304	1912	1914	2
1305	1914	1916	2
1306	1916	1918	2
1307	1918	1920	2
1308	1920	1922	2
1309	1922	1924	2
1310	1924	1926	2
1311	1926	1928	2
1312	1928	1930	2
1313	1930	1932	2
1314	1932	1934	2
1315	1934	1936	2
1316	1936	1938	2
1317	1938	1940	2
1318	1940	1942	2
1319	1942	1944	2
1320	1944	1946	2
1321	1946	1948	2
1322	1948	1950	2
1323	1950	1952	2
1324	1952	1954	2
1325	1954	1956	2
1326	1956	1958	2
1327	1958	1960	2
1328	1960	1962	2
1329	1962	1964	2
1330	1964	1966	2
1331	1966	1968	2
1332	1968	1970	2
1333	1970	1972	2
1334	1972	1974	2
1335	1974	1976	2
1336	1976	1978	2
1337	1978	1980	2
1338	1980	1982	2
1339	1982	1984	2
1340	1984	1986	2
1341	1986	1988	2
1342	1988	1990	2
1343	1990	1992	2
1344	1992	1994	2
1345	1994	1996	2
1346	1996	1998	2
1347	1998	2000	2
1348	2000	2002	2
1349	2002	2004	2
1350	2004	2006	2
1351	2006	2008	2
1352	2008	2010	2
1353	2010	2012	2
1354	2012	2014	2
1355	2014	2016	2
1356	2016	2018	2
1357	2018	2020	2
1358	2020	2022	2
1359	2022	2024	2
1360	2024	2026	2
1361	2026	2028	2
1362	2028	2030	2
1363	2030	2032	2
1364	2032	2034	2
1365	2034	2036	2
1366	2036	2038	2
1367	2038	2040	2
1368	2040	2042	2
1369	2042	2044	2
1370	2044	2046	2
1371	2046	2048	2
1372	2048	2050	2
1373	2050	2052	2
1374	2052	2054	2
1375	2054	2056	2
1376	2056	2058	2
1377	2058	2060	2
1378	2060	2062	2
1379	2062	2064	2
1380	2064	2066	2
1381	2066	2068	2
1382	2068	2070	2
1383	2070	2072	2
1384	2072	2074	2
1385	2074	2076	2
1386	2076	2078	2
1387	2078	2080	2
1388	2080	2082	2
1389	2082	2084	2
1390	2084	2086	2
1391	2086	2088	2
1392	2088	2090	2
1393	2090	2092	2
1394	2092	2094	2
1395	2094	2096	2
1396	2096	2098	2
1397	2098	2100	2
1398	2100	2102	2
1399	2102	2104	2
1400	2104	2106	2
1401	2106	2108	2
1402	2108	2110	2
1403	2110	2112	2
1404	2112	2114	2
1405	2114	2116	2
1406	2116	2118	2
1407	2118	2120	2
1408	2120	2122	2
1409	2122	2124	2
1410	2124	2126	2
1411	2126	2128	2
1412	2128	2130	2
1413	2130	2132	2
1414	2132	2134	2
1415	2134	2136	2
1416	2136	2138	2
1417	2138	2140	2
1418	2140	2142	2
1419	2142	2144	2
1420	2144	2146	2
1421	2146	2148	2
1422	2148	2150	2
1423	2150	2152	2
1424	2152	2154	2
1425	2154	2156	2
1426	2156	2158	2
1427	2158	2160	2
1428	2160	2162	2
1429	2162	2164	2
1430	2164	2166	2
1431	2166	2168	2
1432	2168	2170	2
1433	2170	2172	2
1434	2172	2174	2
1435	2174	2176	2
1436	2176	2178	2
1437	2178	2180	2
1438	2180	2182	2
1439	2182	2184	2
1440	2184	2186	2
1441	2186	2188	2
1442	2188	2190	2
1443	2190	2192	2
1444	2192	2194	2
1445	2194	2196	2
1446	2196	2198	2
1447	2198	2200	2
1448	2200	2202	2
1449	2202	2204	2
1450	2204	2206	2
1451	2206	2208	2
1452	2208	2210	2
1453	2210	2212	2
1454	2212	2214	2
1455	2214	2216	2
1456	2216	2218	2
1457	2218	2220	2
1458	2220	2222	2
1459	2222	2224	2
1460	2224	2226	2
1461	2226	2228	2
1462	2228	2230	2
1463	2230	2232	2
1464	2232	2234	2
1465	2234	2236	2
1466	2236	2238	2
1467	2238	2240	2
1468	2240	2242	2
1469	2242	2244	2
1470	2244	2246	2
1471	2246	2248	2
1472	2248	2250	2
1473	2250	2252	2
1474	2252	2254	2
1475	2254	2257	3
1476	2257	2260	3
1477	2260	2263	3
1478	2263	2266	3
1479	2266	2269	3
1480	2269	2272	3
1481	2272	2275	3
1482	2275	2278	3
1483	2278	2281	3
1484	2281	2284	3
1485	2284	2287	3
1486	2287	2290	3
1487	2290	2293	3
1488	2293	2296	3
1489	2296	2299	3
1490	2299	2302	3
1491	2302	2305	3
1492	2305	2308	3
1493	2308	2311	3
1494	2311	2314	3
1495	2314	2317	3
1496	2317	2320	3
1497	2320	2323	3
1498	2323	2326	3
1499	2326	2329	3
1500	2329	2332	3
1501	2332	2335	3
1502	2335	2338	3
1503	2338	2341	3
1504	2341	2344	3
1505	2344	2347	3
1506	2347	2350	3
1507	2350	2353	3
1508	2353	2356	3
1509	2356	2359	3
1510	2359	2362	3
1511	2362	2365	3
1512	2365	2368	3
1513	2368	2371	3
1514	2371	2374	3
1515	2374	2377	3
1516	2377	2380	3
1517	2380	2383	3
1518	2383	2386	3
1519	2386	2389	3
1520	2389	2392	3
1521	2392	2395	3
1522	2395	2398	3
1523	2398	2401	3
1524	2401	2404	3
1525	2404	2407	3
1526	2407	2410	3
1527	2410	2413	3
1528	2413	2416	3
1529	2416	2419	3
1530	2419	2422	3
1531	2422	2425	3
1532	2425	2428	3
1533	2428	2431	3
1534	2431	2434	3
1535	2434	2437	3
1536	2437	2440	3
1537	2440	2443	3
1538	2443	2446	3
1539	2446	2449	3
1540	2449	2452	3
1541	2452	2455	3
1542	2455	2458	3
1543	2458	2461	3
1544	2461	2464	3
1545	2464	2467	3
1546	2467	2470	3
1547	2470	2473	3
1548	2473	2476	3
1549	2476	2479	3
1550	2479	2482	3
1551	2482	2485	3
1552	2485	2488	3
1553	2488	2491	3
1554	2491	2494	3
1555	2494	2497	3
1556	2497	2500	3
1557	2500	2503	3
1558	2503	2506	3
1559	2506	2509	3
1560	2509	2512	3
1561	2512	2515	3
1562	2515	2518	3
1563	2518	2521	3
1564	2521	2524	3
1565	2524	2527	3
1566	2527	2530	3
1567	2530	2533	3
1568	2533	2536	3
1569	2536	2539	3
1570	2539	2542	3
1571	2542	2545	3
1572	2545	2548	3
1573	2548	2551	3
1574	2551	2554	3
1575	2554	2557	3
1576	2557	2560	3
1577	2560	2563	3
1578	2563	2566	3
1579	2566	2569	3
1580	2569	2572	3
1581	2572	2575	3
1582	2575	2578	3
1583	2578	2581	3
1584	2581	2584	3
1585	2584	2587	3
1586	2587	2590	3
1587	2590	2593	3
1588	2593	2596	3
1589	2596	2599	3
1590	2599	2602	3
1591	2602	2605	3
1592	2605	2608	3
1593	2608	2611	3
1594	2611	2614	3
1595	2614	2617	3
1596	2617	2620	3
1597	2620	2623	3
1598	2623	2626	3
1599	2626	2629	3
1600	2629	2632	3
1601	2632	2635	3
1602	2635	2638	3
1603	2638	2641	3
1604	2641	2644	3
1605	2644	2647	3
1606	2647	2650	3
1607	2650	2653	3
1608	2653	2656	3
1609	2656	2659	3
1610	2659	2662	3
1611	2662	2665	3
1612	2665	2668	3
1613	2668	2671	3
1614	2671	2674	3
1615	2674	2677	3
1616	2677	2680	3
1617	2680	2683	3
1618	2683	2686	3
1619	2686	2689	3
1620	2689	2692	3
1621	2692	2695	3
1622	2695	2698	3
1623	2698	2701	3
1624	2701	2704	3
1625	2704	2707	3
1626	2707	2710	3
1627	2710	2713	3
1628	2713	2716	3
1629	2716	2719	3
1630	2719	2722	3
1631	2722	2725	3
1632	2725	2728	3
1633	2728	2731	3
1634	2731	2734	3
1635	2734	2737	3
1636	2737	2740	3
1637	2740	2743	3
1638	2743	2746	3
1639	2746	2749	3
1640	2749	2752	3
1641	2752	2755	3
1642	2755	2758	3
1643	2758	2761	3
1644	2761	2764	3
1645	2764	2767	3
1646	2767	2770	3
1647	2770	2773	3
1648	2773	2776	3
1649	2776	2779	3
1650	2779	2782	3
1651	2782	2785	3
1652	2785	2788	3
1653	2788	2791	3
1654	2791	2794	3
1655	2794	2797	3
1656	2797	2801	4
1657	2801	2805	4
1658	2805	2809	4
1659	2809	2813	4
1660	2813	2817	4
1661	2817	2821	4
1662	2821	2825	4
1663	2825	2829	4
1664	2829	2833	4
1665	2833	2837	4
1666	2837	2841	4
1667	2841	2845	4
1668	2845	2849	4
1669	2849	2853	4
1670	2853	2857	4
1671	2857	2861	4
1672	2861	2865	4
1673	2865	2869	4
1674	2869	2873	4
1675	2873	2877	4
1676	2877	2881	4
1677	2881	2885	4
1678	2885	2889	4
1679	2889	2893	4
1680	2893	2897	4
1681	2897	2901	4
1682	2901	2905	4
1683	2905	2909	4
1684	2909	2913	4
1685	2913	2917	4
1686	2917	2921	4
1687	2921	2925	4
1688	2925	2929	4
1689	2929	2933	4
1690	2933	2937	4
1691	2937	2941	4
1692	2941	2945	4
1693	2945	2949	4
1694	2949	2953	4
1695	2953	2957	4
1696	2957	2961	4
1697	2961	2965	4
1698	2965	2969	4
1699	2969	2973	4
1700	2973	2977	4
1701	2977	2981	4
1702	2981	2985	4
1703	2985	2989	4
1704	2989	2993	4
1705	2993	2997	4
1706	2997	3001	4
1707	3001	3005	4
1708	3005	3009	4
1709	3009	3013	4
1710	3013	3017	4
1711	3017	3021	4
1712	3021	3025	4
1713	3025	3029	4
1714	3029	3033	4
1715	3033	3037	4
1716	3037	3041	4
1717	3041	3045	4
1718	3045	3049	4
1719	3049	3053	4
1720	3053	3057	4
1721	3057	3061	4
1722	3061	3065	4
1723	3065	3069	4
1724	3069	3073	4
1725	3073	3077	4
1726	3077	3081	4
1727	3081	3085	4
1728	3085	3089	4
1729	3089	3093	4
1730	3093	3097	4
1731	3097	3101	4
1732	3101	3105	4
1733	3105	3109	4
1734	3109	3113	4
1735	3113	3117	4
1736	3117	3121	4
1737	3121	3125	4
1738	3125	3129	4
1739	3129	3133	4
1740	3133	3137	4
1741	3137	3141	4
1742	3141	3145	4
1743	3145	3149	4
1744	3149	3153	4
1745	3153	3157	4
1746	3157	3161	4
1747	3161	3165	4
1748	3165	3169	4
1749	3169	3173	4
1750	3173	3177	4
1751	3177	3181	4
1752	3181	3185	4
1753	3185	3189	4
1754	3189	3193	4
1755	3193	3197	4
1756	3197	3201	4
1757	3201	3205	4
1758	3205	3209	4
1759	3209	3213	4
1760	3213	3218	5
1761	3218	3223	5
1762	3223	3228	5
1763	3228	3233	5
1764	3233	3238	5
1765	3238	3243	5
1766	3243	3248	5
1767	3248	3253	5
1768	3253	3258	5
1769	3258	3263	5
1770	3263	3268	5
1771	3268	3273	5
1772	3273	3278	5
1773	3278	3283	5
1774	3283	3288	5
1775	3288	3293	5
1776	3293	3298	5
1777	3298	3303	5
1778	3303	3308	5
1779	3308	3313	5
1780	3313	3318	5
1781	3318	3323	5
1782	3323	3328	5
1783	3328	3333	5
1784	3333	3338	5
1785	3338	3343	5
1786	3343	3348	5
1787	3348	3353	5
1788	3353	3358	5
1789	3358	3363	5
1790	3363	3368	5
1791	3368	3373	5
1792	3373	3378	5
1793	3378	3383	5
1794	3383	3388	5
1795	3388	3393	5
1796	3393	3398	5
1797	3398	3403	5
1798	3403	3408	5
1799	3408	3413	5
1800	3413	3418	5
1801	3418	3423	5
1802	3423	3428	5
1803	3428	3433	5
1804	3433	3438	5
1805	3438	3443	5
1806	3443	3448	5
1807	3448	3453	5
1808	3453	3458	5
1809	3458	3463	5
1810	3463	3468	5
1811	3468	3473	5
1812	3473	3478	5
1813	3478	3483	5
1814	3483	3488	5
1815	3488	3493	5
1816	3493	3498	5
1817	3498	3503	5
1818	3503	3508	5
1819	3508	3513	5
1820	3513	3518	5
1821	3518	3523	5
1822	3523	3528	5
1823	3528	3533	5
1824	3533	3538	5
1825	3538	3543	5
1826	3543	3548	5
1827	3548	3553	5
1828	3553	3558	5
1829	3558	3563	5
1830	3563	3568	5
1831	3568	3573	5
1832	3573	3578	5
1833	3578	3583	5
1834	3583	3588	5
1835	3588	3593	5
1836	3593	3598	5
1837	3598	3603	5
1838	3603	3608	5
1839	3608	3613	5
1840	3613	3618	5
1841	3618	3623	5
1842	3623	3628	5
1843	3628	3633	5
1844	3633	3638	5
1845	3638	3643	5
1846	3643	3649	6
1847	3649	3655	6
1848	3655	3661	6
1849	3661	3667	6
1850	3667	3673	6
1851	3673	3679	6
1852	3679	3685	6
1853	3685	3691	6
1854	3691	3697	6
1855	3697	3703	6
1856	3703	3709	6
1857	3709	3715	6
1858	3715	3721	6
1859	3721	3727	6
1860	3727	3733	6
1861	3733	3739	6
1862	3739	3745	6
1863	3745	3751	6
1864	3751	3757	6
1865	3757	3763	6
1866	3763	3769	6
1867	3769	3775	6
1868	3775	3781	6
1869	3781	3787	6
1870	3787	3793	6
1871	3793	3799	6
1872	3799	3805	6
1873	3805	3811	6
1874	3811	3817	6
1875	3817	3823	6
1876	3823	3829	6
1877	3829	3835	6
1878	3835	3841	6
1879	3841	3847	6
1880	3847	3853	6
1881	3853	3859	6
1882	3859	3865	6
1883	3865	3871	6
1884	3871	3877	6
1885	3877	3883	6
1886	3883	3889	6
1887	3889	3895	6
1888	3895	3901	6
1889	3901	3907	6
1890	3907	3913	6
1891	3913	3919	6
1892	3919	3925	6
1893	3925	3931	6
1894	3931	3937	6
1895	3937	3943	6
1896	3943	3949	6
1897	3949	3956	7
1898	3956	3963	7
1899	3963	3970	7
1900	3970	3977	7
1901	3977	3984	7
1902	3984	3991	7
1903	3991	3998	7
1904	3998	4005	7
1905	4005	4012	7
1906	4012	4019	7
1907	4019	4026	7
1908	4026	4033	7
1909	4033	4040	7
1910	4040	4047	7
1911	4047	4054	7
1912	4054	4061	7
1913	4061	4068	7
1914	4068	4075	7
1915	4075	4082	7
1916	4082	4089	7
1917	4089	4096	7
1918	4096	4103	7
1919	4103	4110	7
1920	4110	4117	7
1921	4117	4124	7
1922	4124	4131	7
1923	4131	4138	7
1924	4138	4145	7
1925	4145	4152	7
1926	4152	4159	7
1927	4159	4166	7
1928	4166	4173	7
1929	4173	4180	7
1930	4180	4187	7
1931	4187	4194	7
1932	4194	4201	7
1933	4201	4208	7
1934	4208	4215	7
1935	4215	4222	7
1936	4222	4229	7
1937	4229	4236	7
1938	4236	4243	7
1939	4243	4250	7
1940	4250	4257	7
1941	4257	4264	7
1942	4264	4271	7
1943	4271	4278	7
1944	4278	4285	7
1945	4285	4292	7
1946	4292	4299	7
1947	4299	4306	7
1948	4306	4313	7
1949	4313	4321	8
1950	4321	4329	8
1951	4329	4337	8
1952	4337	4345	8
1953	4345	4353	8
1954	4353	4361	8
1955	4361	4369	8
1956	4369	4377	8
1957	4377	4385	8
1958	4385	4393	8
1959	4393	4401	8
1960	4401	4409	8
1961	4409	4417	8
1962	4417	4425	8
1963	4425	4433	8
1964	4433	4441	8
1965	4441	4449	8
1966	4449	4457	8
1967	4457	4465	8
1968	4465	4473	8
1969	4473	4481	8
1970	4481	4489	8
1971	4489	4497	8
1972	4497	4505	8
1973	4505	4513	8
1974	4513	4521	8
1975	4521	4529	8
1976	4529	4537	8
1977	4537	4545	8
1978	4545	4553	8
1979	4553	4561	8
1980	4561	4569	8
1981	4569	4577	8
1982	4577	4585	8
1983	4585	4593	8
1984	4593	4601	8
1985	4601	4609	8
1986	4609	4617	8
1987	4617	4626	9
1988	4626	4635	9
1989	4635	4644	9
1990	4644	4653	9
1991	4653	4662	9
1992	4662	4671	9
1993	4671	4680	9
1994	4680	4689	9
1995	4689	4698	9
1996	4698	4707	9
1997	4707	4716	9
1998	4716	4725	9
1999	4725	4734	9
2000	4734	4743	9
2001	4743	4752	9
2002	4752	4761	9
2003	4761	4770	9
2004	4770	4779	9
2005	4779	4788	9
2006	4788	4797	9
2007	4797	4806	9
2008	4806	4815	9
2009	4815	4824	9
2010	4824	4833	9
2011	4833	4842	9
2012	4842	4851	9
2013	4851	4860	9
2014	4860	4870	10
2015	4870	4880	10
2016	4880	4890	10
2017	4890	4900	10
2018	4900	4910	10
2019	4910	4920	10
2020	4920	4930	10
2021	4930	4940	10
2022	4940	4950	10
2023	4950	4960	10
2024	4960	4970	10
2025	4970	4980	10
2026	4980	4990	10
2027	4990	5000	10
2028	5000	5010	10
2029	5010	5020	10
2030	5020	5030	10
2031	5030	5040	10
2032	5040	5050	10
2033	5050	5060	10
2034	5060	5070	10
2035	5070	5080	10
2036	5080	5090	10
2037	5090	5100	10
2038	5100	5111	11
2039	5111	5122	11
2040	5122	5133	11
2041	5133	5144	11
2042	5144	5155	11
2043	5155	5166	11
2044	5166	5177	11
2045	5177	5188	11
2046	5188	5199	11
2047	5199	5210	11
2048	5210	5221	11
2049	5221	5232	11
2050	5232	5243	11
2051	5243	5254	11
2052	5254	5265	11
2053	5265	5276	11
2054	5276	5287	11
2055	5287	5298	11
2056	5298	5309	11
2057	5309	5320	11
2058	5320	5331	11
2059	5331	5342	11
2060	5342	5353	11
2061	5353	5364	11
2062	5364	5375	11
2063	5375	5386	11
2064	5386	5397	11
2065	5397	5409	12
2066	5409	5421	12
2067	5421	5433	12
2068	5433	5445	12
2069	5445	5457	12
2070	5457	5469	12
2071	5469	5481	12
2072	5481	5493	12
2073	5493	5505	12
2074	5505	5517	12
2075	5517	5529	12
2076	5529	5541	12
2077	5541	5553	12
2078	5553	5565	12
2079	5565	5577	12
2080	5577	5589	12
2081	5589	5601	12
2082	5601	5613	12
2083	5613	5625	12
2084	5625	5637	12
2085	5637	5649	12
2086	5649	5662	13
2087	5662	5675	13
2088	5675	5688	13
2089	5688	5701	13
2090	5701	5714	13
2091	5714	5727	13
2092	5727	5740	13
2093	5740	5753	13
2094	5753	5766	13
2095	5766	5779	13
2096	5779	5792	13
2097	5792	5805	13
2098	5805	5818	13
2099	5818	5831	13
2100	5831	5844	13
2101	5844	5857	13
2102	5857	5871	14
2103	5871	5885	14
2104	5885	5899	14
2105	5899	5913	14
2106	5913	5927	14
2107	5927	5941	14
2108	5941	5955	14
2109	5955	5969	14
2110	5969	5983	14
2111	5983	5997	14
2112	5997	6011	14
2113	6011	6025	14
2114	6025	6039	14
2115	6039	6053	14
2116	6053	6068	15
2117	6068	6083	15
2118	6083	6098	15
2119	6098	6113	15
2120	6113	6128	15
2121	6128	6143	15
2122	6143	6158	15
2123	6158	6173	15
2124	6173	6188	15
2125	6188	6203	15
2126	6203	6218	15
2127	6218	6234	16
2128	6234	6250	16
2129	6250	6266	16
2130	6266	6282	16
2131	6282	6298	16
2132	6298	6314	16
2133	6314	6330	16
2134	6330	6346	16
2135	6346	6362	16
2136	6362	6378	16
2137	6378	6394	16
2138	6394	6410	16
2139	6410	6427	17
2140	6427	6444	17
2141	6444	6461	17
2142	6461	6478	17
2143	6478	6495	17
2144	6495	6512	17
2145	6512	6529	17
2146	6529	6546	17
2147	6546	6563	17
2148	6563	6580	17
2149	6580	6597	17
2150	6597	6614	17
2151	6614	6631	17
2152	6631	6648	17
2153	6648	6666	18
2154	6666	6684	18
2155	6684	6702	18
2156	6702	6720	18
2157	6720	6738	18
2158	6738	6756	18
2159	6756	6774	18
2160	6774	6792	18
2161	6792	6810	18
2162	6810	6828	18
2163	6828	6846	18
2164	6846	6864	18
2165	6864	6883	19
2166	6883	6902	19
2167	6902	6921	19
2168	6921	6940	19
2169	6940	6959	19
2170	6959	6978	19
2171	6978	6997	19
2172	6997	7016	19
2173	7016	7035	19
2174	7035	7054	19
2175	7054	7074	20
2176	7074	7094	20
2177	7094	7114	20
2178	7114	7134	20
2179	7134	7154	20
2180	7154	7174	20
2181	7174	7194	20
2182	7194	7214	20
2183	7214	7235	21
2184	7235	7256	21
2185	7256	7277	21
2186	7277	7298	21
2187	7298	7319	21
2188	7319	7340	21
2189	7340	7361	21
2190	7361	7382	21
2191	7382	7404	22
2192	7404	7426	22
2193	7426	7448	22
2194	7448	7470	22
2195	7470	7492	22
2196	7492	7514	22
2197	7514	7536	22
2198	7536	7559	23
2199	7559	7582	23
2200	7582	7605	23
2201	7605	7628	23
2202	7628	7651	23
2203	7651	7674	23
2204	7674	7698	24
2205	7698	7722	24
2206	7722	7746	24
2207	7746	7770	24
2208	7770	7794	24
2209	7794	7819	25
2210	7819	7844	25
2211	7844	7869	25
2212	7869	7894	25
2213	7894	7919	25
2214	7919	7945	26
2215	7945	7971	26
2216	7971	7997	26
2217	7997	8023	26
2218	8023	8049	26
2219	8049	8075	26
2220	8075	8101	26
2221	8101	8128	27
2222	8128	8155	27
2223	8155	8182	27
2224	8182	8209	27
2225	8209	8236	27
2226	8236	8263	27
2227	8263	8291	28
2228	8291	8319	28
2229	8319	8347	28
2230	8347	8375	28
2231	8375	8403	28
2232	8403	8431	28
2233	8431	8460	29
2234	8460	8489	29
2235	8489	8518	29
2236	8518	8547	29
2237	8547	8576	29
2238	8576	8605	29
2239	8605	8635	30
2240	8635	8665	30
2241	8665	8695	30
2242	8695	8725	30
2243	8725	8755	30
2244	8755	8786	31
2245	8786	8817	31
2246	8817	8848	31
2247	8848	8879	31
2248	8879	8911	32
2249	8911	8943	32
2250	8943	8975	32
2251	8975	9007	32
2252	9007	9039	32
2253	9039	9072	33
2254	9072	9105	33
2255	9105	9138	33
2256	9138	9171	33
2257	9171	9205	34
2258	9205	9239	34
2259	9239	9273	34
2260	9273	9308	35
2261	9308	9343	35
2262	9343	9378	35
2263	9378	9414	36
2264	9414	9450	36
2265	9450	9486	36
2266	9486	9523	37
2267	9523	9560	37
2268	9560	9597	37
2269	9597	9635	38
2270	9635	9673	38
2271	9673	9711	38
2272	9711	9750	39
2273	9750	9789	39
2274	9789	9829	40
2275	9829	9869	40
2276	9869	9909	40
2277	9909	9950	41
2278	9950	9991	41
2279	9991	10033	42
2280	10033	10075	42
2281	10075	10117	42
2282	10117	10160	43
2283	10160	10203	43
