#
#N Pointing	tstart	tend	Obs time
#		s
1	210	211	1
2	211	212	1
3	212	213	1
4	213	214	1
5	214	215	1
6	215	216	1
7	216	217	1
8	217	218	1
9	218	219	1
10	219	220	1
11	220	221	1
12	221	222	1
13	222	223	1
14	223	224	1
15	224	225	1
16	225	226	1
17	226	227	1
18	227	228	1
19	228	229	1
20	229	230	1
21	230	231	1
22	231	232	1
23	232	233	1
24	233	234	1
25	234	235	1
26	235	236	1
27	236	237	1
28	237	238	1
29	238	239	1
30	239	240	1
31	240	241	1
32	241	242	1
33	242	243	1
34	243	244	1
35	244	245	1
36	245	246	1
37	246	247	1
38	247	248	1
39	248	249	1
40	249	250	1
41	250	251	1
42	251	252	1
43	252	253	1
44	253	254	1
45	254	255	1
46	255	256	1
47	256	257	1
48	257	258	1
49	258	259	1
50	259	260	1
51	260	261	1
52	261	262	1
53	262	263	1
54	263	264	1
55	264	265	1
56	265	266	1
57	266	267	1
58	267	268	1
59	268	269	1
60	269	270	1
61	270	271	1
62	271	272	1
63	272	273	1
64	273	274	1
65	274	276	2
66	276	278	2
67	278	280	2
68	280	282	2
69	282	284	2
70	284	286	2
71	286	288	2
72	288	290	2
73	290	292	2
74	292	294	2
75	294	296	2
76	296	298	2
77	298	300	2
78	300	302	2
79	302	304	2
80	304	306	2
81	306	308	2
82	308	310	2
83	310	312	2
84	312	314	2
85	314	316	2
86	316	318	2
87	318	320	2
88	320	322	2
89	322	324	2
90	324	326	2
91	326	328	2
92	328	330	2
93	330	332	2
94	332	334	2
95	334	336	2
96	336	338	2
97	338	340	2
98	340	342	2
99	342	344	2
100	344	346	2
101	346	348	2
102	348	350	2
103	350	352	2
104	352	354	2
105	354	356	2
106	356	358	2
107	358	360	2
108	360	362	2
109	362	364	2
110	364	366	2
111	366	368	2
112	368	370	2
113	370	372	2
114	372	374	2
115	374	376	2
116	376	378	2
117	378	380	2
118	380	382	2
119	382	384	2
120	384	386	2
121	386	388	2
122	388	390	2
123	390	392	2
124	392	394	2
125	394	396	2
126	396	398	2
127	398	400	2
128	400	402	2
129	402	404	2
130	404	406	2
131	406	408	2
132	408	410	2
133	410	412	2
134	412	414	2
135	414	416	2
136	416	418	2
137	418	420	2
138	420	422	2
139	422	424	2
140	424	426	2
141	426	428	2
142	428	430	2
143	430	432	2
144	432	434	2
145	434	436	2
146	436	438	2
147	438	440	2
148	440	442	2
149	442	444	2
150	444	446	2
151	446	448	2
152	448	450	2
153	450	452	2
154	452	454	2
155	454	456	2
156	456	458	2
157	458	460	2
158	460	462	2
159	462	464	2
160	464	466	2
161	466	468	2
162	468	470	2
163	470	472	2
164	472	474	2
165	474	476	2
166	476	478	2
167	478	480	2
168	480	482	2
169	482	484	2
170	484	486	2
171	486	488	2
172	488	490	2
173	490	492	2
174	492	494	2
175	494	496	2
176	496	498	2
177	498	500	2
178	500	502	2
179	502	504	2
180	504	506	2
181	506	508	2
182	508	510	2
183	510	512	2
184	512	515	3
185	515	518	3
186	518	521	3
187	521	524	3
188	524	527	3
189	527	530	3
190	530	533	3
191	533	536	3
192	536	539	3
193	539	542	3
194	542	545	3
195	545	548	3
196	548	551	3
197	551	554	3
198	554	557	3
199	557	560	3
200	560	563	3
201	563	566	3
202	566	569	3
203	569	572	3
204	572	575	3
205	575	578	3
206	578	581	3
207	581	584	3
208	584	587	3
209	587	590	3
210	590	593	3
211	593	596	3
212	596	599	3
213	599	602	3
214	602	605	3
215	605	608	3
216	608	611	3
217	611	614	3
218	614	617	3
219	617	620	3
220	620	623	3
221	623	626	3
222	626	629	3
223	629	632	3
224	632	635	3
225	635	638	3
226	638	641	3
227	641	644	3
228	644	647	3
229	647	650	3
230	650	653	3
231	653	656	3
232	656	659	3
233	659	662	3
234	662	665	3
235	665	668	3
236	668	671	3
237	671	674	3
238	674	677	3
239	677	680	3
240	680	683	3
241	683	687	4
242	687	691	4
243	691	695	4
244	695	699	4
245	699	703	4
246	703	707	4
247	707	711	4
248	711	715	4
249	715	719	4
250	719	723	4
251	723	727	4
252	727	731	4
253	731	735	4
254	735	739	4
255	739	743	4
256	743	747	4
257	747	751	4
258	751	755	4
259	755	759	4
260	759	763	4
261	763	767	4
262	767	771	4
263	771	775	4
264	775	779	4
265	779	783	4
266	783	787	4
267	787	792	5
268	792	797	5
269	797	802	5
270	802	807	5
271	807	812	5
272	812	817	5
273	817	822	5
274	822	827	5
275	827	832	5
276	832	837	5
277	837	842	5
278	842	847	5
279	847	852	5
280	852	857	5
281	857	862	5
282	862	867	5
283	867	872	5
284	872	877	5
285	877	882	5
286	882	887	5
287	887	892	5
288	892	897	5
289	897	902	5
290	902	907	5
291	907	912	5
292	912	917	5
293	917	923	6
294	923	929	6
295	929	935	6
296	935	941	6
297	941	947	6
298	947	953	6
299	953	959	6
300	959	965	6
301	965	971	6
302	971	977	6
303	977	983	6
304	983	989	6
305	989	995	6
306	995	1001	6
307	1001	1007	6
308	1007	1013	6
309	1013	1019	6
310	1019	1025	6
311	1025	1032	7
312	1032	1039	7
313	1039	1046	7
314	1046	1053	7
315	1053	1060	7
316	1060	1067	7
317	1067	1074	7
318	1074	1081	7
319	1081	1088	7
320	1088	1095	7
321	1095	1102	7
322	1102	1109	7
323	1109	1116	7
324	1116	1123	7
325	1123	1130	7
326	1130	1137	7
327	1137	1145	8
328	1145	1153	8
329	1153	1161	8
330	1161	1169	8
331	1169	1177	8
332	1177	1185	8
333	1185	1193	8
334	1193	1201	8
335	1201	1209	8
336	1209	1217	8
337	1217	1225	8
338	1225	1234	9
339	1234	1243	9
340	1243	1252	9
341	1252	1261	9
342	1261	1270	9
343	1270	1279	9
344	1279	1288	9
345	1288	1297	9
346	1297	1306	9
347	1306	1315	9
348	1315	1324	9
349	1324	1334	10
350	1334	1344	10
351	1344	1354	10
352	1354	1364	10
353	1364	1374	10
354	1374	1384	10
355	1384	1394	10
356	1394	1404	10
357	1404	1414	10
358	1414	1425	11
359	1425	1436	11
360	1436	1447	11
361	1447	1458	11
362	1458	1469	11
363	1469	1480	11
364	1480	1491	11
365	1491	1503	12
366	1503	1515	12
367	1515	1527	12
368	1527	1539	12
369	1539	1551	12
370	1551	1563	12
371	1563	1576	13
372	1576	1589	13
373	1589	1602	13
374	1602	1615	13
375	1615	1628	13
376	1628	1641	13
377	1641	1655	14
378	1655	1669	14
379	1669	1683	14
380	1683	1697	14
381	1697	1711	14
382	1711	1725	14
383	1725	1740	15
384	1740	1755	15
385	1755	1770	15
386	1770	1785	15
387	1785	1800	15
388	1800	1816	16
389	1816	1832	16
390	1832	1848	16
391	1848	1864	16
392	1864	1881	17
393	1881	1898	17
394	1898	1915	17
395	1915	1933	18
396	1933	1951	18
397	1951	1969	18
398	1969	1988	19
399	1988	2007	19
400	2007	2026	19
401	2026	2046	20
402	2046	2066	20
403	2066	2086	20
404	2086	2106	20
405	2106	2127	21
406	2127	2148	21
407	2148	2169	21
408	2169	2191	22
409	2191	2213	22
410	2213	2235	22
411	2235	2258	23
412	2258	2281	23
413	2281	2305	24
414	2305	2329	24
415	2329	2354	25
416	2354	2379	25
417	2379	2405	26
418	2405	2431	26
419	2431	2458	27
420	2458	2485	27
421	2485	2513	28
422	2513	2542	29
423	2542	2571	29
424	2571	2601	30
425	2601	2631	30
426	2631	2662	31
427	2662	2693	31
428	2693	2725	32
429	2725	2758	33
430	2758	2791	33
431	2791	2825	34
432	2825	2860	35
433	2860	2896	36
434	2896	2932	36
435	2932	2969	37
436	2969	3007	38
437	3007	3046	39
438	3046	3086	40
439	3086	3128	42
440	3128	3171	43
441	3171	3215	44
442	3215	3260	45
443	3260	3306	46
444	3306	3353	47
445	3353	3401	48
446	3401	3450	49
447	3450	3500	50
448	3500	3552	52
449	3552	3605	53
450	3605	3660	55
451	3660	3716	56
452	3716	3774	58
453	3774	3834	60
454	3834	3896	62
455	3896	3961	65
456	3961	4028	67
457	4028	4097	69
458	4097	4168	71
459	4168	4241	73
460	4241	4316	75
461	4316	4393	77
462	4393	4473	80
463	4473	4556	83
464	4556	4642	86
465	4642	4731	89
466	4731	4824	93
467	4824	4921	97
468	4921	5023	102
469	5023	5129	106
470	5129	5239	110
471	5239	5353	114
472	5353	5471	118
473	5471	5594	123
474	5594	5722	128
475	5722	5856	134
476	5856	5997	141
477	5997	6146	149
478	6146	6304	158
479	6304	6471	167
480	6471	6645	174
481	6645	6827	182
482	6827	7018	191
483	7018	7220	202
484	7220	7434	214
485	7434	7662	228
486	7662	7908	246
487	7908	8171	263
488	8171	8449	278
489	8449	8744	295
490	8744	9060	316
491	9060	9400	340
492	9400	9770	370
493	9770	10177	407
