#
#N Pointing	tstart	tend	Obs time
#		s
1	210	211	1
2	211	212	1
3	212	213	1
4	213	214	1
5	214	215	1
6	215	216	1
7	216	217	1
8	217	218	1
9	218	219	1
10	219	220	1
11	220	221	1
12	221	222	1
13	222	223	1
14	223	224	1
15	224	225	1
16	225	226	1
17	226	227	1
18	227	228	1
19	228	229	1
20	229	230	1
21	230	231	1
22	231	232	1
23	232	233	1
24	233	234	1
25	234	235	1
26	235	236	1
27	236	237	1
28	237	238	1
29	238	239	1
30	239	240	1
31	240	241	1
32	241	242	1
33	242	243	1
34	243	244	1
35	244	245	1
36	245	246	1
37	246	247	1
38	247	248	1
39	248	249	1
40	249	250	1
41	250	251	1
42	251	252	1
43	252	253	1
44	253	254	1
45	254	255	1
46	255	256	1
47	256	257	1
48	257	258	1
49	258	259	1
50	259	260	1
51	260	261	1
52	261	262	1
53	262	263	1
54	263	264	1
55	264	265	1
56	265	266	1
57	266	267	1
58	267	268	1
59	268	269	1
60	269	270	1
61	270	271	1
62	271	272	1
63	272	273	1
64	273	274	1
65	274	275	1
66	275	276	1
67	276	277	1
68	277	278	1
69	278	279	1
70	279	280	1
71	280	281	1
72	281	282	1
73	282	283	1
74	283	284	1
75	284	285	1
76	285	286	1
77	286	287	1
78	287	288	1
79	288	289	1
80	289	290	1
81	290	291	1
82	291	292	1
83	292	293	1
84	293	294	1
85	294	295	1
86	295	296	1
87	296	297	1
88	297	298	1
89	298	299	1
90	299	300	1
91	300	301	1
92	301	302	1
93	302	303	1
94	303	304	1
95	304	305	1
96	305	306	1
97	306	307	1
98	307	308	1
99	308	309	1
100	309	310	1
101	310	311	1
102	311	312	1
103	312	313	1
104	313	314	1
105	314	315	1
106	315	316	1
107	316	317	1
108	317	318	1
109	318	319	1
110	319	320	1
111	320	321	1
112	321	322	1
113	322	323	1
114	323	324	1
115	324	325	1
116	325	326	1
117	326	327	1
118	327	328	1
119	328	329	1
120	329	330	1
121	330	331	1
122	331	332	1
123	332	333	1
124	333	334	1
125	334	335	1
126	335	336	1
127	336	337	1
128	337	338	1
129	338	339	1
130	339	340	1
131	340	341	1
132	341	342	1
133	342	343	1
134	343	344	1
135	344	345	1
136	345	346	1
137	346	347	1
138	347	348	1
139	348	349	1
140	349	350	1
141	350	351	1
142	351	352	1
143	352	353	1
144	353	354	1
145	354	355	1
146	355	356	1
147	356	357	1
148	357	358	1
149	358	359	1
150	359	360	1
151	360	361	1
152	361	362	1
153	362	363	1
154	363	364	1
155	364	365	1
156	365	366	1
157	366	367	1
158	367	368	1
159	368	369	1
160	369	370	1
161	370	371	1
162	371	372	1
163	372	373	1
164	373	374	1
165	374	375	1
166	375	376	1
167	376	377	1
168	377	378	1
169	378	379	1
170	379	380	1
171	380	381	1
172	381	382	1
173	382	383	1
174	383	384	1
175	384	385	1
176	385	386	1
177	386	387	1
178	387	388	1
179	388	389	1
180	389	390	1
181	390	391	1
182	391	392	1
183	392	393	1
184	393	394	1
185	394	395	1
186	395	396	1
187	396	397	1
188	397	398	1
189	398	399	1
190	399	400	1
191	400	401	1
192	401	402	1
193	402	403	1
194	403	404	1
195	404	405	1
196	405	406	1
197	406	407	1
198	407	408	1
199	408	409	1
200	409	410	1
201	410	411	1
202	411	412	1
203	412	413	1
204	413	414	1
205	414	415	1
206	415	416	1
207	416	417	1
208	417	418	1
209	418	419	1
210	419	420	1
211	420	421	1
212	421	422	1
213	422	423	1
214	423	424	1
215	424	425	1
216	425	426	1
217	426	427	1
218	427	428	1
219	428	429	1
220	429	430	1
221	430	431	1
222	431	432	1
223	432	433	1
224	433	434	1
225	434	435	1
226	435	436	1
227	436	437	1
228	437	438	1
229	438	439	1
230	439	440	1
231	440	441	1
232	441	442	1
233	442	443	1
234	443	444	1
235	444	445	1
236	445	446	1
237	446	447	1
238	447	448	1
239	448	449	1
240	449	450	1
241	450	451	1
242	451	452	1
243	452	453	1
244	453	454	1
245	454	455	1
246	455	456	1
247	456	457	1
248	457	458	1
249	458	459	1
250	459	460	1
251	460	461	1
252	461	462	1
253	462	463	1
254	463	464	1
255	464	465	1
256	465	466	1
257	466	467	1
258	467	468	1
259	468	469	1
260	469	470	1
261	470	471	1
262	471	472	1
263	472	473	1
264	473	474	1
265	474	475	1
266	475	476	1
267	476	477	1
268	477	478	1
269	478	479	1
270	479	480	1
271	480	481	1
272	481	482	1
273	482	483	1
274	483	484	1
275	484	485	1
276	485	486	1
277	486	487	1
278	487	488	1
279	488	489	1
280	489	490	1
281	490	491	1
282	491	492	1
283	492	493	1
284	493	494	1
285	494	495	1
286	495	496	1
287	496	497	1
288	497	498	1
289	498	499	1
290	499	500	1
291	500	501	1
292	501	502	1
293	502	503	1
294	503	504	1
295	504	505	1
296	505	506	1
297	506	507	1
298	507	508	1
299	508	509	1
300	509	510	1
301	510	511	1
302	511	512	1
303	512	513	1
304	513	514	1
305	514	515	1
306	515	516	1
307	516	517	1
308	517	518	1
309	518	519	1
310	519	520	1
311	520	521	1
312	521	522	1
313	522	523	1
314	523	524	1
315	524	525	1
316	525	526	1
317	526	527	1
318	527	528	1
319	528	529	1
320	529	530	1
321	530	531	1
322	531	532	1
323	532	533	1
324	533	534	1
325	534	535	1
326	535	536	1
327	536	537	1
328	537	538	1
329	538	539	1
330	539	540	1
331	540	541	1
332	541	542	1
333	542	543	1
334	543	544	1
335	544	545	1
336	545	546	1
337	546	547	1
338	547	548	1
339	548	549	1
340	549	550	1
341	550	551	1
342	551	552	1
343	552	553	1
344	553	554	1
345	554	555	1
346	555	556	1
347	556	557	1
348	557	558	1
349	558	559	1
350	559	560	1
351	560	561	1
352	561	562	1
353	562	563	1
354	563	564	1
355	564	565	1
356	565	566	1
357	566	567	1
358	567	568	1
359	568	569	1
360	569	570	1
361	570	571	1
362	571	572	1
363	572	573	1
364	573	574	1
365	574	575	1
366	575	576	1
367	576	577	1
368	577	578	1
369	578	579	1
370	579	580	1
371	580	581	1
372	581	582	1
373	582	583	1
374	583	584	1
375	584	585	1
376	585	586	1
377	586	587	1
378	587	588	1
379	588	589	1
380	589	590	1
381	590	591	1
382	591	592	1
383	592	593	1
384	593	594	1
385	594	595	1
386	595	596	1
387	596	597	1
388	597	598	1
389	598	599	1
390	599	600	1
391	600	601	1
392	601	602	1
393	602	603	1
394	603	604	1
395	604	605	1
396	605	606	1
397	606	607	1
398	607	608	1
399	608	609	1
400	609	610	1
401	610	611	1
402	611	612	1
403	612	613	1
404	613	614	1
405	614	615	1
406	615	616	1
407	616	617	1
408	617	618	1
409	618	619	1
410	619	620	1
411	620	621	1
412	621	622	1
413	622	623	1
414	623	624	1
415	624	625	1
416	625	626	1
417	626	627	1
418	627	628	1
419	628	629	1
420	629	630	1
421	630	631	1
422	631	632	1
423	632	633	1
424	633	634	1
425	634	635	1
426	635	636	1
427	636	637	1
428	637	638	1
429	638	639	1
430	639	640	1
431	640	641	1
432	641	642	1
433	642	643	1
434	643	644	1
435	644	645	1
436	645	646	1
437	646	647	1
438	647	648	1
439	648	649	1
440	649	650	1
441	650	651	1
442	651	652	1
443	652	653	1
444	653	654	1
445	654	655	1
446	655	656	1
447	656	657	1
448	657	658	1
449	658	659	1
450	659	660	1
451	660	661	1
452	661	662	1
453	662	663	1
454	663	664	1
455	664	665	1
456	665	666	1
457	666	667	1
458	667	668	1
459	668	669	1
460	669	670	1
461	670	671	1
462	671	672	1
463	672	673	1
464	673	674	1
465	674	675	1
466	675	676	1
467	676	677	1
468	677	678	1
469	678	679	1
470	679	680	1
471	680	681	1
472	681	682	1
473	682	683	1
474	683	684	1
475	684	685	1
476	685	686	1
477	686	687	1
478	687	688	1
479	688	689	1
480	689	690	1
481	690	691	1
482	691	692	1
483	692	693	1
484	693	694	1
485	694	695	1
486	695	696	1
487	696	697	1
488	697	698	1
489	698	699	1
490	699	700	1
491	700	701	1
492	701	702	1
493	702	703	1
494	703	704	1
495	704	705	1
496	705	706	1
497	706	707	1
498	707	708	1
499	708	709	1
500	709	710	1
501	710	711	1
502	711	712	1
503	712	713	1
504	713	714	1
505	714	715	1
506	715	716	1
507	716	717	1
508	717	718	1
509	718	719	1
510	719	720	1
511	720	721	1
512	721	722	1
513	722	723	1
514	723	724	1
515	724	725	1
516	725	726	1
517	726	727	1
518	727	728	1
519	728	729	1
520	729	730	1
521	730	731	1
522	731	732	1
523	732	733	1
524	733	734	1
525	734	735	1
526	735	736	1
527	736	737	1
528	737	738	1
529	738	739	1
530	739	740	1
531	740	741	1
532	741	742	1
533	742	743	1
534	743	744	1
535	744	745	1
536	745	746	1
537	746	747	1
538	747	748	1
539	748	749	1
540	749	750	1
541	750	751	1
542	751	752	1
543	752	753	1
544	753	754	1
545	754	755	1
546	755	756	1
547	756	757	1
548	757	758	1
549	758	759	1
550	759	760	1
551	760	761	1
552	761	762	1
553	762	763	1
554	763	764	1
555	764	765	1
556	765	766	1
557	766	767	1
558	767	768	1
559	768	769	1
560	769	770	1
561	770	771	1
562	771	772	1
563	772	773	1
564	773	774	1
565	774	775	1
566	775	776	1
567	776	777	1
568	777	778	1
569	778	779	1
570	779	780	1
571	780	781	1
572	781	782	1
573	782	783	1
574	783	784	1
575	784	785	1
576	785	786	1
577	786	787	1
578	787	788	1
579	788	789	1
580	789	790	1
581	790	791	1
582	791	792	1
583	792	793	1
584	793	794	1
585	794	795	1
586	795	796	1
587	796	797	1
588	797	798	1
589	798	799	1
590	799	800	1
591	800	801	1
592	801	802	1
593	802	803	1
594	803	804	1
595	804	805	1
596	805	806	1
597	806	807	1
598	807	808	1
599	808	809	1
600	809	810	1
601	810	811	1
602	811	812	1
603	812	813	1
604	813	814	1
605	814	815	1
606	815	816	1
607	816	817	1
608	817	818	1
609	818	819	1
610	819	820	1
611	820	821	1
612	821	822	1
613	822	823	1
614	823	824	1
615	824	825	1
616	825	826	1
617	826	827	1
618	827	828	1
619	828	829	1
620	829	830	1
621	830	831	1
622	831	832	1
623	832	833	1
624	833	834	1
625	834	835	1
626	835	836	1
627	836	837	1
628	837	838	1
629	838	839	1
630	839	840	1
631	840	841	1
632	841	842	1
633	842	843	1
634	843	844	1
635	844	845	1
636	845	846	1
637	846	847	1
638	847	848	1
639	848	849	1
640	849	850	1
641	850	851	1
642	851	852	1
643	852	853	1
644	853	854	1
645	854	855	1
646	855	856	1
647	856	857	1
648	857	858	1
649	858	859	1
650	859	860	1
651	860	861	1
652	861	862	1
653	862	863	1
654	863	864	1
655	864	865	1
656	865	866	1
657	866	867	1
658	867	868	1
659	868	869	1
660	869	870	1
661	870	871	1
662	871	872	1
663	872	873	1
664	873	874	1
665	874	875	1
666	875	876	1
667	876	877	1
668	877	878	1
669	878	879	1
670	879	880	1
671	880	881	1
672	881	882	1
673	882	883	1
674	883	884	1
675	884	885	1
676	885	886	1
677	886	887	1
678	887	888	1
679	888	889	1
680	889	890	1
681	890	891	1
682	891	892	1
683	892	893	1
684	893	894	1
685	894	895	1
686	895	896	1
687	896	897	1
688	897	898	1
689	898	899	1
690	899	900	1
691	900	901	1
692	901	902	1
693	902	903	1
694	903	904	1
695	904	905	1
696	905	906	1
697	906	907	1
698	907	908	1
699	908	909	1
700	909	910	1
701	910	911	1
702	911	912	1
703	912	913	1
704	913	914	1
705	914	915	1
706	915	916	1
707	916	917	1
708	917	918	1
709	918	919	1
710	919	920	1
711	920	921	1
712	921	922	1
713	922	923	1
714	923	924	1
715	924	925	1
716	925	926	1
717	926	927	1
718	927	928	1
719	928	929	1
720	929	930	1
721	930	931	1
722	931	932	1
723	932	933	1
724	933	934	1
725	934	935	1
726	935	936	1
727	936	937	1
728	937	938	1
729	938	939	1
730	939	940	1
731	940	941	1
732	941	942	1
733	942	943	1
734	943	944	1
735	944	945	1
736	945	946	1
737	946	947	1
738	947	948	1
739	948	949	1
740	949	950	1
741	950	951	1
742	951	952	1
743	952	953	1
744	953	954	1
745	954	955	1
746	955	956	1
747	956	957	1
748	957	958	1
749	958	959	1
750	959	960	1
751	960	961	1
752	961	962	1
753	962	963	1
754	963	964	1
755	964	965	1
756	965	966	1
757	966	967	1
758	967	968	1
759	968	969	1
760	969	970	1
761	970	971	1
762	971	972	1
763	972	973	1
764	973	974	1
765	974	975	1
766	975	976	1
767	976	977	1
768	977	978	1
769	978	979	1
770	979	980	1
771	980	981	1
772	981	982	1
773	982	983	1
774	983	984	1
775	984	985	1
776	985	986	1
777	986	987	1
778	987	988	1
779	988	989	1
780	989	990	1
781	990	991	1
782	991	992	1
783	992	993	1
784	993	994	1
785	994	995	1
786	995	996	1
787	996	997	1
788	997	998	1
789	998	999	1
790	999	1000	1
791	1000	1001	1
792	1001	1002	1
793	1002	1003	1
794	1003	1004	1
795	1004	1005	1
796	1005	1006	1
797	1006	1007	1
798	1007	1008	1
799	1008	1009	1
800	1009	1010	1
801	1010	1011	1
802	1011	1012	1
803	1012	1013	1
804	1013	1014	1
805	1014	1015	1
806	1015	1016	1
807	1016	1017	1
808	1017	1018	1
809	1018	1019	1
810	1019	1020	1
811	1020	1021	1
812	1021	1022	1
813	1022	1023	1
814	1023	1024	1
815	1024	1025	1
816	1025	1026	1
817	1026	1027	1
818	1027	1028	1
819	1028	1029	1
820	1029	1030	1
821	1030	1031	1
822	1031	1032	1
823	1032	1033	1
824	1033	1034	1
825	1034	1035	1
826	1035	1036	1
827	1036	1037	1
828	1037	1038	1
829	1038	1039	1
830	1039	1040	1
831	1040	1041	1
832	1041	1042	1
833	1042	1043	1
834	1043	1044	1
835	1044	1045	1
836	1045	1046	1
837	1046	1047	1
838	1047	1048	1
839	1048	1049	1
840	1049	1050	1
841	1050	1051	1
842	1051	1052	1
843	1052	1053	1
844	1053	1054	1
845	1054	1055	1
846	1055	1056	1
847	1056	1057	1
848	1057	1058	1
849	1058	1059	1
850	1059	1060	1
851	1060	1061	1
852	1061	1062	1
853	1062	1063	1
854	1063	1064	1
855	1064	1065	1
856	1065	1066	1
857	1066	1067	1
858	1067	1068	1
859	1068	1069	1
860	1069	1070	1
861	1070	1071	1
862	1071	1072	1
863	1072	1073	1
864	1073	1074	1
865	1074	1075	1
866	1075	1076	1
867	1076	1077	1
868	1077	1078	1
869	1078	1079	1
870	1079	1080	1
871	1080	1081	1
872	1081	1082	1
873	1082	1083	1
874	1083	1084	1
875	1084	1085	1
876	1085	1086	1
877	1086	1087	1
878	1087	1088	1
879	1088	1089	1
880	1089	1090	1
881	1090	1091	1
882	1091	1092	1
883	1092	1093	1
884	1093	1094	1
885	1094	1095	1
886	1095	1096	1
887	1096	1097	1
888	1097	1098	1
889	1098	1099	1
890	1099	1100	1
891	1100	1101	1
892	1101	1102	1
893	1102	1103	1
894	1103	1104	1
895	1104	1105	1
896	1105	1106	1
897	1106	1107	1
898	1107	1108	1
899	1108	1109	1
900	1109	1110	1
901	1110	1111	1
902	1111	1112	1
903	1112	1113	1
904	1113	1114	1
905	1114	1115	1
906	1115	1116	1
907	1116	1117	1
908	1117	1118	1
909	1118	1119	1
910	1119	1120	1
911	1120	1121	1
912	1121	1122	1
913	1122	1123	1
914	1123	1124	1
915	1124	1125	1
916	1125	1126	1
917	1126	1127	1
918	1127	1128	1
919	1128	1129	1
920	1129	1130	1
921	1130	1131	1
922	1131	1132	1
923	1132	1133	1
924	1133	1134	1
925	1134	1135	1
926	1135	1136	1
927	1136	1137	1
928	1137	1138	1
929	1138	1139	1
930	1139	1140	1
931	1140	1141	1
932	1141	1142	1
933	1142	1143	1
934	1143	1144	1
935	1144	1145	1
936	1145	1146	1
937	1146	1147	1
938	1147	1148	1
939	1148	1149	1
940	1149	1150	1
941	1150	1151	1
942	1151	1152	1
943	1152	1153	1
944	1153	1154	1
945	1154	1155	1
946	1155	1156	1
947	1156	1157	1
948	1157	1158	1
949	1158	1159	1
950	1159	1160	1
951	1160	1161	1
952	1161	1162	1
953	1162	1163	1
954	1163	1164	1
955	1164	1165	1
956	1165	1166	1
957	1166	1167	1
958	1167	1168	1
959	1168	1169	1
960	1169	1170	1
961	1170	1171	1
962	1171	1172	1
963	1172	1173	1
964	1173	1174	1
965	1174	1175	1
966	1175	1176	1
967	1176	1177	1
968	1177	1178	1
969	1178	1179	1
970	1179	1180	1
971	1180	1181	1
972	1181	1182	1
973	1182	1183	1
974	1183	1184	1
975	1184	1185	1
976	1185	1186	1
977	1186	1187	1
978	1187	1188	1
979	1188	1189	1
980	1189	1190	1
981	1190	1191	1
982	1191	1192	1
983	1192	1193	1
984	1193	1194	1
985	1194	1195	1
986	1195	1196	1
987	1196	1197	1
988	1197	1198	1
989	1198	1199	1
990	1199	1200	1
991	1200	1201	1
992	1201	1202	1
993	1202	1203	1
994	1203	1204	1
995	1204	1205	1
996	1205	1206	1
997	1206	1207	1
998	1207	1208	1
999	1208	1209	1
1000	1209	1210	1
1001	1210	1211	1
1002	1211	1212	1
1003	1212	1213	1
1004	1213	1214	1
1005	1214	1215	1
1006	1215	1216	1
1007	1216	1217	1
1008	1217	1218	1
1009	1218	1219	1
1010	1219	1220	1
1011	1220	1221	1
1012	1221	1222	1
1013	1222	1223	1
1014	1223	1224	1
1015	1224	1225	1
1016	1225	1226	1
1017	1226	1227	1
1018	1227	1228	1
1019	1228	1229	1
1020	1229	1230	1
1021	1230	1231	1
1022	1231	1232	1
1023	1232	1233	1
1024	1233	1234	1
1025	1234	1235	1
1026	1235	1236	1
1027	1236	1237	1
1028	1237	1238	1
1029	1238	1239	1
1030	1239	1240	1
1031	1240	1241	1
1032	1241	1242	1
1033	1242	1243	1
1034	1243	1244	1
1035	1244	1245	1
1036	1245	1246	1
1037	1246	1247	1
1038	1247	1248	1
1039	1248	1249	1
1040	1249	1250	1
1041	1250	1251	1
1042	1251	1252	1
1043	1252	1253	1
1044	1253	1254	1
1045	1254	1255	1
1046	1255	1256	1
1047	1256	1257	1
1048	1257	1258	1
1049	1258	1259	1
1050	1259	1260	1
1051	1260	1261	1
1052	1261	1262	1
1053	1262	1263	1
1054	1263	1264	1
1055	1264	1265	1
1056	1265	1266	1
1057	1266	1267	1
1058	1267	1268	1
1059	1268	1269	1
1060	1269	1270	1
1061	1270	1271	1
1062	1271	1272	1
1063	1272	1273	1
1064	1273	1274	1
1065	1274	1275	1
1066	1275	1276	1
1067	1276	1277	1
1068	1277	1278	1
1069	1278	1279	1
1070	1279	1280	1
1071	1280	1281	1
1072	1281	1282	1
1073	1282	1283	1
1074	1283	1284	1
1075	1284	1285	1
1076	1285	1286	1
1077	1286	1287	1
1078	1287	1288	1
1079	1288	1289	1
1080	1289	1290	1
1081	1290	1291	1
1082	1291	1292	1
1083	1292	1293	1
1084	1293	1294	1
1085	1294	1295	1
1086	1295	1296	1
1087	1296	1297	1
1088	1297	1298	1
1089	1298	1299	1
1090	1299	1300	1
1091	1300	1301	1
1092	1301	1302	1
1093	1302	1303	1
1094	1303	1304	1
1095	1304	1305	1
1096	1305	1306	1
1097	1306	1307	1
1098	1307	1308	1
1099	1308	1309	1
1100	1309	1310	1
1101	1310	1311	1
1102	1311	1312	1
1103	1312	1313	1
1104	1313	1314	1
1105	1314	1315	1
1106	1315	1316	1
1107	1316	1317	1
1108	1317	1318	1
1109	1318	1319	1
1110	1319	1320	1
1111	1320	1321	1
1112	1321	1322	1
1113	1322	1323	1
1114	1323	1324	1
1115	1324	1325	1
1116	1325	1326	1
1117	1326	1327	1
1118	1327	1328	1
1119	1328	1329	1
1120	1329	1330	1
1121	1330	1331	1
1122	1331	1332	1
1123	1332	1333	1
1124	1333	1334	1
1125	1334	1335	1
1126	1335	1336	1
1127	1336	1337	1
1128	1337	1338	1
1129	1338	1339	1
1130	1339	1340	1
1131	1340	1341	1
1132	1341	1342	1
1133	1342	1343	1
1134	1343	1344	1
1135	1344	1345	1
1136	1345	1346	1
1137	1346	1347	1
1138	1347	1348	1
1139	1348	1349	1
1140	1349	1350	1
1141	1350	1351	1
1142	1351	1352	1
1143	1352	1353	1
1144	1353	1354	1
1145	1354	1355	1
1146	1355	1356	1
1147	1356	1357	1
1148	1357	1358	1
1149	1358	1359	1
1150	1359	1360	1
1151	1360	1361	1
1152	1361	1362	1
1153	1362	1363	1
1154	1363	1364	1
1155	1364	1365	1
1156	1365	1366	1
1157	1366	1367	1
1158	1367	1368	1
1159	1368	1369	1
1160	1369	1370	1
1161	1370	1371	1
1162	1371	1372	1
1163	1372	1373	1
1164	1373	1374	1
1165	1374	1375	1
1166	1375	1376	1
1167	1376	1377	1
1168	1377	1378	1
1169	1378	1379	1
1170	1379	1380	1
1171	1380	1381	1
1172	1381	1382	1
1173	1382	1383	1
1174	1383	1384	1
1175	1384	1385	1
1176	1385	1386	1
1177	1386	1387	1
1178	1387	1388	1
1179	1388	1389	1
1180	1389	1390	1
1181	1390	1391	1
1182	1391	1392	1
1183	1392	1393	1
1184	1393	1394	1
1185	1394	1395	1
1186	1395	1396	1
1187	1396	1397	1
1188	1397	1398	1
1189	1398	1399	1
1190	1399	1400	1
1191	1400	1401	1
1192	1401	1402	1
1193	1402	1403	1
1194	1403	1404	1
1195	1404	1405	1
1196	1405	1406	1
1197	1406	1407	1
1198	1407	1408	1
1199	1408	1409	1
1200	1409	1410	1
1201	1410	1411	1
1202	1411	1412	1
1203	1412	1413	1
1204	1413	1414	1
1205	1414	1415	1
1206	1415	1416	1
1207	1416	1417	1
1208	1417	1418	1
1209	1418	1419	1
1210	1419	1420	1
1211	1420	1421	1
1212	1421	1422	1
1213	1422	1423	1
1214	1423	1424	1
1215	1424	1425	1
1216	1425	1426	1
1217	1426	1427	1
1218	1427	1428	1
1219	1428	1429	1
1220	1429	1430	1
1221	1430	1431	1
1222	1431	1432	1
1223	1432	1433	1
1224	1433	1434	1
1225	1434	1435	1
1226	1435	1436	1
1227	1436	1437	1
1228	1437	1438	1
1229	1438	1439	1
1230	1439	1440	1
1231	1440	1441	1
1232	1441	1442	1
1233	1442	1443	1
1234	1443	1444	1
1235	1444	1445	1
1236	1445	1446	1
1237	1446	1447	1
1238	1447	1448	1
1239	1448	1449	1
1240	1449	1450	1
1241	1450	1451	1
1242	1451	1452	1
1243	1452	1453	1
1244	1453	1454	1
1245	1454	1455	1
1246	1455	1456	1
1247	1456	1457	1
1248	1457	1458	1
1249	1458	1459	1
1250	1459	1460	1
1251	1460	1461	1
1252	1461	1462	1
1253	1462	1463	1
1254	1463	1464	1
1255	1464	1465	1
1256	1465	1466	1
1257	1466	1467	1
1258	1467	1468	1
1259	1468	1469	1
1260	1469	1470	1
1261	1470	1471	1
1262	1471	1472	1
1263	1472	1473	1
1264	1473	1474	1
1265	1474	1475	1
1266	1475	1476	1
1267	1476	1477	1
1268	1477	1478	1
1269	1478	1479	1
1270	1479	1480	1
1271	1480	1481	1
1272	1481	1482	1
1273	1482	1483	1
1274	1483	1484	1
1275	1484	1485	1
1276	1485	1486	1
1277	1486	1487	1
1278	1487	1488	1
1279	1488	1489	1
1280	1489	1490	1
1281	1490	1491	1
1282	1491	1492	1
1283	1492	1493	1
1284	1493	1494	1
1285	1494	1495	1
1286	1495	1496	1
1287	1496	1497	1
1288	1497	1498	1
1289	1498	1499	1
1290	1499	1500	1
1291	1500	1501	1
1292	1501	1502	1
1293	1502	1503	1
1294	1503	1504	1
1295	1504	1505	1
1296	1505	1506	1
1297	1506	1507	1
1298	1507	1508	1
1299	1508	1509	1
1300	1509	1510	1
1301	1510	1511	1
1302	1511	1512	1
1303	1512	1513	1
1304	1513	1514	1
1305	1514	1515	1
1306	1515	1516	1
1307	1516	1517	1
1308	1517	1518	1
1309	1518	1519	1
1310	1519	1520	1
1311	1520	1521	1
1312	1521	1522	1
1313	1522	1523	1
1314	1523	1524	1
1315	1524	1525	1
1316	1525	1526	1
1317	1526	1527	1
1318	1527	1528	1
1319	1528	1529	1
1320	1529	1530	1
1321	1530	1531	1
1322	1531	1532	1
1323	1532	1533	1
1324	1533	1534	1
1325	1534	1535	1
1326	1535	1536	1
1327	1536	1537	1
1328	1537	1538	1
1329	1538	1539	1
1330	1539	1540	1
1331	1540	1541	1
1332	1541	1542	1
1333	1542	1543	1
1334	1543	1544	1
1335	1544	1545	1
1336	1545	1546	1
1337	1546	1547	1
1338	1547	1548	1
1339	1548	1549	1
1340	1549	1550	1
1341	1550	1551	1
1342	1551	1552	1
1343	1552	1553	1
1344	1553	1554	1
1345	1554	1555	1
1346	1555	1556	1
1347	1556	1557	1
1348	1557	1558	1
1349	1558	1559	1
1350	1559	1560	1
1351	1560	1561	1
1352	1561	1562	1
1353	1562	1563	1
1354	1563	1564	1
1355	1564	1565	1
1356	1565	1566	1
1357	1566	1567	1
1358	1567	1568	1
1359	1568	1569	1
1360	1569	1570	1
1361	1570	1571	1
1362	1571	1572	1
1363	1572	1573	1
1364	1573	1574	1
1365	1574	1575	1
1366	1575	1576	1
1367	1576	1577	1
1368	1577	1578	1
1369	1578	1579	1
1370	1579	1580	1
1371	1580	1581	1
1372	1581	1582	1
1373	1582	1583	1
1374	1583	1584	1
1375	1584	1585	1
1376	1585	1586	1
1377	1586	1587	1
1378	1587	1588	1
1379	1588	1589	1
1380	1589	1590	1
1381	1590	1591	1
1382	1591	1592	1
1383	1592	1593	1
1384	1593	1594	1
1385	1594	1595	1
1386	1595	1596	1
1387	1596	1597	1
1388	1597	1598	1
1389	1598	1599	1
1390	1599	1600	1
1391	1600	1601	1
1392	1601	1602	1
1393	1602	1603	1
1394	1603	1604	1
1395	1604	1605	1
1396	1605	1606	1
1397	1606	1607	1
1398	1607	1608	1
1399	1608	1609	1
1400	1609	1610	1
1401	1610	1611	1
1402	1611	1612	1
1403	1612	1613	1
1404	1613	1614	1
1405	1614	1615	1
1406	1615	1616	1
1407	1616	1617	1
1408	1617	1618	1
1409	1618	1619	1
1410	1619	1620	1
1411	1620	1621	1
1412	1621	1622	1
1413	1622	1623	1
1414	1623	1624	1
1415	1624	1625	1
1416	1625	1626	1
1417	1626	1627	1
1418	1627	1628	1
1419	1628	1629	1
1420	1629	1630	1
1421	1630	1631	1
1422	1631	1632	1
1423	1632	1633	1
1424	1633	1634	1
1425	1634	1635	1
1426	1635	1636	1
1427	1636	1637	1
1428	1637	1638	1
1429	1638	1639	1
1430	1639	1640	1
1431	1640	1641	1
1432	1641	1642	1
1433	1642	1643	1
1434	1643	1644	1
1435	1644	1645	1
1436	1645	1646	1
1437	1646	1647	1
1438	1647	1648	1
1439	1648	1649	1
1440	1649	1650	1
1441	1650	1651	1
1442	1651	1652	1
1443	1652	1653	1
1444	1653	1654	1
1445	1654	1655	1
1446	1655	1656	1
1447	1656	1657	1
1448	1657	1658	1
1449	1658	1659	1
1450	1659	1660	1
1451	1660	1661	1
1452	1661	1662	1
1453	1662	1663	1
1454	1663	1664	1
1455	1664	1665	1
1456	1665	1666	1
1457	1666	1667	1
1458	1667	1668	1
1459	1668	1669	1
1460	1669	1670	1
1461	1670	1671	1
1462	1671	1672	1
1463	1672	1673	1
1464	1673	1674	1
1465	1674	1675	1
1466	1675	1676	1
1467	1676	1677	1
1468	1677	1678	1
1469	1678	1679	1
1470	1679	1680	1
1471	1680	1681	1
1472	1681	1682	1
1473	1682	1683	1
1474	1683	1684	1
1475	1684	1685	1
1476	1685	1686	1
1477	1686	1687	1
1478	1687	1688	1
1479	1688	1689	1
1480	1689	1690	1
1481	1690	1691	1
1482	1691	1692	1
1483	1692	1693	1
1484	1693	1694	1
1485	1694	1695	1
1486	1695	1696	1
1487	1696	1697	1
1488	1697	1698	1
1489	1698	1699	1
1490	1699	1700	1
1491	1700	1701	1
1492	1701	1702	1
1493	1702	1703	1
1494	1703	1704	1
1495	1704	1705	1
1496	1705	1706	1
1497	1706	1707	1
1498	1707	1708	1
1499	1708	1709	1
1500	1709	1710	1
1501	1710	1711	1
1502	1711	1712	1
1503	1712	1713	1
1504	1713	1714	1
1505	1714	1715	1
1506	1715	1716	1
1507	1716	1717	1
1508	1717	1718	1
1509	1718	1719	1
1510	1719	1720	1
1511	1720	1721	1
1512	1721	1722	1
1513	1722	1723	1
1514	1723	1724	1
1515	1724	1725	1
1516	1725	1726	1
1517	1726	1727	1
1518	1727	1728	1
1519	1728	1729	1
1520	1729	1730	1
1521	1730	1731	1
1522	1731	1732	1
1523	1732	1733	1
1524	1733	1734	1
1525	1734	1735	1
1526	1735	1736	1
1527	1736	1737	1
1528	1737	1738	1
1529	1738	1739	1
1530	1739	1740	1
1531	1740	1741	1
1532	1741	1742	1
1533	1742	1743	1
1534	1743	1744	1
1535	1744	1745	1
1536	1745	1746	1
1537	1746	1747	1
1538	1747	1748	1
1539	1748	1749	1
1540	1749	1750	1
1541	1750	1751	1
1542	1751	1752	1
1543	1752	1753	1
1544	1753	1754	1
1545	1754	1755	1
1546	1755	1756	1
1547	1756	1757	1
1548	1757	1758	1
1549	1758	1759	1
1550	1759	1760	1
1551	1760	1761	1
1552	1761	1762	1
1553	1762	1763	1
1554	1763	1764	1
1555	1764	1765	1
1556	1765	1766	1
1557	1766	1768	2
1558	1768	1770	2
1559	1770	1772	2
1560	1772	1774	2
1561	1774	1776	2
1562	1776	1778	2
1563	1778	1780	2
1564	1780	1782	2
1565	1782	1784	2
1566	1784	1786	2
1567	1786	1788	2
1568	1788	1790	2
1569	1790	1792	2
1570	1792	1794	2
1571	1794	1796	2
1572	1796	1798	2
1573	1798	1800	2
1574	1800	1802	2
1575	1802	1804	2
1576	1804	1806	2
1577	1806	1808	2
1578	1808	1810	2
1579	1810	1812	2
1580	1812	1814	2
1581	1814	1816	2
1582	1816	1818	2
1583	1818	1820	2
1584	1820	1822	2
1585	1822	1824	2
1586	1824	1826	2
1587	1826	1828	2
1588	1828	1830	2
1589	1830	1832	2
1590	1832	1834	2
1591	1834	1836	2
1592	1836	1838	2
1593	1838	1840	2
1594	1840	1842	2
1595	1842	1844	2
1596	1844	1846	2
1597	1846	1848	2
1598	1848	1850	2
1599	1850	1852	2
1600	1852	1854	2
1601	1854	1856	2
1602	1856	1858	2
1603	1858	1860	2
1604	1860	1862	2
1605	1862	1864	2
1606	1864	1866	2
1607	1866	1868	2
1608	1868	1870	2
1609	1870	1872	2
1610	1872	1874	2
1611	1874	1876	2
1612	1876	1878	2
1613	1878	1880	2
1614	1880	1882	2
1615	1882	1884	2
1616	1884	1886	2
1617	1886	1888	2
1618	1888	1890	2
1619	1890	1892	2
1620	1892	1894	2
1621	1894	1896	2
1622	1896	1898	2
1623	1898	1900	2
1624	1900	1902	2
1625	1902	1904	2
1626	1904	1906	2
1627	1906	1908	2
1628	1908	1910	2
1629	1910	1912	2
1630	1912	1914	2
1631	1914	1916	2
1632	1916	1918	2
1633	1918	1920	2
1634	1920	1922	2
1635	1922	1924	2
1636	1924	1926	2
1637	1926	1928	2
1638	1928	1930	2
1639	1930	1932	2
1640	1932	1934	2
1641	1934	1936	2
1642	1936	1938	2
1643	1938	1940	2
1644	1940	1942	2
1645	1942	1944	2
1646	1944	1946	2
1647	1946	1948	2
1648	1948	1950	2
1649	1950	1952	2
1650	1952	1954	2
1651	1954	1956	2
1652	1956	1958	2
1653	1958	1960	2
1654	1960	1962	2
1655	1962	1964	2
1656	1964	1966	2
1657	1966	1968	2
1658	1968	1970	2
1659	1970	1972	2
1660	1972	1974	2
1661	1974	1976	2
1662	1976	1978	2
1663	1978	1980	2
1664	1980	1982	2
1665	1982	1984	2
1666	1984	1986	2
1667	1986	1988	2
1668	1988	1990	2
1669	1990	1992	2
1670	1992	1994	2
1671	1994	1996	2
1672	1996	1998	2
1673	1998	2000	2
1674	2000	2002	2
1675	2002	2004	2
1676	2004	2006	2
1677	2006	2008	2
1678	2008	2010	2
1679	2010	2012	2
1680	2012	2014	2
1681	2014	2016	2
1682	2016	2018	2
1683	2018	2020	2
1684	2020	2022	2
1685	2022	2024	2
1686	2024	2026	2
1687	2026	2028	2
1688	2028	2030	2
1689	2030	2032	2
1690	2032	2034	2
1691	2034	2036	2
1692	2036	2038	2
1693	2038	2040	2
1694	2040	2042	2
1695	2042	2044	2
1696	2044	2046	2
1697	2046	2048	2
1698	2048	2050	2
1699	2050	2052	2
1700	2052	2054	2
1701	2054	2056	2
1702	2056	2058	2
1703	2058	2060	2
1704	2060	2062	2
1705	2062	2064	2
1706	2064	2066	2
1707	2066	2068	2
1708	2068	2070	2
1709	2070	2072	2
1710	2072	2074	2
1711	2074	2076	2
1712	2076	2078	2
1713	2078	2080	2
1714	2080	2082	2
1715	2082	2084	2
1716	2084	2086	2
1717	2086	2088	2
1718	2088	2090	2
1719	2090	2092	2
1720	2092	2094	2
1721	2094	2096	2
1722	2096	2098	2
1723	2098	2100	2
1724	2100	2102	2
1725	2102	2104	2
1726	2104	2106	2
1727	2106	2108	2
1728	2108	2110	2
1729	2110	2112	2
1730	2112	2114	2
1731	2114	2116	2
1732	2116	2118	2
1733	2118	2120	2
1734	2120	2122	2
1735	2122	2124	2
1736	2124	2126	2
1737	2126	2128	2
1738	2128	2130	2
1739	2130	2132	2
1740	2132	2134	2
1741	2134	2136	2
1742	2136	2138	2
1743	2138	2140	2
1744	2140	2142	2
1745	2142	2144	2
1746	2144	2146	2
1747	2146	2148	2
1748	2148	2150	2
1749	2150	2152	2
1750	2152	2154	2
1751	2154	2156	2
1752	2156	2158	2
1753	2158	2160	2
1754	2160	2162	2
1755	2162	2164	2
1756	2164	2166	2
1757	2166	2168	2
1758	2168	2170	2
1759	2170	2172	2
1760	2172	2174	2
1761	2174	2176	2
1762	2176	2178	2
1763	2178	2180	2
1764	2180	2182	2
1765	2182	2184	2
1766	2184	2186	2
1767	2186	2188	2
1768	2188	2190	2
1769	2190	2192	2
1770	2192	2194	2
1771	2194	2196	2
1772	2196	2198	2
1773	2198	2200	2
1774	2200	2202	2
1775	2202	2204	2
1776	2204	2206	2
1777	2206	2208	2
1778	2208	2210	2
1779	2210	2212	2
1780	2212	2214	2
1781	2214	2216	2
1782	2216	2218	2
1783	2218	2220	2
1784	2220	2222	2
1785	2222	2224	2
1786	2224	2226	2
1787	2226	2228	2
1788	2228	2230	2
1789	2230	2232	2
1790	2232	2234	2
1791	2234	2236	2
1792	2236	2238	2
1793	2238	2240	2
1794	2240	2242	2
1795	2242	2244	2
1796	2244	2246	2
1797	2246	2248	2
1798	2248	2250	2
1799	2250	2252	2
1800	2252	2254	2
1801	2254	2256	2
1802	2256	2258	2
1803	2258	2260	2
1804	2260	2262	2
1805	2262	2264	2
1806	2264	2266	2
1807	2266	2268	2
1808	2268	2270	2
1809	2270	2272	2
1810	2272	2274	2
1811	2274	2276	2
1812	2276	2278	2
1813	2278	2280	2
1814	2280	2282	2
1815	2282	2284	2
1816	2284	2286	2
1817	2286	2288	2
1818	2288	2290	2
1819	2290	2292	2
1820	2292	2294	2
1821	2294	2296	2
1822	2296	2298	2
1823	2298	2300	2
1824	2300	2302	2
1825	2302	2304	2
1826	2304	2306	2
1827	2306	2308	2
1828	2308	2310	2
1829	2310	2312	2
1830	2312	2314	2
1831	2314	2316	2
1832	2316	2318	2
1833	2318	2320	2
1834	2320	2322	2
1835	2322	2324	2
1836	2324	2326	2
1837	2326	2328	2
1838	2328	2330	2
1839	2330	2332	2
1840	2332	2334	2
1841	2334	2336	2
1842	2336	2338	2
1843	2338	2340	2
1844	2340	2342	2
1845	2342	2344	2
1846	2344	2346	2
1847	2346	2348	2
1848	2348	2350	2
1849	2350	2352	2
1850	2352	2354	2
1851	2354	2356	2
1852	2356	2358	2
1853	2358	2360	2
1854	2360	2362	2
1855	2362	2364	2
1856	2364	2366	2
1857	2366	2368	2
1858	2368	2370	2
1859	2370	2372	2
1860	2372	2374	2
1861	2374	2376	2
1862	2376	2378	2
1863	2378	2380	2
1864	2380	2382	2
1865	2382	2384	2
1866	2384	2386	2
1867	2386	2388	2
1868	2388	2390	2
1869	2390	2392	2
1870	2392	2394	2
1871	2394	2396	2
1872	2396	2398	2
1873	2398	2400	2
1874	2400	2402	2
1875	2402	2404	2
1876	2404	2406	2
1877	2406	2408	2
1878	2408	2410	2
1879	2410	2412	2
1880	2412	2414	2
1881	2414	2416	2
1882	2416	2418	2
1883	2418	2420	2
1884	2420	2422	2
1885	2422	2424	2
1886	2424	2426	2
1887	2426	2428	2
1888	2428	2430	2
1889	2430	2432	2
1890	2432	2434	2
1891	2434	2436	2
1892	2436	2438	2
1893	2438	2440	2
1894	2440	2442	2
1895	2442	2444	2
1896	2444	2446	2
1897	2446	2448	2
1898	2448	2450	2
1899	2450	2452	2
1900	2452	2454	2
1901	2454	2456	2
1902	2456	2458	2
1903	2458	2460	2
1904	2460	2462	2
1905	2462	2464	2
1906	2464	2466	2
1907	2466	2468	2
1908	2468	2470	2
1909	2470	2472	2
1910	2472	2474	2
1911	2474	2476	2
1912	2476	2478	2
1913	2478	2480	2
1914	2480	2482	2
1915	2482	2484	2
1916	2484	2486	2
1917	2486	2488	2
1918	2488	2490	2
1919	2490	2492	2
1920	2492	2494	2
1921	2494	2496	2
1922	2496	2498	2
1923	2498	2500	2
1924	2500	2502	2
1925	2502	2504	2
1926	2504	2506	2
1927	2506	2508	2
1928	2508	2510	2
1929	2510	2512	2
1930	2512	2514	2
1931	2514	2516	2
1932	2516	2518	2
1933	2518	2520	2
1934	2520	2522	2
1935	2522	2524	2
1936	2524	2526	2
1937	2526	2528	2
1938	2528	2530	2
1939	2530	2532	2
1940	2532	2534	2
1941	2534	2536	2
1942	2536	2538	2
1943	2538	2540	2
1944	2540	2542	2
1945	2542	2544	2
1946	2544	2546	2
1947	2546	2548	2
1948	2548	2550	2
1949	2550	2552	2
1950	2552	2554	2
1951	2554	2556	2
1952	2556	2558	2
1953	2558	2560	2
1954	2560	2562	2
1955	2562	2564	2
1956	2564	2566	2
1957	2566	2568	2
1958	2568	2570	2
1959	2570	2572	2
1960	2572	2574	2
1961	2574	2576	2
1962	2576	2578	2
1963	2578	2580	2
1964	2580	2582	2
1965	2582	2584	2
1966	2584	2586	2
1967	2586	2588	2
1968	2588	2590	2
1969	2590	2592	2
1970	2592	2594	2
1971	2594	2596	2
1972	2596	2598	2
1973	2598	2600	2
1974	2600	2602	2
1975	2602	2604	2
1976	2604	2606	2
1977	2606	2608	2
1978	2608	2610	2
1979	2610	2612	2
1980	2612	2614	2
1981	2614	2616	2
1982	2616	2618	2
1983	2618	2620	2
1984	2620	2622	2
1985	2622	2624	2
1986	2624	2626	2
1987	2626	2628	2
1988	2628	2630	2
1989	2630	2632	2
1990	2632	2634	2
1991	2634	2636	2
1992	2636	2638	2
1993	2638	2640	2
1994	2640	2642	2
1995	2642	2644	2
1996	2644	2646	2
1997	2646	2648	2
1998	2648	2650	2
1999	2650	2652	2
2000	2652	2654	2
2001	2654	2656	2
2002	2656	2658	2
2003	2658	2660	2
2004	2660	2662	2
2005	2662	2664	2
2006	2664	2666	2
2007	2666	2668	2
2008	2668	2670	2
2009	2670	2672	2
2010	2672	2674	2
2011	2674	2676	2
2012	2676	2678	2
2013	2678	2680	2
2014	2680	2682	2
2015	2682	2684	2
2016	2684	2686	2
2017	2686	2688	2
2018	2688	2690	2
2019	2690	2692	2
2020	2692	2694	2
2021	2694	2696	2
2022	2696	2698	2
2023	2698	2700	2
2024	2700	2702	2
2025	2702	2704	2
2026	2704	2706	2
2027	2706	2708	2
2028	2708	2710	2
2029	2710	2712	2
2030	2712	2714	2
2031	2714	2716	2
2032	2716	2718	2
2033	2718	2720	2
2034	2720	2722	2
2035	2722	2724	2
2036	2724	2726	2
2037	2726	2728	2
2038	2728	2730	2
2039	2730	2732	2
2040	2732	2734	2
2041	2734	2736	2
2042	2736	2738	2
2043	2738	2740	2
2044	2740	2742	2
2045	2742	2744	2
2046	2744	2746	2
2047	2746	2748	2
2048	2748	2750	2
2049	2750	2752	2
2050	2752	2754	2
2051	2754	2756	2
2052	2756	2758	2
2053	2758	2760	2
2054	2760	2762	2
2055	2762	2764	2
2056	2764	2766	2
2057	2766	2768	2
2058	2768	2770	2
2059	2770	2772	2
2060	2772	2774	2
2061	2774	2776	2
2062	2776	2778	2
2063	2778	2780	2
2064	2780	2782	2
2065	2782	2784	2
2066	2784	2786	2
2067	2786	2788	2
2068	2788	2790	2
2069	2790	2792	2
2070	2792	2794	2
2071	2794	2796	2
2072	2796	2798	2
2073	2798	2800	2
2074	2800	2802	2
2075	2802	2804	2
2076	2804	2806	2
2077	2806	2808	2
2078	2808	2810	2
2079	2810	2812	2
2080	2812	2814	2
2081	2814	2816	2
2082	2816	2818	2
2083	2818	2820	2
2084	2820	2822	2
2085	2822	2824	2
2086	2824	2826	2
2087	2826	2828	2
2088	2828	2830	2
2089	2830	2832	2
2090	2832	2834	2
2091	2834	2836	2
2092	2836	2838	2
2093	2838	2840	2
2094	2840	2842	2
2095	2842	2844	2
2096	2844	2846	2
2097	2846	2848	2
2098	2848	2850	2
2099	2850	2852	2
2100	2852	2854	2
2101	2854	2856	2
2102	2856	2858	2
2103	2858	2860	2
2104	2860	2862	2
2105	2862	2864	2
2106	2864	2866	2
2107	2866	2868	2
2108	2868	2870	2
2109	2870	2872	2
2110	2872	2874	2
2111	2874	2876	2
2112	2876	2878	2
2113	2878	2880	2
2114	2880	2882	2
2115	2882	2884	2
2116	2884	2886	2
2117	2886	2888	2
2118	2888	2890	2
2119	2890	2892	2
2120	2892	2894	2
2121	2894	2896	2
2122	2896	2898	2
2123	2898	2900	2
2124	2900	2902	2
2125	2902	2904	2
2126	2904	2906	2
2127	2906	2908	2
2128	2908	2910	2
2129	2910	2912	2
2130	2912	2914	2
2131	2914	2916	2
2132	2916	2918	2
2133	2918	2920	2
2134	2920	2922	2
2135	2922	2924	2
2136	2924	2926	2
2137	2926	2928	2
2138	2928	2930	2
2139	2930	2932	2
2140	2932	2934	2
2141	2934	2936	2
2142	2936	2938	2
2143	2938	2940	2
2144	2940	2942	2
2145	2942	2944	2
2146	2944	2946	2
2147	2946	2948	2
2148	2948	2950	2
2149	2950	2952	2
2150	2952	2954	2
2151	2954	2956	2
2152	2956	2958	2
2153	2958	2960	2
2154	2960	2962	2
2155	2962	2964	2
2156	2964	2966	2
2157	2966	2968	2
2158	2968	2970	2
2159	2970	2972	2
2160	2972	2974	2
2161	2974	2976	2
2162	2976	2978	2
2163	2978	2980	2
2164	2980	2982	2
2165	2982	2984	2
2166	2984	2986	2
2167	2986	2988	2
2168	2988	2990	2
2169	2990	2992	2
2170	2992	2994	2
2171	2994	2996	2
2172	2996	2998	2
2173	2998	3000	2
2174	3000	3002	2
2175	3002	3004	2
2176	3004	3006	2
2177	3006	3008	2
2178	3008	3010	2
2179	3010	3012	2
2180	3012	3014	2
2181	3014	3016	2
2182	3016	3018	2
2183	3018	3020	2
2184	3020	3022	2
2185	3022	3024	2
2186	3024	3026	2
2187	3026	3028	2
2188	3028	3030	2
2189	3030	3032	2
2190	3032	3034	2
2191	3034	3036	2
2192	3036	3038	2
2193	3038	3040	2
2194	3040	3042	2
2195	3042	3044	2
2196	3044	3046	2
2197	3046	3048	2
2198	3048	3050	2
2199	3050	3052	2
2200	3052	3054	2
2201	3054	3056	2
2202	3056	3058	2
2203	3058	3060	2
2204	3060	3062	2
2205	3062	3064	2
2206	3064	3066	2
2207	3066	3068	2
2208	3068	3070	2
2209	3070	3072	2
2210	3072	3074	2
2211	3074	3076	2
2212	3076	3078	2
2213	3078	3080	2
2214	3080	3082	2
2215	3082	3084	2
2216	3084	3086	2
2217	3086	3088	2
2218	3088	3090	2
2219	3090	3092	2
2220	3092	3094	2
2221	3094	3096	2
2222	3096	3098	2
2223	3098	3100	2
2224	3100	3102	2
2225	3102	3104	2
2226	3104	3106	2
2227	3106	3108	2
2228	3108	3110	2
2229	3110	3112	2
2230	3112	3114	2
2231	3114	3116	2
2232	3116	3118	2
2233	3118	3120	2
2234	3120	3122	2
2235	3122	3124	2
2236	3124	3126	2
2237	3126	3128	2
2238	3128	3130	2
2239	3130	3132	2
2240	3132	3134	2
2241	3134	3136	2
2242	3136	3138	2
2243	3138	3140	2
2244	3140	3142	2
2245	3142	3144	2
2246	3144	3146	2
2247	3146	3148	2
2248	3148	3150	2
2249	3150	3152	2
2250	3152	3154	2
2251	3154	3156	2
2252	3156	3158	2
2253	3158	3160	2
2254	3160	3162	2
2255	3162	3164	2
2256	3164	3166	2
2257	3166	3168	2
2258	3168	3170	2
2259	3170	3172	2
2260	3172	3174	2
2261	3174	3176	2
2262	3176	3178	2
2263	3178	3180	2
2264	3180	3182	2
2265	3182	3184	2
2266	3184	3186	2
2267	3186	3188	2
2268	3188	3190	2
2269	3190	3192	2
2270	3192	3194	2
2271	3194	3196	2
2272	3196	3198	2
2273	3198	3200	2
2274	3200	3202	2
2275	3202	3204	2
2276	3204	3206	2
2277	3206	3208	2
2278	3208	3210	2
2279	3210	3212	2
2280	3212	3214	2
2281	3214	3216	2
2282	3216	3218	2
2283	3218	3220	2
2284	3220	3222	2
2285	3222	3224	2
2286	3224	3226	2
2287	3226	3228	2
2288	3228	3230	2
2289	3230	3232	2
2290	3232	3234	2
2291	3234	3236	2
2292	3236	3238	2
2293	3238	3240	2
2294	3240	3242	2
2295	3242	3244	2
2296	3244	3246	2
2297	3246	3248	2
2298	3248	3250	2
2299	3250	3252	2
2300	3252	3254	2
2301	3254	3256	2
2302	3256	3258	2
2303	3258	3260	2
2304	3260	3262	2
2305	3262	3264	2
2306	3264	3266	2
2307	3266	3268	2
2308	3268	3270	2
2309	3270	3272	2
2310	3272	3274	2
2311	3274	3276	2
2312	3276	3278	2
2313	3278	3280	2
2314	3280	3282	2
2315	3282	3284	2
2316	3284	3286	2
2317	3286	3288	2
2318	3288	3290	2
2319	3290	3292	2
2320	3292	3294	2
2321	3294	3296	2
2322	3296	3298	2
2323	3298	3300	2
2324	3300	3302	2
2325	3302	3304	2
2326	3304	3306	2
2327	3306	3308	2
2328	3308	3310	2
2329	3310	3312	2
2330	3312	3314	2
2331	3314	3316	2
2332	3316	3318	2
2333	3318	3320	2
2334	3320	3322	2
2335	3322	3324	2
2336	3324	3326	2
2337	3326	3328	2
2338	3328	3330	2
2339	3330	3332	2
2340	3332	3334	2
2341	3334	3336	2
2342	3336	3338	2
2343	3338	3340	2
2344	3340	3342	2
2345	3342	3344	2
2346	3344	3346	2
2347	3346	3348	2
2348	3348	3350	2
2349	3350	3352	2
2350	3352	3354	2
2351	3354	3356	2
2352	3356	3358	2
2353	3358	3360	2
2354	3360	3362	2
2355	3362	3364	2
2356	3364	3366	2
2357	3366	3368	2
2358	3368	3370	2
2359	3370	3372	2
2360	3372	3374	2
2361	3374	3376	2
2362	3376	3378	2
2363	3378	3380	2
2364	3380	3382	2
2365	3382	3384	2
2366	3384	3386	2
2367	3386	3388	2
2368	3388	3390	2
2369	3390	3392	2
2370	3392	3394	2
2371	3394	3396	2
2372	3396	3398	2
2373	3398	3400	2
2374	3400	3402	2
2375	3402	3404	2
2376	3404	3406	2
2377	3406	3408	2
2378	3408	3410	2
2379	3410	3412	2
2380	3412	3414	2
2381	3414	3416	2
2382	3416	3418	2
2383	3418	3420	2
2384	3420	3422	2
2385	3422	3424	2
2386	3424	3426	2
2387	3426	3428	2
2388	3428	3430	2
2389	3430	3432	2
2390	3432	3434	2
2391	3434	3436	2
2392	3436	3438	2
2393	3438	3440	2
2394	3440	3442	2
2395	3442	3444	2
2396	3444	3446	2
2397	3446	3448	2
2398	3448	3450	2
2399	3450	3452	2
2400	3452	3454	2
2401	3454	3456	2
2402	3456	3458	2
2403	3458	3460	2
2404	3460	3462	2
2405	3462	3464	2
2406	3464	3466	2
2407	3466	3468	2
2408	3468	3470	2
2409	3470	3472	2
2410	3472	3474	2
2411	3474	3476	2
2412	3476	3478	2
2413	3478	3480	2
2414	3480	3482	2
2415	3482	3484	2
2416	3484	3486	2
2417	3486	3488	2
2418	3488	3491	3
2419	3491	3494	3
2420	3494	3497	3
2421	3497	3500	3
2422	3500	3503	3
2423	3503	3506	3
2424	3506	3509	3
2425	3509	3512	3
2426	3512	3515	3
2427	3515	3518	3
2428	3518	3521	3
2429	3521	3524	3
2430	3524	3527	3
2431	3527	3530	3
2432	3530	3533	3
2433	3533	3536	3
2434	3536	3539	3
2435	3539	3542	3
2436	3542	3545	3
2437	3545	3548	3
2438	3548	3551	3
2439	3551	3554	3
2440	3554	3557	3
2441	3557	3560	3
2442	3560	3563	3
2443	3563	3566	3
2444	3566	3569	3
2445	3569	3572	3
2446	3572	3575	3
2447	3575	3578	3
2448	3578	3581	3
2449	3581	3584	3
2450	3584	3587	3
2451	3587	3590	3
2452	3590	3593	3
2453	3593	3596	3
2454	3596	3599	3
2455	3599	3602	3
2456	3602	3605	3
2457	3605	3608	3
2458	3608	3611	3
2459	3611	3614	3
2460	3614	3617	3
2461	3617	3620	3
2462	3620	3623	3
2463	3623	3626	3
2464	3626	3629	3
2465	3629	3632	3
2466	3632	3635	3
2467	3635	3638	3
2468	3638	3641	3
2469	3641	3644	3
2470	3644	3647	3
2471	3647	3650	3
2472	3650	3653	3
2473	3653	3656	3
2474	3656	3659	3
2475	3659	3662	3
2476	3662	3665	3
2477	3665	3668	3
2478	3668	3671	3
2479	3671	3674	3
2480	3674	3677	3
2481	3677	3680	3
2482	3680	3683	3
2483	3683	3686	3
2484	3686	3689	3
2485	3689	3692	3
2486	3692	3695	3
2487	3695	3698	3
2488	3698	3701	3
2489	3701	3704	3
2490	3704	3707	3
2491	3707	3710	3
2492	3710	3713	3
2493	3713	3716	3
2494	3716	3719	3
2495	3719	3722	3
2496	3722	3725	3
2497	3725	3728	3
2498	3728	3731	3
2499	3731	3734	3
2500	3734	3737	3
2501	3737	3740	3
2502	3740	3743	3
2503	3743	3746	3
2504	3746	3749	3
2505	3749	3752	3
2506	3752	3755	3
2507	3755	3758	3
2508	3758	3761	3
2509	3761	3764	3
2510	3764	3767	3
2511	3767	3770	3
2512	3770	3773	3
2513	3773	3776	3
2514	3776	3779	3
2515	3779	3782	3
2516	3782	3785	3
2517	3785	3788	3
2518	3788	3791	3
2519	3791	3794	3
2520	3794	3797	3
2521	3797	3800	3
2522	3800	3803	3
2523	3803	3806	3
2524	3806	3809	3
2525	3809	3812	3
2526	3812	3815	3
2527	3815	3818	3
2528	3818	3821	3
2529	3821	3824	3
2530	3824	3827	3
2531	3827	3830	3
2532	3830	3833	3
2533	3833	3836	3
2534	3836	3839	3
2535	3839	3842	3
2536	3842	3845	3
2537	3845	3848	3
2538	3848	3851	3
2539	3851	3854	3
2540	3854	3857	3
2541	3857	3860	3
2542	3860	3863	3
2543	3863	3866	3
2544	3866	3869	3
2545	3869	3872	3
2546	3872	3875	3
2547	3875	3878	3
2548	3878	3881	3
2549	3881	3884	3
2550	3884	3887	3
2551	3887	3890	3
2552	3890	3893	3
2553	3893	3896	3
2554	3896	3899	3
2555	3899	3902	3
2556	3902	3905	3
2557	3905	3908	3
2558	3908	3911	3
2559	3911	3914	3
2560	3914	3917	3
2561	3917	3920	3
2562	3920	3923	3
2563	3923	3926	3
2564	3926	3929	3
2565	3929	3932	3
2566	3932	3935	3
2567	3935	3938	3
2568	3938	3941	3
2569	3941	3944	3
2570	3944	3947	3
2571	3947	3950	3
2572	3950	3953	3
2573	3953	3956	3
2574	3956	3959	3
2575	3959	3962	3
2576	3962	3965	3
2577	3965	3968	3
2578	3968	3971	3
2579	3971	3974	3
2580	3974	3977	3
2581	3977	3980	3
2582	3980	3983	3
2583	3983	3986	3
2584	3986	3989	3
2585	3989	3992	3
2586	3992	3995	3
2587	3995	3998	3
2588	3998	4001	3
2589	4001	4004	3
2590	4004	4007	3
2591	4007	4010	3
2592	4010	4013	3
2593	4013	4016	3
2594	4016	4019	3
2595	4019	4022	3
2596	4022	4025	3
2597	4025	4028	3
2598	4028	4031	3
2599	4031	4034	3
2600	4034	4037	3
2601	4037	4040	3
2602	4040	4043	3
2603	4043	4046	3
2604	4046	4049	3
2605	4049	4052	3
2606	4052	4055	3
2607	4055	4058	3
2608	4058	4061	3
2609	4061	4064	3
2610	4064	4067	3
2611	4067	4070	3
2612	4070	4073	3
2613	4073	4076	3
2614	4076	4079	3
2615	4079	4082	3
2616	4082	4085	3
2617	4085	4088	3
2618	4088	4091	3
2619	4091	4094	3
2620	4094	4097	3
2621	4097	4100	3
2622	4100	4103	3
2623	4103	4106	3
2624	4106	4109	3
2625	4109	4112	3
2626	4112	4115	3
2627	4115	4118	3
2628	4118	4121	3
2629	4121	4124	3
2630	4124	4127	3
2631	4127	4130	3
2632	4130	4133	3
2633	4133	4136	3
2634	4136	4139	3
2635	4139	4142	3
2636	4142	4145	3
2637	4145	4148	3
2638	4148	4151	3
2639	4151	4154	3
2640	4154	4157	3
2641	4157	4160	3
2642	4160	4163	3
2643	4163	4166	3
2644	4166	4169	3
2645	4169	4172	3
2646	4172	4175	3
2647	4175	4178	3
2648	4178	4181	3
2649	4181	4184	3
2650	4184	4187	3
2651	4187	4190	3
2652	4190	4193	3
2653	4193	4196	3
2654	4196	4199	3
2655	4199	4202	3
2656	4202	4205	3
2657	4205	4208	3
2658	4208	4211	3
2659	4211	4214	3
2660	4214	4217	3
2661	4217	4220	3
2662	4220	4223	3
2663	4223	4226	3
2664	4226	4229	3
2665	4229	4232	3
2666	4232	4235	3
2667	4235	4238	3
2668	4238	4241	3
2669	4241	4244	3
2670	4244	4247	3
2671	4247	4250	3
2672	4250	4253	3
2673	4253	4256	3
2674	4256	4259	3
2675	4259	4262	3
2676	4262	4265	3
2677	4265	4268	3
2678	4268	4271	3
2679	4271	4274	3
2680	4274	4277	3
2681	4277	4280	3
2682	4280	4283	3
2683	4283	4286	3
2684	4286	4289	3
2685	4289	4292	3
2686	4292	4295	3
2687	4295	4298	3
2688	4298	4302	4
2689	4302	4306	4
2690	4306	4310	4
2691	4310	4314	4
2692	4314	4318	4
2693	4318	4322	4
2694	4322	4326	4
2695	4326	4330	4
2696	4330	4334	4
2697	4334	4338	4
2698	4338	4342	4
2699	4342	4346	4
2700	4346	4350	4
2701	4350	4354	4
2702	4354	4358	4
2703	4358	4362	4
2704	4362	4366	4
2705	4366	4370	4
2706	4370	4374	4
2707	4374	4378	4
2708	4378	4382	4
2709	4382	4386	4
2710	4386	4390	4
2711	4390	4394	4
2712	4394	4398	4
2713	4398	4402	4
2714	4402	4406	4
2715	4406	4410	4
2716	4410	4414	4
2717	4414	4418	4
2718	4418	4422	4
2719	4422	4426	4
2720	4426	4430	4
2721	4430	4434	4
2722	4434	4438	4
2723	4438	4442	4
2724	4442	4446	4
2725	4446	4450	4
2726	4450	4454	4
2727	4454	4458	4
2728	4458	4462	4
2729	4462	4466	4
2730	4466	4470	4
2731	4470	4474	4
2732	4474	4478	4
2733	4478	4482	4
2734	4482	4486	4
2735	4486	4490	4
2736	4490	4494	4
2737	4494	4498	4
2738	4498	4502	4
2739	4502	4506	4
2740	4506	4510	4
2741	4510	4514	4
2742	4514	4518	4
2743	4518	4522	4
2744	4522	4526	4
2745	4526	4530	4
2746	4530	4534	4
2747	4534	4538	4
2748	4538	4542	4
2749	4542	4546	4
2750	4546	4550	4
2751	4550	4554	4
2752	4554	4558	4
2753	4558	4562	4
2754	4562	4566	4
2755	4566	4570	4
2756	4570	4574	4
2757	4574	4578	4
2758	4578	4582	4
2759	4582	4586	4
2760	4586	4590	4
2761	4590	4594	4
2762	4594	4598	4
2763	4598	4602	4
2764	4602	4606	4
2765	4606	4610	4
2766	4610	4614	4
2767	4614	4618	4
2768	4618	4622	4
2769	4622	4626	4
2770	4626	4630	4
2771	4630	4634	4
2772	4634	4638	4
2773	4638	4642	4
2774	4642	4646	4
2775	4646	4650	4
2776	4650	4654	4
2777	4654	4658	4
2778	4658	4662	4
2779	4662	4666	4
2780	4666	4670	4
2781	4670	4674	4
2782	4674	4678	4
2783	4678	4682	4
2784	4682	4686	4
2785	4686	4690	4
2786	4690	4694	4
2787	4694	4698	4
2788	4698	4702	4
2789	4702	4706	4
2790	4706	4710	4
2791	4710	4714	4
2792	4714	4718	4
2793	4718	4722	4
2794	4722	4726	4
2795	4726	4730	4
2796	4730	4734	4
2797	4734	4738	4
2798	4738	4742	4
2799	4742	4746	4
2800	4746	4750	4
2801	4750	4754	4
2802	4754	4758	4
2803	4758	4762	4
2804	4762	4766	4
2805	4766	4770	4
2806	4770	4774	4
2807	4774	4778	4
2808	4778	4782	4
2809	4782	4786	4
2810	4786	4790	4
2811	4790	4794	4
2812	4794	4798	4
2813	4798	4802	4
2814	4802	4806	4
2815	4806	4810	4
2816	4810	4814	4
2817	4814	4818	4
2818	4818	4822	4
2819	4822	4826	4
2820	4826	4830	4
2821	4830	4834	4
2822	4834	4838	4
2823	4838	4842	4
2824	4842	4846	4
2825	4846	4850	4
2826	4850	4854	4
2827	4854	4858	4
2828	4858	4862	4
2829	4862	4866	4
2830	4866	4870	4
2831	4870	4874	4
2832	4874	4878	4
2833	4878	4882	4
2834	4882	4886	4
2835	4886	4890	4
2836	4890	4894	4
2837	4894	4898	4
2838	4898	4902	4
2839	4902	4906	4
2840	4906	4910	4
2841	4910	4914	4
2842	4914	4918	4
2843	4918	4922	4
2844	4922	4926	4
2845	4926	4930	4
2846	4930	4934	4
2847	4934	4939	5
2848	4939	4944	5
2849	4944	4949	5
2850	4949	4954	5
2851	4954	4959	5
2852	4959	4964	5
2853	4964	4969	5
2854	4969	4974	5
2855	4974	4979	5
2856	4979	4984	5
2857	4984	4989	5
2858	4989	4994	5
2859	4994	4999	5
2860	4999	5004	5
2861	5004	5009	5
2862	5009	5014	5
2863	5014	5019	5
2864	5019	5024	5
2865	5024	5029	5
2866	5029	5034	5
2867	5034	5039	5
2868	5039	5044	5
2869	5044	5049	5
2870	5049	5054	5
2871	5054	5059	5
2872	5059	5064	5
2873	5064	5069	5
2874	5069	5074	5
2875	5074	5079	5
2876	5079	5084	5
2877	5084	5089	5
2878	5089	5094	5
2879	5094	5099	5
2880	5099	5104	5
2881	5104	5109	5
2882	5109	5114	5
2883	5114	5119	5
2884	5119	5124	5
2885	5124	5129	5
2886	5129	5134	5
2887	5134	5139	5
2888	5139	5144	5
2889	5144	5149	5
2890	5149	5154	5
2891	5154	5159	5
2892	5159	5164	5
2893	5164	5169	5
2894	5169	5174	5
2895	5174	5179	5
2896	5179	5184	5
2897	5184	5189	5
2898	5189	5194	5
2899	5194	5199	5
2900	5199	5204	5
2901	5204	5209	5
2902	5209	5214	5
2903	5214	5219	5
2904	5219	5224	5
2905	5224	5229	5
2906	5229	5234	5
2907	5234	5239	5
2908	5239	5244	5
2909	5244	5249	5
2910	5249	5254	5
2911	5254	5259	5
2912	5259	5264	5
2913	5264	5269	5
2914	5269	5274	5
2915	5274	5279	5
2916	5279	5284	5
2917	5284	5289	5
2918	5289	5294	5
2919	5294	5299	5
2920	5299	5304	5
2921	5304	5309	5
2922	5309	5314	5
2923	5314	5319	5
2924	5319	5324	5
2925	5324	5329	5
2926	5329	5334	5
2927	5334	5339	5
2928	5339	5344	5
2929	5344	5349	5
2930	5349	5354	5
2931	5354	5359	5
2932	5359	5364	5
2933	5364	5369	5
2934	5369	5374	5
2935	5374	5379	5
2936	5379	5384	5
2937	5384	5389	5
2938	5389	5394	5
2939	5394	5399	5
2940	5399	5404	5
2941	5404	5409	5
2942	5409	5414	5
2943	5414	5419	5
2944	5419	5424	5
2945	5424	5429	5
2946	5429	5434	5
2947	5434	5439	5
2948	5439	5444	5
2949	5444	5449	5
2950	5449	5454	5
2951	5454	5459	5
2952	5459	5464	5
2953	5464	5469	5
2954	5469	5474	5
2955	5474	5479	5
2956	5479	5484	5
2957	5484	5489	5
2958	5489	5494	5
2959	5494	5499	5
2960	5499	5504	5
2961	5504	5509	5
2962	5509	5514	5
2963	5514	5519	5
2964	5519	5524	5
2965	5524	5529	5
2966	5529	5534	5
2967	5534	5539	5
2968	5539	5544	5
2969	5544	5549	5
2970	5549	5554	5
2971	5554	5559	5
2972	5559	5564	5
2973	5564	5569	5
2974	5569	5574	5
2975	5574	5579	5
2976	5579	5585	6
2977	5585	5591	6
2978	5591	5597	6
2979	5597	5603	6
2980	5603	5609	6
2981	5609	5615	6
2982	5615	5621	6
2983	5621	5627	6
2984	5627	5633	6
2985	5633	5639	6
2986	5639	5645	6
2987	5645	5651	6
2988	5651	5657	6
2989	5657	5663	6
2990	5663	5669	6
2991	5669	5675	6
2992	5675	5681	6
2993	5681	5687	6
2994	5687	5693	6
2995	5693	5699	6
2996	5699	5705	6
2997	5705	5711	6
2998	5711	5717	6
2999	5717	5723	6
3000	5723	5729	6
3001	5729	5735	6
3002	5735	5741	6
3003	5741	5747	6
3004	5747	5753	6
3005	5753	5759	6
3006	5759	5765	6
3007	5765	5771	6
3008	5771	5777	6
3009	5777	5783	6
3010	5783	5789	6
3011	5789	5795	6
3012	5795	5801	6
3013	5801	5807	6
3014	5807	5813	6
3015	5813	5819	6
3016	5819	5825	6
3017	5825	5831	6
3018	5831	5837	6
3019	5837	5843	6
3020	5843	5849	6
3021	5849	5855	6
3022	5855	5861	6
3023	5861	5867	6
3024	5867	5873	6
3025	5873	5879	6
3026	5879	5885	6
3027	5885	5891	6
3028	5891	5897	6
3029	5897	5903	6
3030	5903	5909	6
3031	5909	5915	6
3032	5915	5921	6
3033	5921	5927	6
3034	5927	5933	6
3035	5933	5939	6
3036	5939	5945	6
3037	5945	5951	6
3038	5951	5957	6
3039	5957	5963	6
3040	5963	5969	6
3041	5969	5975	6
3042	5975	5981	6
3043	5981	5987	6
3044	5987	5993	6
3045	5993	5999	6
3046	5999	6005	6
3047	6005	6011	6
3048	6011	6017	6
3049	6017	6023	6
3050	6023	6029	6
3051	6029	6035	6
3052	6035	6041	6
3053	6041	6047	6
3054	6047	6053	6
3055	6053	6059	6
3056	6059	6065	6
3057	6065	6071	6
3058	6071	6077	6
3059	6077	6084	7
3060	6084	6091	7
3061	6091	6098	7
3062	6098	6105	7
3063	6105	6112	7
3064	6112	6119	7
3065	6119	6126	7
3066	6126	6133	7
3067	6133	6140	7
3068	6140	6147	7
3069	6147	6154	7
3070	6154	6161	7
3071	6161	6168	7
3072	6168	6175	7
3073	6175	6182	7
3074	6182	6189	7
3075	6189	6196	7
3076	6196	6203	7
3077	6203	6210	7
3078	6210	6217	7
3079	6217	6224	7
3080	6224	6231	7
3081	6231	6238	7
3082	6238	6245	7
3083	6245	6252	7
3084	6252	6259	7
3085	6259	6266	7
3086	6266	6273	7
3087	6273	6280	7
3088	6280	6287	7
3089	6287	6294	7
3090	6294	6301	7
3091	6301	6308	7
3092	6308	6315	7
3093	6315	6322	7
3094	6322	6329	7
3095	6329	6336	7
3096	6336	6343	7
3097	6343	6350	7
3098	6350	6357	7
3099	6357	6364	7
3100	6364	6371	7
3101	6371	6378	7
3102	6378	6385	7
3103	6385	6392	7
3104	6392	6399	7
3105	6399	6406	7
3106	6406	6413	7
3107	6413	6420	7
3108	6420	6427	7
3109	6427	6434	7
3110	6434	6441	7
3111	6441	6448	7
3112	6448	6455	7
3113	6455	6462	7
3114	6462	6469	7
3115	6469	6476	7
3116	6476	6483	7
3117	6483	6490	7
3118	6490	6497	7
3119	6497	6504	7
3120	6504	6511	7
3121	6511	6518	7
3122	6518	6525	7
3123	6525	6532	7
3124	6532	6539	7
3125	6539	6546	7
3126	6546	6554	8
3127	6554	6562	8
3128	6562	6570	8
3129	6570	6578	8
3130	6578	6586	8
3131	6586	6594	8
3132	6594	6602	8
3133	6602	6610	8
3134	6610	6618	8
3135	6618	6626	8
3136	6626	6634	8
3137	6634	6642	8
3138	6642	6650	8
3139	6650	6658	8
3140	6658	6666	8
3141	6666	6674	8
3142	6674	6682	8
3143	6682	6690	8
3144	6690	6698	8
3145	6698	6706	8
3146	6706	6714	8
3147	6714	6722	8
3148	6722	6730	8
3149	6730	6738	8
3150	6738	6746	8
3151	6746	6754	8
3152	6754	6762	8
3153	6762	6770	8
3154	6770	6778	8
3155	6778	6786	8
3156	6786	6794	8
3157	6794	6802	8
3158	6802	6810	8
3159	6810	6818	8
3160	6818	6826	8
3161	6826	6834	8
3162	6834	6842	8
3163	6842	6850	8
3164	6850	6858	8
3165	6858	6866	8
3166	6866	6874	8
3167	6874	6882	8
3168	6882	6890	8
3169	6890	6898	8
3170	6898	6906	8
3171	6906	6914	8
3172	6914	6922	8
3173	6922	6930	8
3174	6930	6938	8
3175	6938	6946	8
3176	6946	6954	8
3177	6954	6962	8
3178	6962	6970	8
3179	6970	6978	8
3180	6978	6986	8
3181	6986	6994	8
3182	6994	7002	8
3183	7002	7010	8
3184	7010	7018	8
3185	7018	7026	8
3186	7026	7034	8
3187	7034	7042	8
3188	7042	7050	8
3189	7050	7059	9
3190	7059	7068	9
3191	7068	7077	9
3192	7077	7086	9
3193	7086	7095	9
3194	7095	7104	9
3195	7104	7113	9
3196	7113	7122	9
3197	7122	7131	9
3198	7131	7140	9
3199	7140	7149	9
3200	7149	7158	9
3201	7158	7167	9
3202	7167	7176	9
3203	7176	7185	9
3204	7185	7194	9
3205	7194	7203	9
3206	7203	7212	9
3207	7212	7221	9
3208	7221	7230	9
3209	7230	7239	9
3210	7239	7248	9
3211	7248	7257	9
3212	7257	7266	9
3213	7266	7275	9
3214	7275	7284	9
3215	7284	7293	9
3216	7293	7302	9
3217	7302	7311	9
3218	7311	7320	9
3219	7320	7329	9
3220	7329	7338	9
3221	7338	7347	9
3222	7347	7356	9
3223	7356	7365	9
3224	7365	7374	9
3225	7374	7383	9
3226	7383	7392	9
3227	7392	7401	9
3228	7401	7410	9
3229	7410	7419	9
3230	7419	7428	9
3231	7428	7437	9
3232	7437	7446	9
3233	7446	7456	10
3234	7456	7466	10
3235	7466	7476	10
3236	7476	7486	10
3237	7486	7496	10
3238	7496	7506	10
3239	7506	7516	10
3240	7516	7526	10
3241	7526	7536	10
3242	7536	7546	10
3243	7546	7556	10
3244	7556	7566	10
3245	7566	7576	10
3246	7576	7586	10
3247	7586	7596	10
3248	7596	7606	10
3249	7606	7616	10
3250	7616	7626	10
3251	7626	7636	10
3252	7636	7646	10
3253	7646	7656	10
3254	7656	7666	10
3255	7666	7676	10
3256	7676	7686	10
3257	7686	7696	10
3258	7696	7706	10
3259	7706	7716	10
3260	7716	7726	10
3261	7726	7736	10
3262	7736	7746	10
3263	7746	7756	10
3264	7756	7766	10
3265	7766	7776	10
3266	7776	7786	10
3267	7786	7797	11
3268	7797	7808	11
3269	7808	7819	11
3270	7819	7830	11
3271	7830	7841	11
3272	7841	7852	11
3273	7852	7863	11
3274	7863	7874	11
3275	7874	7885	11
3276	7885	7896	11
3277	7896	7907	11
3278	7907	7918	11
3279	7918	7929	11
3280	7929	7940	11
3281	7940	7951	11
3282	7951	7962	11
3283	7962	7973	11
3284	7973	7984	11
3285	7984	7995	11
3286	7995	8006	11
3287	8006	8017	11
3288	8017	8028	11
3289	8028	8039	11
3290	8039	8050	11
3291	8050	8061	11
3292	8061	8072	11
3293	8072	8083	11
3294	8083	8094	11
3295	8094	8105	11
3296	8105	8116	11
3297	8116	8127	11
3298	8127	8138	11
3299	8138	8149	11
3300	8149	8161	12
3301	8161	8173	12
3302	8173	8185	12
3303	8185	8197	12
3304	8197	8209	12
3305	8209	8221	12
3306	8221	8233	12
3307	8233	8245	12
3308	8245	8257	12
3309	8257	8269	12
3310	8269	8281	12
3311	8281	8293	12
3312	8293	8305	12
3313	8305	8317	12
3314	8317	8329	12
3315	8329	8341	12
3316	8341	8353	12
3317	8353	8365	12
3318	8365	8377	12
3319	8377	8389	12
3320	8389	8401	12
3321	8401	8413	12
3322	8413	8425	12
3323	8425	8437	12
3324	8437	8449	12
3325	8449	8461	12
3326	8461	8473	12
3327	8473	8485	12
3328	8485	8497	12
3329	8497	8509	12
3330	8509	8521	12
3331	8521	8533	12
3332	8533	8545	12
3333	8545	8557	12
3334	8557	8569	12
3335	8569	8582	13
3336	8582	8595	13
3337	8595	8608	13
3338	8608	8621	13
3339	8621	8634	13
3340	8634	8647	13
3341	8647	8660	13
3342	8660	8673	13
3343	8673	8686	13
3344	8686	8699	13
3345	8699	8712	13
3346	8712	8725	13
3347	8725	8738	13
3348	8738	8751	13
3349	8751	8764	13
3350	8764	8777	13
3351	8777	8790	13
3352	8790	8803	13
3353	8803	8816	13
3354	8816	8829	13
3355	8829	8842	13
3356	8842	8855	13
3357	8855	8868	13
3358	8868	8881	13
3359	8881	8894	13
3360	8894	8907	13
3361	8907	8920	13
3362	8920	8934	14
3363	8934	8948	14
3364	8948	8962	14
3365	8962	8976	14
3366	8976	8990	14
3367	8990	9004	14
3368	9004	9018	14
3369	9018	9032	14
3370	9032	9046	14
3371	9046	9060	14
3372	9060	9074	14
3373	9074	9088	14
3374	9088	9102	14
3375	9102	9116	14
3376	9116	9130	14
3377	9130	9144	14
3378	9144	9158	14
3379	9158	9172	14
3380	9172	9186	14
3381	9186	9200	14
3382	9200	9214	14
3383	9214	9228	14
3384	9228	9242	14
3385	9242	9257	15
3386	9257	9272	15
3387	9272	9287	15
3388	9287	9302	15
3389	9302	9317	15
3390	9317	9332	15
3391	9332	9347	15
3392	9347	9362	15
3393	9362	9377	15
3394	9377	9392	15
3395	9392	9407	15
3396	9407	9422	15
3397	9422	9437	15
3398	9437	9452	15
3399	9452	9467	15
3400	9467	9482	15
3401	9482	9497	15
3402	9497	9512	15
3403	9512	9528	16
3404	9528	9544	16
3405	9544	9560	16
3406	9560	9576	16
3407	9576	9592	16
3408	9592	9608	16
3409	9608	9624	16
3410	9624	9640	16
3411	9640	9656	16
3412	9656	9672	16
3413	9672	9688	16
3414	9688	9704	16
3415	9704	9720	16
3416	9720	9736	16
3417	9736	9752	16
3418	9752	9768	16
3419	9768	9785	17
3420	9785	9802	17
3421	9802	9819	17
3422	9819	9836	17
3423	9836	9853	17
3424	9853	9870	17
3425	9870	9887	17
3426	9887	9904	17
3427	9904	9921	17
3428	9921	9938	17
3429	9938	9955	17
3430	9955	9972	17
3431	9972	9989	17
3432	9989	10007	18
3433	10007	10025	18
3434	10025	10043	18
3435	10043	10061	18
3436	10061	10079	18
3437	10079	10097	18
3438	10097	10115	18
3439	10115	10133	18
3440	10133	10151	18
3441	10151	10169	18
3442	10169	10187	18
3443	10187	10205	18
