#
#N Pointing	tstart	tend	Obs time
#		s
1	210	211	1
2	211	212	1
3	212	213	1
4	213	214	1
5	214	215	1
6	215	216	1
7	216	217	1
8	217	218	1
9	218	219	1
10	219	220	1
11	220	221	1
12	221	222	1
13	222	223	1
14	223	224	1
15	224	225	1
16	225	226	1
17	226	227	1
18	227	228	1
19	228	229	1
20	229	230	1
21	230	231	1
22	231	232	1
23	232	233	1
24	233	234	1
25	234	235	1
26	235	236	1
27	236	237	1
28	237	238	1
29	238	239	1
30	239	240	1
31	240	241	1
32	241	242	1
33	242	243	1
34	243	244	1
35	244	245	1
36	245	246	1
37	246	247	1
38	247	248	1
39	248	249	1
40	249	250	1
41	250	251	1
42	251	252	1
43	252	253	1
44	253	254	1
45	254	255	1
46	255	256	1
47	256	257	1
48	257	258	1
49	258	259	1
50	259	260	1
51	260	261	1
52	261	262	1
53	262	263	1
54	263	264	1
55	264	265	1
56	265	266	1
57	266	267	1
58	267	268	1
59	268	269	1
60	269	270	1
61	270	271	1
62	271	272	1
63	272	273	1
64	273	274	1
65	274	275	1
66	275	276	1
67	276	277	1
68	277	278	1
69	278	279	1
70	279	280	1
71	280	281	1
72	281	282	1
73	282	283	1
74	283	284	1
75	284	285	1
76	285	286	1
77	286	287	1
78	287	288	1
79	288	289	1
80	289	290	1
81	290	291	1
82	291	292	1
83	292	293	1
84	293	294	1
85	294	295	1
86	295	296	1
87	296	297	1
88	297	298	1
89	298	299	1
90	299	300	1
91	300	301	1
92	301	302	1
93	302	303	1
94	303	304	1
95	304	305	1
96	305	306	1
97	306	307	1
98	307	308	1
99	308	309	1
100	309	310	1
101	310	311	1
102	311	312	1
103	312	313	1
104	313	314	1
105	314	315	1
106	315	316	1
107	316	317	1
108	317	318	1
109	318	319	1
110	319	320	1
111	320	321	1
112	321	322	1
113	322	323	1
114	323	324	1
115	324	325	1
116	325	326	1
117	326	327	1
118	327	328	1
119	328	329	1
120	329	330	1
121	330	331	1
122	331	332	1
123	332	333	1
124	333	334	1
125	334	335	1
126	335	336	1
127	336	337	1
128	337	338	1
129	338	339	1
130	339	340	1
131	340	341	1
132	341	342	1
133	342	343	1
134	343	344	1
135	344	345	1
136	345	346	1
137	346	347	1
138	347	348	1
139	348	349	1
140	349	350	1
141	350	351	1
142	351	352	1
143	352	353	1
144	353	354	1
145	354	355	1
146	355	356	1
147	356	357	1
148	357	358	1
149	358	359	1
150	359	360	1
151	360	361	1
152	361	362	1
153	362	363	1
154	363	364	1
155	364	365	1
156	365	366	1
157	366	367	1
158	367	368	1
159	368	369	1
160	369	370	1
161	370	371	1
162	371	372	1
163	372	373	1
164	373	374	1
165	374	375	1
166	375	376	1
167	376	377	1
168	377	378	1
169	378	379	1
170	379	380	1
171	380	381	1
172	381	382	1
173	382	383	1
174	383	384	1
175	384	385	1
176	385	386	1
177	386	387	1
178	387	388	1
179	388	389	1
180	389	390	1
181	390	391	1
182	391	392	1
183	392	393	1
184	393	394	1
185	394	395	1
186	395	396	1
187	396	397	1
188	397	398	1
189	398	399	1
190	399	400	1
191	400	401	1
192	401	402	1
193	402	403	1
194	403	404	1
195	404	405	1
196	405	406	1
197	406	407	1
198	407	408	1
199	408	409	1
200	409	410	1
201	410	411	1
202	411	412	1
203	412	413	1
204	413	414	1
205	414	415	1
206	415	416	1
207	416	417	1
208	417	418	1
209	418	419	1
210	419	420	1
211	420	421	1
212	421	422	1
213	422	423	1
214	423	424	1
215	424	425	1
216	425	426	1
217	426	427	1
218	427	428	1
219	428	429	1
220	429	430	1
221	430	431	1
222	431	432	1
223	432	433	1
224	433	434	1
225	434	435	1
226	435	436	1
227	436	437	1
228	437	438	1
229	438	439	1
230	439	440	1
231	440	441	1
232	441	442	1
233	442	443	1
234	443	444	1
235	444	445	1
236	445	446	1
237	446	447	1
238	447	448	1
239	448	449	1
240	449	450	1
241	450	451	1
242	451	452	1
243	452	453	1
244	453	454	1
245	454	455	1
246	455	456	1
247	456	457	1
248	457	458	1
249	458	459	1
250	459	460	1
251	460	461	1
252	461	462	1
253	462	463	1
254	463	464	1
255	464	465	1
256	465	466	1
257	466	467	1
258	467	468	1
259	468	469	1
260	469	470	1
261	470	471	1
262	471	472	1
263	472	473	1
264	473	474	1
265	474	475	1
266	475	476	1
267	476	477	1
268	477	478	1
269	478	479	1
270	479	480	1
271	480	481	1
272	481	482	1
273	482	483	1
274	483	484	1
275	484	485	1
276	485	486	1
277	486	487	1
278	487	488	1
279	488	489	1
280	489	490	1
281	490	491	1
282	491	492	1
283	492	493	1
284	493	494	1
285	494	495	1
286	495	496	1
287	496	497	1
288	497	498	1
289	498	499	1
290	499	500	1
291	500	501	1
292	501	502	1
293	502	503	1
294	503	504	1
295	504	505	1
296	505	506	1
297	506	507	1
298	507	508	1
299	508	509	1
300	509	510	1
301	510	511	1
302	511	512	1
303	512	513	1
304	513	514	1
305	514	515	1
306	515	516	1
307	516	517	1
308	517	518	1
309	518	519	1
310	519	520	1
311	520	521	1
312	521	522	1
313	522	523	1
314	523	524	1
315	524	525	1
316	525	526	1
317	526	527	1
318	527	528	1
319	528	529	1
320	529	530	1
321	530	531	1
322	531	532	1
323	532	533	1
324	533	534	1
325	534	535	1
326	535	536	1
327	536	537	1
328	537	538	1
329	538	539	1
330	539	540	1
331	540	541	1
332	541	542	1
333	542	543	1
334	543	544	1
335	544	545	1
336	545	546	1
337	546	547	1
338	547	548	1
339	548	549	1
340	549	550	1
341	550	551	1
342	551	552	1
343	552	553	1
344	553	554	1
345	554	555	1
346	555	556	1
347	556	557	1
348	557	558	1
349	558	559	1
350	559	560	1
351	560	561	1
352	561	562	1
353	562	563	1
354	563	564	1
355	564	565	1
356	565	566	1
357	566	567	1
358	567	568	1
359	568	569	1
360	569	570	1
361	570	571	1
362	571	572	1
363	572	573	1
364	573	574	1
365	574	575	1
366	575	576	1
367	576	577	1
368	577	578	1
369	578	579	1
370	579	580	1
371	580	581	1
372	581	582	1
373	582	583	1
374	583	584	1
375	584	585	1
376	585	586	1
377	586	587	1
378	587	588	1
379	588	589	1
380	589	590	1
381	590	591	1
382	591	592	1
383	592	593	1
384	593	594	1
385	594	595	1
386	595	596	1
387	596	597	1
388	597	598	1
389	598	599	1
390	599	600	1
391	600	601	1
392	601	602	1
393	602	603	1
394	603	604	1
395	604	605	1
396	605	606	1
397	606	607	1
398	607	608	1
399	608	609	1
400	609	610	1
401	610	611	1
402	611	612	1
403	612	613	1
404	613	614	1
405	614	615	1
406	615	616	1
407	616	617	1
408	617	618	1
409	618	619	1
410	619	620	1
411	620	621	1
412	621	622	1
413	622	623	1
414	623	624	1
415	624	625	1
416	625	626	1
417	626	627	1
418	627	628	1
419	628	629	1
420	629	630	1
421	630	631	1
422	631	632	1
423	632	633	1
424	633	634	1
425	634	635	1
426	635	636	1
427	636	637	1
428	637	638	1
429	638	639	1
430	639	640	1
431	640	641	1
432	641	642	1
433	642	643	1
434	643	644	1
435	644	645	1
436	645	646	1
437	646	647	1
438	647	648	1
439	648	649	1
440	649	650	1
441	650	651	1
442	651	652	1
443	652	653	1
444	653	654	1
445	654	655	1
446	655	656	1
447	656	657	1
448	657	658	1
449	658	659	1
450	659	660	1
451	660	661	1
452	661	662	1
453	662	663	1
454	663	664	1
455	664	665	1
456	665	666	1
457	666	667	1
458	667	668	1
459	668	669	1
460	669	670	1
461	670	671	1
462	671	672	1
463	672	673	1
464	673	674	1
465	674	675	1
466	675	676	1
467	676	677	1
468	677	678	1
469	678	679	1
470	679	680	1
471	680	681	1
472	681	682	1
473	682	683	1
474	683	684	1
475	684	685	1
476	685	686	1
477	686	687	1
478	687	688	1
479	688	689	1
480	689	690	1
481	690	691	1
482	691	692	1
483	692	693	1
484	693	694	1
485	694	695	1
486	695	696	1
487	696	697	1
488	697	698	1
489	698	699	1
490	699	700	1
491	700	701	1
492	701	702	1
493	702	703	1
494	703	704	1
495	704	705	1
496	705	706	1
497	706	707	1
498	707	708	1
499	708	709	1
500	709	710	1
501	710	711	1
502	711	712	1
503	712	713	1
504	713	714	1
505	714	715	1
506	715	716	1
507	716	717	1
508	717	718	1
509	718	719	1
510	719	720	1
511	720	721	1
512	721	722	1
513	722	723	1
514	723	724	1
515	724	725	1
516	725	726	1
517	726	727	1
518	727	728	1
519	728	729	1
520	729	730	1
521	730	731	1
522	731	732	1
523	732	733	1
524	733	734	1
525	734	735	1
526	735	736	1
527	736	737	1
528	737	738	1
529	738	739	1
530	739	740	1
531	740	741	1
532	741	742	1
533	742	743	1
534	743	744	1
535	744	745	1
536	745	746	1
537	746	747	1
538	747	748	1
539	748	749	1
540	749	750	1
541	750	751	1
542	751	752	1
543	752	753	1
544	753	754	1
545	754	755	1
546	755	756	1
547	756	757	1
548	757	758	1
549	758	759	1
550	759	760	1
551	760	761	1
552	761	762	1
553	762	763	1
554	763	764	1
555	764	765	1
556	765	766	1
557	766	767	1
558	767	768	1
559	768	769	1
560	769	770	1
561	770	771	1
562	771	772	1
563	772	773	1
564	773	774	1
565	774	775	1
566	775	776	1
567	776	777	1
568	777	778	1
569	778	779	1
570	779	780	1
571	780	781	1
572	781	782	1
573	782	783	1
574	783	784	1
575	784	785	1
576	785	786	1
577	786	787	1
578	787	788	1
579	788	789	1
580	789	790	1
581	790	791	1
582	791	792	1
583	792	793	1
584	793	794	1
585	794	795	1
586	795	796	1
587	796	797	1
588	797	798	1
589	798	799	1
590	799	800	1
591	800	801	1
592	801	802	1
593	802	803	1
594	803	804	1
595	804	805	1
596	805	806	1
597	806	807	1
598	807	808	1
599	808	809	1
600	809	810	1
601	810	811	1
602	811	812	1
603	812	813	1
604	813	814	1
605	814	815	1
606	815	816	1
607	816	817	1
608	817	818	1
609	818	819	1
610	819	820	1
611	820	821	1
612	821	822	1
613	822	823	1
614	823	824	1
615	824	825	1
616	825	826	1
617	826	827	1
618	827	828	1
619	828	829	1
620	829	830	1
621	830	831	1
622	831	832	1
623	832	833	1
624	833	834	1
625	834	835	1
626	835	836	1
627	836	837	1
628	837	838	1
629	838	839	1
630	839	840	1
631	840	841	1
632	841	842	1
633	842	843	1
634	843	844	1
635	844	845	1
636	845	846	1
637	846	847	1
638	847	848	1
639	848	849	1
640	849	850	1
641	850	851	1
642	851	852	1
643	852	853	1
644	853	854	1
645	854	855	1
646	855	856	1
647	856	857	1
648	857	858	1
649	858	859	1
650	859	860	1
651	860	861	1
652	861	862	1
653	862	863	1
654	863	864	1
655	864	865	1
656	865	866	1
657	866	867	1
658	867	868	1
659	868	869	1
660	869	870	1
661	870	871	1
662	871	872	1
663	872	873	1
664	873	874	1
665	874	875	1
666	875	876	1
667	876	877	1
668	877	878	1
669	878	879	1
670	879	880	1
671	880	881	1
672	881	882	1
673	882	883	1
674	883	884	1
675	884	885	1
676	885	886	1
677	886	887	1
678	887	888	1
679	888	889	1
680	889	890	1
681	890	891	1
682	891	892	1
683	892	893	1
684	893	894	1
685	894	895	1
686	895	896	1
687	896	897	1
688	897	898	1
689	898	899	1
690	899	900	1
691	900	901	1
692	901	902	1
693	902	903	1
694	903	904	1
695	904	905	1
696	905	906	1
697	906	907	1
698	907	908	1
699	908	909	1
700	909	910	1
701	910	911	1
702	911	912	1
703	912	913	1
704	913	914	1
705	914	915	1
706	915	916	1
707	916	917	1
708	917	918	1
709	918	919	1
710	919	920	1
711	920	921	1
712	921	922	1
713	922	923	1
714	923	924	1
715	924	925	1
716	925	926	1
717	926	927	1
718	927	928	1
719	928	929	1
720	929	930	1
721	930	931	1
722	931	932	1
723	932	933	1
724	933	934	1
725	934	935	1
726	935	936	1
727	936	937	1
728	937	938	1
729	938	939	1
730	939	940	1
731	940	941	1
732	941	942	1
733	942	943	1
734	943	944	1
735	944	945	1
736	945	946	1
737	946	947	1
738	947	948	1
739	948	949	1
740	949	950	1
741	950	951	1
742	951	952	1
743	952	953	1
744	953	954	1
745	954	955	1
746	955	956	1
747	956	957	1
748	957	958	1
749	958	959	1
750	959	960	1
751	960	961	1
752	961	962	1
753	962	963	1
754	963	964	1
755	964	965	1
756	965	966	1
757	966	967	1
758	967	968	1
759	968	969	1
760	969	970	1
761	970	971	1
762	971	972	1
763	972	973	1
764	973	974	1
765	974	975	1
766	975	976	1
767	976	977	1
768	977	978	1
769	978	979	1
770	979	980	1
771	980	981	1
772	981	982	1
773	982	983	1
774	983	984	1
775	984	985	1
776	985	986	1
777	986	987	1
778	987	988	1
779	988	989	1
780	989	990	1
781	990	991	1
782	991	992	1
783	992	993	1
784	993	994	1
785	994	995	1
786	995	996	1
787	996	997	1
788	997	998	1
789	998	999	1
790	999	1000	1
791	1000	1001	1
792	1001	1002	1
793	1002	1003	1
794	1003	1004	1
795	1004	1005	1
796	1005	1006	1
797	1006	1007	1
798	1007	1008	1
799	1008	1009	1
800	1009	1010	1
801	1010	1011	1
802	1011	1012	1
803	1012	1013	1
804	1013	1014	1
805	1014	1015	1
806	1015	1016	1
807	1016	1017	1
808	1017	1018	1
809	1018	1019	1
810	1019	1020	1
811	1020	1021	1
812	1021	1022	1
813	1022	1023	1
814	1023	1024	1
815	1024	1025	1
816	1025	1026	1
817	1026	1027	1
818	1027	1028	1
819	1028	1029	1
820	1029	1030	1
821	1030	1031	1
822	1031	1032	1
823	1032	1033	1
824	1033	1034	1
825	1034	1035	1
826	1035	1036	1
827	1036	1037	1
828	1037	1038	1
829	1038	1039	1
830	1039	1040	1
831	1040	1041	1
832	1041	1042	1
833	1042	1043	1
834	1043	1044	1
835	1044	1045	1
836	1045	1046	1
837	1046	1047	1
838	1047	1048	1
839	1048	1049	1
840	1049	1050	1
841	1050	1051	1
842	1051	1052	1
843	1052	1053	1
844	1053	1054	1
845	1054	1055	1
846	1055	1056	1
847	1056	1057	1
848	1057	1058	1
849	1058	1059	1
850	1059	1060	1
851	1060	1061	1
852	1061	1062	1
853	1062	1063	1
854	1063	1064	1
855	1064	1065	1
856	1065	1066	1
857	1066	1067	1
858	1067	1068	1
859	1068	1069	1
860	1069	1070	1
861	1070	1071	1
862	1071	1072	1
863	1072	1073	1
864	1073	1074	1
865	1074	1075	1
866	1075	1076	1
867	1076	1077	1
868	1077	1078	1
869	1078	1079	1
870	1079	1080	1
871	1080	1081	1
872	1081	1082	1
873	1082	1083	1
874	1083	1084	1
875	1084	1085	1
876	1085	1086	1
877	1086	1087	1
878	1087	1088	1
879	1088	1089	1
880	1089	1090	1
881	1090	1091	1
882	1091	1092	1
883	1092	1093	1
884	1093	1094	1
885	1094	1095	1
886	1095	1096	1
887	1096	1097	1
888	1097	1098	1
889	1098	1099	1
890	1099	1100	1
891	1100	1101	1
892	1101	1102	1
893	1102	1103	1
894	1103	1104	1
895	1104	1105	1
896	1105	1106	1
897	1106	1107	1
898	1107	1108	1
899	1108	1109	1
900	1109	1110	1
901	1110	1111	1
902	1111	1112	1
903	1112	1113	1
904	1113	1114	1
905	1114	1115	1
906	1115	1116	1
907	1116	1117	1
908	1117	1118	1
909	1118	1119	1
910	1119	1120	1
911	1120	1121	1
912	1121	1122	1
913	1122	1123	1
914	1123	1124	1
915	1124	1125	1
916	1125	1126	1
917	1126	1127	1
918	1127	1128	1
919	1128	1129	1
920	1129	1130	1
921	1130	1131	1
922	1131	1132	1
923	1132	1133	1
924	1133	1134	1
925	1134	1135	1
926	1135	1136	1
927	1136	1137	1
928	1137	1138	1
929	1138	1139	1
930	1139	1140	1
931	1140	1141	1
932	1141	1142	1
933	1142	1143	1
934	1143	1144	1
935	1144	1145	1
936	1145	1146	1
937	1146	1147	1
938	1147	1148	1
939	1148	1149	1
940	1149	1150	1
941	1150	1151	1
942	1151	1152	1
943	1152	1153	1
944	1153	1154	1
945	1154	1155	1
946	1155	1156	1
947	1156	1157	1
948	1157	1158	1
949	1158	1159	1
950	1159	1160	1
951	1160	1161	1
952	1161	1162	1
953	1162	1163	1
954	1163	1164	1
955	1164	1165	1
956	1165	1166	1
957	1166	1167	1
958	1167	1168	1
959	1168	1169	1
960	1169	1170	1
961	1170	1171	1
962	1171	1172	1
963	1172	1173	1
964	1173	1174	1
965	1174	1175	1
966	1175	1176	1
967	1176	1177	1
968	1177	1178	1
969	1178	1179	1
970	1179	1180	1
971	1180	1181	1
972	1181	1182	1
973	1182	1183	1
974	1183	1184	1
975	1184	1185	1
976	1185	1186	1
977	1186	1187	1
978	1187	1188	1
979	1188	1189	1
980	1189	1190	1
981	1190	1191	1
982	1191	1192	1
983	1192	1193	1
984	1193	1194	1
985	1194	1195	1
986	1195	1196	1
987	1196	1197	1
988	1197	1198	1
989	1198	1199	1
990	1199	1200	1
991	1200	1201	1
992	1201	1202	1
993	1202	1203	1
994	1203	1204	1
995	1204	1205	1
996	1205	1206	1
997	1206	1207	1
998	1207	1208	1
999	1208	1209	1
1000	1209	1210	1
1001	1210	1211	1
1002	1211	1212	1
1003	1212	1213	1
1004	1213	1214	1
1005	1214	1215	1
1006	1215	1216	1
1007	1216	1217	1
1008	1217	1218	1
1009	1218	1219	1
1010	1219	1220	1
1011	1220	1221	1
1012	1221	1222	1
1013	1222	1223	1
1014	1223	1224	1
1015	1224	1225	1
1016	1225	1226	1
1017	1226	1227	1
1018	1227	1228	1
1019	1228	1229	1
1020	1229	1230	1
1021	1230	1231	1
1022	1231	1232	1
1023	1232	1233	1
1024	1233	1234	1
1025	1234	1235	1
1026	1235	1236	1
1027	1236	1237	1
1028	1237	1238	1
1029	1238	1239	1
1030	1239	1240	1
1031	1240	1241	1
1032	1241	1242	1
1033	1242	1243	1
1034	1243	1244	1
1035	1244	1245	1
1036	1245	1246	1
1037	1246	1247	1
1038	1247	1248	1
1039	1248	1249	1
1040	1249	1250	1
1041	1250	1251	1
1042	1251	1252	1
1043	1252	1253	1
1044	1253	1254	1
1045	1254	1255	1
1046	1255	1256	1
1047	1256	1257	1
1048	1257	1258	1
1049	1258	1259	1
1050	1259	1260	1
1051	1260	1261	1
1052	1261	1262	1
1053	1262	1263	1
1054	1263	1264	1
1055	1264	1265	1
1056	1265	1266	1
1057	1266	1267	1
1058	1267	1268	1
1059	1268	1269	1
1060	1269	1270	1
1061	1270	1271	1
1062	1271	1272	1
1063	1272	1273	1
1064	1273	1274	1
1065	1274	1275	1
1066	1275	1276	1
1067	1276	1277	1
1068	1277	1278	1
1069	1278	1279	1
1070	1279	1280	1
1071	1280	1281	1
1072	1281	1282	1
1073	1282	1283	1
1074	1283	1284	1
1075	1284	1285	1
1076	1285	1286	1
1077	1286	1287	1
1078	1287	1288	1
1079	1288	1289	1
1080	1289	1290	1
1081	1290	1291	1
1082	1291	1292	1
1083	1292	1293	1
1084	1293	1294	1
1085	1294	1295	1
1086	1295	1296	1
1087	1296	1297	1
1088	1297	1298	1
1089	1298	1299	1
1090	1299	1300	1
1091	1300	1301	1
1092	1301	1302	1
1093	1302	1303	1
1094	1303	1304	1
1095	1304	1305	1
1096	1305	1306	1
1097	1306	1307	1
1098	1307	1308	1
1099	1308	1309	1
1100	1309	1310	1
1101	1310	1311	1
1102	1311	1312	1
1103	1312	1313	1
1104	1313	1314	1
1105	1314	1315	1
1106	1315	1316	1
1107	1316	1317	1
1108	1317	1318	1
1109	1318	1319	1
1110	1319	1320	1
1111	1320	1321	1
1112	1321	1322	1
1113	1322	1323	1
1114	1323	1324	1
1115	1324	1325	1
1116	1325	1326	1
1117	1326	1327	1
1118	1327	1328	1
1119	1328	1329	1
1120	1329	1330	1
1121	1330	1331	1
1122	1331	1332	1
1123	1332	1333	1
1124	1333	1334	1
1125	1334	1335	1
1126	1335	1336	1
1127	1336	1337	1
1128	1337	1338	1
1129	1338	1339	1
1130	1339	1340	1
1131	1340	1341	1
1132	1341	1342	1
1133	1342	1343	1
1134	1343	1344	1
1135	1344	1345	1
1136	1345	1346	1
1137	1346	1347	1
1138	1347	1348	1
1139	1348	1349	1
1140	1349	1350	1
1141	1350	1351	1
1142	1351	1352	1
1143	1352	1353	1
1144	1353	1354	1
1145	1354	1355	1
1146	1355	1356	1
1147	1356	1357	1
1148	1357	1358	1
1149	1358	1359	1
1150	1359	1360	1
1151	1360	1361	1
1152	1361	1362	1
1153	1362	1363	1
1154	1363	1364	1
1155	1364	1365	1
1156	1365	1366	1
1157	1366	1367	1
1158	1367	1368	1
1159	1368	1369	1
1160	1369	1370	1
1161	1370	1371	1
1162	1371	1372	1
1163	1372	1373	1
1164	1373	1374	1
1165	1374	1375	1
1166	1375	1376	1
1167	1376	1377	1
1168	1377	1378	1
1169	1378	1379	1
1170	1379	1380	1
1171	1380	1381	1
1172	1381	1382	1
1173	1382	1383	1
1174	1383	1384	1
1175	1384	1385	1
1176	1385	1386	1
1177	1386	1387	1
1178	1387	1388	1
1179	1388	1389	1
1180	1389	1390	1
1181	1390	1391	1
1182	1391	1392	1
1183	1392	1393	1
1184	1393	1394	1
1185	1394	1395	1
1186	1395	1396	1
1187	1396	1397	1
1188	1397	1398	1
1189	1398	1399	1
1190	1399	1400	1
1191	1400	1401	1
1192	1401	1402	1
1193	1402	1403	1
1194	1403	1404	1
1195	1404	1405	1
1196	1405	1406	1
1197	1406	1407	1
1198	1407	1408	1
1199	1408	1409	1
1200	1409	1410	1
1201	1410	1411	1
1202	1411	1412	1
1203	1412	1413	1
1204	1413	1414	1
1205	1414	1415	1
1206	1415	1416	1
1207	1416	1417	1
1208	1417	1418	1
1209	1418	1419	1
1210	1419	1420	1
1211	1420	1421	1
1212	1421	1422	1
1213	1422	1423	1
1214	1423	1424	1
1215	1424	1425	1
1216	1425	1426	1
1217	1426	1427	1
1218	1427	1428	1
1219	1428	1429	1
1220	1429	1430	1
1221	1430	1431	1
1222	1431	1432	1
1223	1432	1433	1
1224	1433	1434	1
1225	1434	1435	1
1226	1435	1436	1
1227	1436	1437	1
1228	1437	1438	1
1229	1438	1439	1
1230	1439	1440	1
1231	1440	1441	1
1232	1441	1442	1
1233	1442	1443	1
1234	1443	1444	1
1235	1444	1445	1
1236	1445	1446	1
1237	1446	1447	1
1238	1447	1448	1
1239	1448	1449	1
1240	1449	1450	1
1241	1450	1451	1
1242	1451	1452	1
1243	1452	1453	1
1244	1453	1454	1
1245	1454	1455	1
1246	1455	1456	1
1247	1456	1457	1
1248	1457	1458	1
1249	1458	1459	1
1250	1459	1460	1
1251	1460	1461	1
1252	1461	1462	1
1253	1462	1463	1
1254	1463	1464	1
1255	1464	1465	1
1256	1465	1466	1
1257	1466	1467	1
1258	1467	1468	1
1259	1468	1469	1
1260	1469	1470	1
1261	1470	1471	1
1262	1471	1472	1
1263	1472	1473	1
1264	1473	1474	1
1265	1474	1475	1
1266	1475	1476	1
1267	1476	1477	1
1268	1477	1478	1
1269	1478	1479	1
1270	1479	1480	1
1271	1480	1481	1
1272	1481	1482	1
1273	1482	1483	1
1274	1483	1484	1
1275	1484	1485	1
1276	1485	1486	1
1277	1486	1487	1
1278	1487	1488	1
1279	1488	1489	1
1280	1489	1490	1
1281	1490	1491	1
1282	1491	1492	1
1283	1492	1493	1
1284	1493	1494	1
1285	1494	1495	1
1286	1495	1496	1
1287	1496	1497	1
1288	1497	1498	1
1289	1498	1499	1
1290	1499	1500	1
1291	1500	1501	1
1292	1501	1502	1
1293	1502	1503	1
1294	1503	1504	1
1295	1504	1505	1
1296	1505	1506	1
1297	1506	1507	1
1298	1507	1508	1
1299	1508	1509	1
1300	1509	1510	1
1301	1510	1511	1
1302	1511	1512	1
1303	1512	1513	1
1304	1513	1514	1
1305	1514	1515	1
1306	1515	1516	1
1307	1516	1517	1
1308	1517	1518	1
1309	1518	1519	1
1310	1519	1520	1
1311	1520	1521	1
1312	1521	1522	1
1313	1522	1523	1
1314	1523	1524	1
1315	1524	1525	1
1316	1525	1526	1
1317	1526	1527	1
1318	1527	1528	1
1319	1528	1529	1
1320	1529	1530	1
1321	1530	1531	1
1322	1531	1532	1
1323	1532	1533	1
1324	1533	1534	1
1325	1534	1535	1
1326	1535	1536	1
1327	1536	1537	1
1328	1537	1538	1
1329	1538	1539	1
1330	1539	1540	1
1331	1540	1541	1
1332	1541	1542	1
1333	1542	1543	1
1334	1543	1544	1
1335	1544	1545	1
1336	1545	1546	1
1337	1546	1547	1
1338	1547	1548	1
1339	1548	1549	1
1340	1549	1550	1
1341	1550	1551	1
1342	1551	1552	1
1343	1552	1553	1
1344	1553	1554	1
1345	1554	1555	1
1346	1555	1556	1
1347	1556	1557	1
1348	1557	1558	1
1349	1558	1559	1
1350	1559	1560	1
1351	1560	1561	1
1352	1561	1562	1
1353	1562	1563	1
1354	1563	1564	1
1355	1564	1565	1
1356	1565	1566	1
1357	1566	1567	1
1358	1567	1568	1
1359	1568	1569	1
1360	1569	1570	1
1361	1570	1571	1
1362	1571	1572	1
1363	1572	1573	1
1364	1573	1574	1
1365	1574	1575	1
1366	1575	1576	1
1367	1576	1577	1
1368	1577	1578	1
1369	1578	1579	1
1370	1579	1580	1
1371	1580	1581	1
1372	1581	1582	1
1373	1582	1583	1
1374	1583	1584	1
1375	1584	1585	1
1376	1585	1586	1
1377	1586	1587	1
1378	1587	1588	1
1379	1588	1589	1
1380	1589	1590	1
1381	1590	1591	1
1382	1591	1592	1
1383	1592	1593	1
1384	1593	1594	1
1385	1594	1595	1
1386	1595	1596	1
1387	1596	1597	1
1388	1597	1598	1
1389	1598	1599	1
1390	1599	1600	1
1391	1600	1601	1
1392	1601	1602	1
1393	1602	1603	1
1394	1603	1604	1
1395	1604	1605	1
1396	1605	1606	1
1397	1606	1607	1
1398	1607	1608	1
1399	1608	1609	1
1400	1609	1610	1
1401	1610	1611	1
1402	1611	1612	1
1403	1612	1613	1
1404	1613	1614	1
1405	1614	1615	1
1406	1615	1616	1
1407	1616	1617	1
1408	1617	1618	1
1409	1618	1619	1
1410	1619	1620	1
1411	1620	1621	1
1412	1621	1622	1
1413	1622	1623	1
1414	1623	1624	1
1415	1624	1625	1
1416	1625	1626	1
1417	1626	1627	1
1418	1627	1628	1
1419	1628	1629	1
1420	1629	1630	1
1421	1630	1631	1
1422	1631	1632	1
1423	1632	1633	1
1424	1633	1634	1
1425	1634	1635	1
1426	1635	1636	1
1427	1636	1637	1
1428	1637	1638	1
1429	1638	1639	1
1430	1639	1640	1
1431	1640	1641	1
1432	1641	1642	1
1433	1642	1643	1
1434	1643	1644	1
1435	1644	1645	1
1436	1645	1646	1
1437	1646	1647	1
1438	1647	1648	1
1439	1648	1649	1
1440	1649	1650	1
1441	1650	1651	1
1442	1651	1652	1
1443	1652	1653	1
1444	1653	1654	1
1445	1654	1655	1
1446	1655	1656	1
1447	1656	1657	1
1448	1657	1658	1
1449	1658	1659	1
1450	1659	1660	1
1451	1660	1661	1
1452	1661	1662	1
1453	1662	1663	1
1454	1663	1664	1
1455	1664	1665	1
1456	1665	1666	1
1457	1666	1667	1
1458	1667	1668	1
1459	1668	1669	1
1460	1669	1670	1
1461	1670	1671	1
1462	1671	1672	1
1463	1672	1673	1
1464	1673	1674	1
1465	1674	1675	1
1466	1675	1676	1
1467	1676	1677	1
1468	1677	1678	1
1469	1678	1679	1
1470	1679	1680	1
1471	1680	1681	1
1472	1681	1682	1
1473	1682	1683	1
1474	1683	1684	1
1475	1684	1685	1
1476	1685	1686	1
1477	1686	1687	1
1478	1687	1688	1
1479	1688	1689	1
1480	1689	1690	1
1481	1690	1691	1
1482	1691	1692	1
1483	1692	1693	1
1484	1693	1694	1
1485	1694	1695	1
1486	1695	1696	1
1487	1696	1697	1
1488	1697	1698	1
1489	1698	1699	1
1490	1699	1700	1
1491	1700	1701	1
1492	1701	1702	1
1493	1702	1703	1
1494	1703	1704	1
1495	1704	1705	1
1496	1705	1706	1
1497	1706	1707	1
1498	1707	1708	1
1499	1708	1709	1
1500	1709	1710	1
1501	1710	1711	1
1502	1711	1712	1
1503	1712	1713	1
1504	1713	1714	1
1505	1714	1715	1
1506	1715	1716	1
1507	1716	1717	1
1508	1717	1718	1
1509	1718	1719	1
1510	1719	1720	1
1511	1720	1721	1
1512	1721	1722	1
1513	1722	1723	1
1514	1723	1724	1
1515	1724	1725	1
1516	1725	1726	1
1517	1726	1727	1
1518	1727	1728	1
1519	1728	1729	1
1520	1729	1730	1
1521	1730	1731	1
1522	1731	1732	1
1523	1732	1733	1
1524	1733	1734	1
1525	1734	1735	1
1526	1735	1736	1
1527	1736	1737	1
1528	1737	1738	1
1529	1738	1739	1
1530	1739	1740	1
1531	1740	1741	1
1532	1741	1742	1
1533	1742	1743	1
1534	1743	1744	1
1535	1744	1745	1
1536	1745	1746	1
1537	1746	1747	1
1538	1747	1748	1
1539	1748	1749	1
1540	1749	1750	1
1541	1750	1751	1
1542	1751	1752	1
1543	1752	1753	1
1544	1753	1754	1
1545	1754	1755	1
1546	1755	1756	1
1547	1756	1757	1
1548	1757	1758	1
1549	1758	1759	1
1550	1759	1760	1
1551	1760	1761	1
1552	1761	1762	1
1553	1762	1763	1
1554	1763	1764	1
1555	1764	1765	1
1556	1765	1766	1
1557	1766	1767	1
1558	1767	1768	1
1559	1768	1769	1
1560	1769	1770	1
1561	1770	1771	1
1562	1771	1772	1
1563	1772	1773	1
1564	1773	1774	1
1565	1774	1775	1
1566	1775	1776	1
1567	1776	1777	1
1568	1777	1778	1
1569	1778	1779	1
1570	1779	1780	1
1571	1780	1781	1
1572	1781	1782	1
1573	1782	1783	1
1574	1783	1784	1
1575	1784	1785	1
1576	1785	1786	1
1577	1786	1787	1
1578	1787	1788	1
1579	1788	1789	1
1580	1789	1790	1
1581	1790	1791	1
1582	1791	1792	1
1583	1792	1793	1
1584	1793	1794	1
1585	1794	1795	1
1586	1795	1796	1
1587	1796	1797	1
1588	1797	1798	1
1589	1798	1799	1
1590	1799	1800	1
1591	1800	1801	1
1592	1801	1802	1
1593	1802	1803	1
1594	1803	1804	1
1595	1804	1805	1
1596	1805	1806	1
1597	1806	1807	1
1598	1807	1808	1
1599	1808	1809	1
1600	1809	1810	1
1601	1810	1811	1
1602	1811	1812	1
1603	1812	1813	1
1604	1813	1814	1
1605	1814	1815	1
1606	1815	1816	1
1607	1816	1817	1
1608	1817	1818	1
1609	1818	1819	1
1610	1819	1820	1
1611	1820	1821	1
1612	1821	1822	1
1613	1822	1823	1
1614	1823	1824	1
1615	1824	1825	1
1616	1825	1826	1
1617	1826	1827	1
1618	1827	1828	1
1619	1828	1829	1
1620	1829	1830	1
1621	1830	1831	1
1622	1831	1832	1
1623	1832	1833	1
1624	1833	1834	1
1625	1834	1835	1
1626	1835	1836	1
1627	1836	1837	1
1628	1837	1838	1
1629	1838	1839	1
1630	1839	1840	1
1631	1840	1841	1
1632	1841	1842	1
1633	1842	1843	1
1634	1843	1844	1
1635	1844	1845	1
1636	1845	1846	1
1637	1846	1847	1
1638	1847	1848	1
1639	1848	1849	1
1640	1849	1850	1
1641	1850	1851	1
1642	1851	1852	1
1643	1852	1853	1
1644	1853	1854	1
1645	1854	1855	1
1646	1855	1856	1
1647	1856	1857	1
1648	1857	1858	1
1649	1858	1859	1
1650	1859	1860	1
1651	1860	1861	1
1652	1861	1862	1
1653	1862	1863	1
1654	1863	1864	1
1655	1864	1865	1
1656	1865	1866	1
1657	1866	1867	1
1658	1867	1868	1
1659	1868	1869	1
1660	1869	1870	1
1661	1870	1871	1
1662	1871	1872	1
1663	1872	1873	1
1664	1873	1874	1
1665	1874	1875	1
1666	1875	1876	1
1667	1876	1877	1
1668	1877	1878	1
1669	1878	1879	1
1670	1879	1880	1
1671	1880	1881	1
1672	1881	1882	1
1673	1882	1883	1
1674	1883	1884	1
1675	1884	1885	1
1676	1885	1886	1
1677	1886	1887	1
1678	1887	1888	1
1679	1888	1889	1
1680	1889	1890	1
1681	1890	1891	1
1682	1891	1892	1
1683	1892	1893	1
1684	1893	1894	1
1685	1894	1895	1
1686	1895	1896	1
1687	1896	1897	1
1688	1897	1898	1
1689	1898	1899	1
1690	1899	1900	1
1691	1900	1901	1
1692	1901	1902	1
1693	1902	1903	1
1694	1903	1904	1
1695	1904	1905	1
1696	1905	1906	1
1697	1906	1907	1
1698	1907	1908	1
1699	1908	1909	1
1700	1909	1910	1
1701	1910	1911	1
1702	1911	1912	1
1703	1912	1913	1
1704	1913	1914	1
1705	1914	1915	1
1706	1915	1916	1
1707	1916	1917	1
1708	1917	1918	1
1709	1918	1919	1
1710	1919	1920	1
1711	1920	1921	1
1712	1921	1922	1
1713	1922	1923	1
1714	1923	1924	1
1715	1924	1925	1
1716	1925	1926	1
1717	1926	1927	1
1718	1927	1928	1
1719	1928	1929	1
1720	1929	1930	1
1721	1930	1931	1
1722	1931	1932	1
1723	1932	1933	1
1724	1933	1934	1
1725	1934	1935	1
1726	1935	1936	1
1727	1936	1937	1
1728	1937	1938	1
1729	1938	1939	1
1730	1939	1940	1
1731	1940	1941	1
1732	1941	1942	1
1733	1942	1943	1
1734	1943	1944	1
1735	1944	1945	1
1736	1945	1946	1
1737	1946	1947	1
1738	1947	1948	1
1739	1948	1949	1
1740	1949	1950	1
1741	1950	1951	1
1742	1951	1952	1
1743	1952	1953	1
1744	1953	1954	1
1745	1954	1955	1
1746	1955	1956	1
1747	1956	1957	1
1748	1957	1958	1
1749	1958	1959	1
1750	1959	1960	1
1751	1960	1961	1
1752	1961	1962	1
1753	1962	1963	1
1754	1963	1964	1
1755	1964	1965	1
1756	1965	1966	1
1757	1966	1967	1
1758	1967	1968	1
1759	1968	1969	1
1760	1969	1970	1
1761	1970	1971	1
1762	1971	1972	1
1763	1972	1973	1
1764	1973	1974	1
1765	1974	1975	1
1766	1975	1976	1
1767	1976	1977	1
1768	1977	1978	1
1769	1978	1979	1
1770	1979	1980	1
1771	1980	1981	1
1772	1981	1982	1
1773	1982	1983	1
1774	1983	1984	1
1775	1984	1985	1
1776	1985	1986	1
1777	1986	1987	1
1778	1987	1988	1
1779	1988	1989	1
1780	1989	1990	1
1781	1990	1991	1
1782	1991	1992	1
1783	1992	1993	1
1784	1993	1994	1
1785	1994	1995	1
1786	1995	1996	1
1787	1996	1997	1
1788	1997	1998	1
1789	1998	1999	1
1790	1999	2000	1
1791	2000	2001	1
1792	2001	2002	1
1793	2002	2003	1
1794	2003	2004	1
1795	2004	2005	1
1796	2005	2006	1
1797	2006	2007	1
1798	2007	2008	1
1799	2008	2009	1
1800	2009	2010	1
1801	2010	2011	1
1802	2011	2012	1
1803	2012	2013	1
1804	2013	2014	1
1805	2014	2015	1
1806	2015	2016	1
1807	2016	2017	1
1808	2017	2018	1
1809	2018	2019	1
1810	2019	2020	1
1811	2020	2021	1
1812	2021	2022	1
1813	2022	2023	1
1814	2023	2025	2
1815	2025	2027	2
1816	2027	2029	2
1817	2029	2031	2
1818	2031	2033	2
1819	2033	2035	2
1820	2035	2037	2
1821	2037	2039	2
1822	2039	2041	2
1823	2041	2043	2
1824	2043	2045	2
1825	2045	2047	2
1826	2047	2049	2
1827	2049	2051	2
1828	2051	2053	2
1829	2053	2055	2
1830	2055	2057	2
1831	2057	2059	2
1832	2059	2061	2
1833	2061	2063	2
1834	2063	2065	2
1835	2065	2067	2
1836	2067	2069	2
1837	2069	2071	2
1838	2071	2073	2
1839	2073	2075	2
1840	2075	2077	2
1841	2077	2079	2
1842	2079	2081	2
1843	2081	2083	2
1844	2083	2085	2
1845	2085	2087	2
1846	2087	2089	2
1847	2089	2091	2
1848	2091	2093	2
1849	2093	2095	2
1850	2095	2097	2
1851	2097	2099	2
1852	2099	2101	2
1853	2101	2103	2
1854	2103	2105	2
1855	2105	2107	2
1856	2107	2109	2
1857	2109	2111	2
1858	2111	2113	2
1859	2113	2115	2
1860	2115	2117	2
1861	2117	2119	2
1862	2119	2121	2
1863	2121	2123	2
1864	2123	2125	2
1865	2125	2127	2
1866	2127	2129	2
1867	2129	2131	2
1868	2131	2133	2
1869	2133	2135	2
1870	2135	2137	2
1871	2137	2139	2
1872	2139	2141	2
1873	2141	2143	2
1874	2143	2145	2
1875	2145	2147	2
1876	2147	2149	2
1877	2149	2151	2
1878	2151	2153	2
1879	2153	2155	2
1880	2155	2157	2
1881	2157	2159	2
1882	2159	2161	2
1883	2161	2163	2
1884	2163	2165	2
1885	2165	2167	2
1886	2167	2169	2
1887	2169	2171	2
1888	2171	2173	2
1889	2173	2175	2
1890	2175	2177	2
1891	2177	2179	2
1892	2179	2181	2
1893	2181	2183	2
1894	2183	2185	2
1895	2185	2187	2
1896	2187	2189	2
1897	2189	2191	2
1898	2191	2193	2
1899	2193	2195	2
1900	2195	2197	2
1901	2197	2199	2
1902	2199	2201	2
1903	2201	2203	2
1904	2203	2205	2
1905	2205	2207	2
1906	2207	2209	2
1907	2209	2211	2
1908	2211	2213	2
1909	2213	2215	2
1910	2215	2217	2
1911	2217	2219	2
1912	2219	2221	2
1913	2221	2223	2
1914	2223	2225	2
1915	2225	2227	2
1916	2227	2229	2
1917	2229	2231	2
1918	2231	2233	2
1919	2233	2235	2
1920	2235	2237	2
1921	2237	2239	2
1922	2239	2241	2
1923	2241	2243	2
1924	2243	2245	2
1925	2245	2247	2
1926	2247	2249	2
1927	2249	2251	2
1928	2251	2253	2
1929	2253	2255	2
1930	2255	2257	2
1931	2257	2259	2
1932	2259	2261	2
1933	2261	2263	2
1934	2263	2265	2
1935	2265	2267	2
1936	2267	2269	2
1937	2269	2271	2
1938	2271	2273	2
1939	2273	2275	2
1940	2275	2277	2
1941	2277	2279	2
1942	2279	2281	2
1943	2281	2283	2
1944	2283	2285	2
1945	2285	2287	2
1946	2287	2289	2
1947	2289	2291	2
1948	2291	2293	2
1949	2293	2295	2
1950	2295	2297	2
1951	2297	2299	2
1952	2299	2301	2
1953	2301	2303	2
1954	2303	2305	2
1955	2305	2307	2
1956	2307	2309	2
1957	2309	2311	2
1958	2311	2313	2
1959	2313	2315	2
1960	2315	2317	2
1961	2317	2319	2
1962	2319	2321	2
1963	2321	2323	2
1964	2323	2325	2
1965	2325	2327	2
1966	2327	2329	2
1967	2329	2331	2
1968	2331	2333	2
1969	2333	2335	2
1970	2335	2337	2
1971	2337	2339	2
1972	2339	2341	2
1973	2341	2343	2
1974	2343	2345	2
1975	2345	2347	2
1976	2347	2349	2
1977	2349	2351	2
1978	2351	2353	2
1979	2353	2355	2
1980	2355	2357	2
1981	2357	2359	2
1982	2359	2361	2
1983	2361	2363	2
1984	2363	2365	2
1985	2365	2367	2
1986	2367	2369	2
1987	2369	2371	2
1988	2371	2373	2
1989	2373	2375	2
1990	2375	2377	2
1991	2377	2379	2
1992	2379	2381	2
1993	2381	2383	2
1994	2383	2385	2
1995	2385	2387	2
1996	2387	2389	2
1997	2389	2391	2
1998	2391	2393	2
1999	2393	2395	2
2000	2395	2397	2
2001	2397	2399	2
2002	2399	2401	2
2003	2401	2403	2
2004	2403	2405	2
2005	2405	2407	2
2006	2407	2409	2
2007	2409	2411	2
2008	2411	2413	2
2009	2413	2415	2
2010	2415	2417	2
2011	2417	2419	2
2012	2419	2421	2
2013	2421	2423	2
2014	2423	2425	2
2015	2425	2427	2
2016	2427	2429	2
2017	2429	2431	2
2018	2431	2433	2
2019	2433	2435	2
2020	2435	2437	2
2021	2437	2439	2
2022	2439	2441	2
2023	2441	2443	2
2024	2443	2445	2
2025	2445	2447	2
2026	2447	2449	2
2027	2449	2451	2
2028	2451	2453	2
2029	2453	2455	2
2030	2455	2457	2
2031	2457	2459	2
2032	2459	2461	2
2033	2461	2463	2
2034	2463	2465	2
2035	2465	2467	2
2036	2467	2469	2
2037	2469	2471	2
2038	2471	2473	2
2039	2473	2475	2
2040	2475	2477	2
2041	2477	2479	2
2042	2479	2481	2
2043	2481	2483	2
2044	2483	2485	2
2045	2485	2487	2
2046	2487	2489	2
2047	2489	2491	2
2048	2491	2493	2
2049	2493	2495	2
2050	2495	2497	2
2051	2497	2499	2
2052	2499	2501	2
2053	2501	2503	2
2054	2503	2505	2
2055	2505	2507	2
2056	2507	2509	2
2057	2509	2511	2
2058	2511	2513	2
2059	2513	2515	2
2060	2515	2517	2
2061	2517	2519	2
2062	2519	2521	2
2063	2521	2523	2
2064	2523	2525	2
2065	2525	2527	2
2066	2527	2529	2
2067	2529	2531	2
2068	2531	2533	2
2069	2533	2535	2
2070	2535	2537	2
2071	2537	2539	2
2072	2539	2541	2
2073	2541	2543	2
2074	2543	2545	2
2075	2545	2547	2
2076	2547	2549	2
2077	2549	2551	2
2078	2551	2553	2
2079	2553	2555	2
2080	2555	2557	2
2081	2557	2559	2
2082	2559	2561	2
2083	2561	2563	2
2084	2563	2565	2
2085	2565	2567	2
2086	2567	2569	2
2087	2569	2571	2
2088	2571	2573	2
2089	2573	2575	2
2090	2575	2577	2
2091	2577	2579	2
2092	2579	2581	2
2093	2581	2583	2
2094	2583	2585	2
2095	2585	2587	2
2096	2587	2589	2
2097	2589	2591	2
2098	2591	2593	2
2099	2593	2595	2
2100	2595	2597	2
2101	2597	2599	2
2102	2599	2601	2
2103	2601	2603	2
2104	2603	2605	2
2105	2605	2607	2
2106	2607	2609	2
2107	2609	2611	2
2108	2611	2613	2
2109	2613	2615	2
2110	2615	2617	2
2111	2617	2619	2
2112	2619	2621	2
2113	2621	2623	2
2114	2623	2625	2
2115	2625	2627	2
2116	2627	2629	2
2117	2629	2631	2
2118	2631	2633	2
2119	2633	2635	2
2120	2635	2637	2
2121	2637	2639	2
2122	2639	2641	2
2123	2641	2643	2
2124	2643	2645	2
2125	2645	2647	2
2126	2647	2649	2
2127	2649	2651	2
2128	2651	2653	2
2129	2653	2655	2
2130	2655	2657	2
2131	2657	2659	2
2132	2659	2661	2
2133	2661	2663	2
2134	2663	2665	2
2135	2665	2667	2
2136	2667	2669	2
2137	2669	2671	2
2138	2671	2673	2
2139	2673	2675	2
2140	2675	2677	2
2141	2677	2679	2
2142	2679	2681	2
2143	2681	2683	2
2144	2683	2685	2
2145	2685	2687	2
2146	2687	2689	2
2147	2689	2691	2
2148	2691	2693	2
2149	2693	2695	2
2150	2695	2697	2
2151	2697	2699	2
2152	2699	2701	2
2153	2701	2703	2
2154	2703	2705	2
2155	2705	2707	2
2156	2707	2709	2
2157	2709	2711	2
2158	2711	2713	2
2159	2713	2715	2
2160	2715	2717	2
2161	2717	2719	2
2162	2719	2721	2
2163	2721	2723	2
2164	2723	2725	2
2165	2725	2727	2
2166	2727	2729	2
2167	2729	2731	2
2168	2731	2733	2
2169	2733	2735	2
2170	2735	2737	2
2171	2737	2739	2
2172	2739	2741	2
2173	2741	2743	2
2174	2743	2745	2
2175	2745	2747	2
2176	2747	2749	2
2177	2749	2751	2
2178	2751	2753	2
2179	2753	2755	2
2180	2755	2757	2
2181	2757	2759	2
2182	2759	2761	2
2183	2761	2763	2
2184	2763	2765	2
2185	2765	2767	2
2186	2767	2769	2
2187	2769	2771	2
2188	2771	2773	2
2189	2773	2775	2
2190	2775	2777	2
2191	2777	2779	2
2192	2779	2781	2
2193	2781	2783	2
2194	2783	2785	2
2195	2785	2787	2
2196	2787	2789	2
2197	2789	2791	2
2198	2791	2793	2
2199	2793	2795	2
2200	2795	2797	2
2201	2797	2799	2
2202	2799	2801	2
2203	2801	2803	2
2204	2803	2805	2
2205	2805	2807	2
2206	2807	2809	2
2207	2809	2811	2
2208	2811	2813	2
2209	2813	2815	2
2210	2815	2817	2
2211	2817	2819	2
2212	2819	2821	2
2213	2821	2823	2
2214	2823	2825	2
2215	2825	2827	2
2216	2827	2829	2
2217	2829	2831	2
2218	2831	2833	2
2219	2833	2835	2
2220	2835	2837	2
2221	2837	2839	2
2222	2839	2841	2
2223	2841	2843	2
2224	2843	2845	2
2225	2845	2847	2
2226	2847	2849	2
2227	2849	2851	2
2228	2851	2853	2
2229	2853	2855	2
2230	2855	2858	3
2231	2858	2861	3
2232	2861	2864	3
2233	2864	2867	3
2234	2867	2870	3
2235	2870	2873	3
2236	2873	2876	3
2237	2876	2879	3
2238	2879	2882	3
2239	2882	2885	3
2240	2885	2888	3
2241	2888	2891	3
2242	2891	2894	3
2243	2894	2897	3
2244	2897	2900	3
2245	2900	2903	3
2246	2903	2906	3
2247	2906	2909	3
2248	2909	2912	3
2249	2912	2915	3
2250	2915	2918	3
2251	2918	2921	3
2252	2921	2924	3
2253	2924	2927	3
2254	2927	2930	3
2255	2930	2933	3
2256	2933	2936	3
2257	2936	2939	3
2258	2939	2942	3
2259	2942	2945	3
2260	2945	2948	3
2261	2948	2951	3
2262	2951	2954	3
2263	2954	2957	3
2264	2957	2960	3
2265	2960	2963	3
2266	2963	2966	3
2267	2966	2969	3
2268	2969	2972	3
2269	2972	2975	3
2270	2975	2978	3
2271	2978	2981	3
2272	2981	2984	3
2273	2984	2987	3
2274	2987	2990	3
2275	2990	2993	3
2276	2993	2996	3
2277	2996	2999	3
2278	2999	3002	3
2279	3002	3005	3
2280	3005	3008	3
2281	3008	3011	3
2282	3011	3014	3
2283	3014	3017	3
2284	3017	3020	3
2285	3020	3023	3
2286	3023	3026	3
2287	3026	3029	3
2288	3029	3032	3
2289	3032	3035	3
2290	3035	3038	3
2291	3038	3041	3
2292	3041	3044	3
2293	3044	3047	3
2294	3047	3050	3
2295	3050	3053	3
2296	3053	3056	3
2297	3056	3059	3
2298	3059	3062	3
2299	3062	3065	3
2300	3065	3068	3
2301	3068	3071	3
2302	3071	3074	3
2303	3074	3077	3
2304	3077	3080	3
2305	3080	3083	3
2306	3083	3086	3
2307	3086	3089	3
2308	3089	3092	3
2309	3092	3095	3
2310	3095	3098	3
2311	3098	3101	3
2312	3101	3104	3
2313	3104	3107	3
2314	3107	3110	3
2315	3110	3113	3
2316	3113	3116	3
2317	3116	3119	3
2318	3119	3122	3
2319	3122	3125	3
2320	3125	3128	3
2321	3128	3131	3
2322	3131	3134	3
2323	3134	3137	3
2324	3137	3140	3
2325	3140	3143	3
2326	3143	3146	3
2327	3146	3149	3
2328	3149	3152	3
2329	3152	3155	3
2330	3155	3158	3
2331	3158	3161	3
2332	3161	3164	3
2333	3164	3167	3
2334	3167	3170	3
2335	3170	3173	3
2336	3173	3176	3
2337	3176	3179	3
2338	3179	3182	3
2339	3182	3185	3
2340	3185	3188	3
2341	3188	3191	3
2342	3191	3194	3
2343	3194	3197	3
2344	3197	3200	3
2345	3200	3203	3
2346	3203	3206	3
2347	3206	3209	3
2348	3209	3212	3
2349	3212	3215	3
2350	3215	3218	3
2351	3218	3221	3
2352	3221	3224	3
2353	3224	3227	3
2354	3227	3230	3
2355	3230	3233	3
2356	3233	3236	3
2357	3236	3239	3
2358	3239	3242	3
2359	3242	3245	3
2360	3245	3248	3
2361	3248	3251	3
2362	3251	3254	3
2363	3254	3257	3
2364	3257	3260	3
2365	3260	3263	3
2366	3263	3266	3
2367	3266	3269	3
2368	3269	3272	3
2369	3272	3275	3
2370	3275	3278	3
2371	3278	3281	3
2372	3281	3284	3
2373	3284	3287	3
2374	3287	3290	3
2375	3290	3293	3
2376	3293	3296	3
2377	3296	3299	3
2378	3299	3302	3
2379	3302	3305	3
2380	3305	3308	3
2381	3308	3311	3
2382	3311	3314	3
2383	3314	3317	3
2384	3317	3320	3
2385	3320	3323	3
2386	3323	3326	3
2387	3326	3329	3
2388	3329	3332	3
2389	3332	3335	3
2390	3335	3338	3
2391	3338	3341	3
2392	3341	3344	3
2393	3344	3347	3
2394	3347	3350	3
2395	3350	3353	3
2396	3353	3356	3
2397	3356	3359	3
2398	3359	3362	3
2399	3362	3365	3
2400	3365	3368	3
2401	3368	3371	3
2402	3371	3374	3
2403	3374	3377	3
2404	3377	3380	3
2405	3380	3383	3
2406	3383	3386	3
2407	3386	3389	3
2408	3389	3392	3
2409	3392	3395	3
2410	3395	3398	3
2411	3398	3401	3
2412	3401	3404	3
2413	3404	3407	3
2414	3407	3410	3
2415	3410	3413	3
2416	3413	3416	3
2417	3416	3419	3
2418	3419	3422	3
2419	3422	3425	3
2420	3425	3428	3
2421	3428	3431	3
2422	3431	3434	3
2423	3434	3437	3
2424	3437	3440	3
2425	3440	3443	3
2426	3443	3446	3
2427	3446	3449	3
2428	3449	3452	3
2429	3452	3455	3
2430	3455	3458	3
2431	3458	3461	3
2432	3461	3465	4
2433	3465	3469	4
2434	3469	3473	4
2435	3473	3477	4
2436	3477	3481	4
2437	3481	3485	4
2438	3485	3489	4
2439	3489	3493	4
2440	3493	3497	4
2441	3497	3501	4
2442	3501	3505	4
2443	3505	3509	4
2444	3509	3513	4
2445	3513	3517	4
2446	3517	3521	4
2447	3521	3525	4
2448	3525	3529	4
2449	3529	3533	4
2450	3533	3537	4
2451	3537	3541	4
2452	3541	3545	4
2453	3545	3549	4
2454	3549	3553	4
2455	3553	3557	4
2456	3557	3561	4
2457	3561	3565	4
2458	3565	3569	4
2459	3569	3573	4
2460	3573	3577	4
2461	3577	3581	4
2462	3581	3585	4
2463	3585	3589	4
2464	3589	3593	4
2465	3593	3597	4
2466	3597	3601	4
2467	3601	3605	4
2468	3605	3609	4
2469	3609	3613	4
2470	3613	3617	4
2471	3617	3621	4
2472	3621	3625	4
2473	3625	3629	4
2474	3629	3633	4
2475	3633	3637	4
2476	3637	3641	4
2477	3641	3645	4
2478	3645	3649	4
2479	3649	3653	4
2480	3653	3657	4
2481	3657	3661	4
2482	3661	3665	4
2483	3665	3669	4
2484	3669	3673	4
2485	3673	3677	4
2486	3677	3681	4
2487	3681	3685	4
2488	3685	3689	4
2489	3689	3693	4
2490	3693	3697	4
2491	3697	3701	4
2492	3701	3705	4
2493	3705	3709	4
2494	3709	3713	4
2495	3713	3717	4
2496	3717	3721	4
2497	3721	3725	4
2498	3725	3729	4
2499	3729	3733	4
2500	3733	3737	4
2501	3737	3741	4
2502	3741	3745	4
2503	3745	3749	4
2504	3749	3753	4
2505	3753	3757	4
2506	3757	3761	4
2507	3761	3765	4
2508	3765	3769	4
2509	3769	3773	4
2510	3773	3777	4
2511	3777	3781	4
2512	3781	3785	4
2513	3785	3789	4
2514	3789	3793	4
2515	3793	3797	4
2516	3797	3801	4
2517	3801	3805	4
2518	3805	3809	4
2519	3809	3813	4
2520	3813	3817	4
2521	3817	3821	4
2522	3821	3825	4
2523	3825	3829	4
2524	3829	3833	4
2525	3833	3837	4
2526	3837	3841	4
2527	3841	3845	4
2528	3845	3849	4
2529	3849	3853	4
2530	3853	3857	4
2531	3857	3861	4
2532	3861	3865	4
2533	3865	3869	4
2534	3869	3873	4
2535	3873	3877	4
2536	3877	3881	4
2537	3881	3885	4
2538	3885	3889	4
2539	3889	3893	4
2540	3893	3897	4
2541	3897	3901	4
2542	3901	3905	4
2543	3905	3909	4
2544	3909	3913	4
2545	3913	3917	4
2546	3917	3921	4
2547	3921	3925	4
2548	3925	3930	5
2549	3930	3935	5
2550	3935	3940	5
2551	3940	3945	5
2552	3945	3950	5
2553	3950	3955	5
2554	3955	3960	5
2555	3960	3965	5
2556	3965	3970	5
2557	3970	3975	5
2558	3975	3980	5
2559	3980	3985	5
2560	3985	3990	5
2561	3990	3995	5
2562	3995	4000	5
2563	4000	4005	5
2564	4005	4010	5
2565	4010	4015	5
2566	4015	4020	5
2567	4020	4025	5
2568	4025	4030	5
2569	4030	4035	5
2570	4035	4040	5
2571	4040	4045	5
2572	4045	4050	5
2573	4050	4055	5
2574	4055	4060	5
2575	4060	4065	5
2576	4065	4070	5
2577	4070	4075	5
2578	4075	4080	5
2579	4080	4085	5
2580	4085	4090	5
2581	4090	4095	5
2582	4095	4100	5
2583	4100	4105	5
2584	4105	4110	5
2585	4110	4115	5
2586	4115	4120	5
2587	4120	4125	5
2588	4125	4130	5
2589	4130	4135	5
2590	4135	4140	5
2591	4140	4145	5
2592	4145	4150	5
2593	4150	4155	5
2594	4155	4160	5
2595	4160	4165	5
2596	4165	4170	5
2597	4170	4175	5
2598	4175	4180	5
2599	4180	4185	5
2600	4185	4190	5
2601	4190	4195	5
2602	4195	4200	5
2603	4200	4205	5
2604	4205	4210	5
2605	4210	4215	5
2606	4215	4220	5
2607	4220	4225	5
2608	4225	4230	5
2609	4230	4235	5
2610	4235	4240	5
2611	4240	4245	5
2612	4245	4250	5
2613	4250	4255	5
2614	4255	4260	5
2615	4260	4265	5
2616	4265	4270	5
2617	4270	4275	5
2618	4275	4280	5
2619	4280	4285	5
2620	4285	4290	5
2621	4290	4295	5
2622	4295	4300	5
2623	4300	4305	5
2624	4305	4310	5
2625	4310	4315	5
2626	4315	4320	5
2627	4320	4325	5
2628	4325	4330	5
2629	4330	4335	5
2630	4335	4340	5
2631	4340	4345	5
2632	4345	4350	5
2633	4350	4355	5
2634	4355	4360	5
2635	4360	4365	5
2636	4365	4370	5
2637	4370	4375	5
2638	4375	4380	5
2639	4380	4385	5
2640	4385	4390	5
2641	4390	4395	5
2642	4395	4400	5
2643	4400	4405	5
2644	4405	4410	5
2645	4410	4415	5
2646	4415	4421	6
2647	4421	4427	6
2648	4427	4433	6
2649	4433	4439	6
2650	4439	4445	6
2651	4445	4451	6
2652	4451	4457	6
2653	4457	4463	6
2654	4463	4469	6
2655	4469	4475	6
2656	4475	4481	6
2657	4481	4487	6
2658	4487	4493	6
2659	4493	4499	6
2660	4499	4505	6
2661	4505	4511	6
2662	4511	4517	6
2663	4517	4523	6
2664	4523	4529	6
2665	4529	4535	6
2666	4535	4541	6
2667	4541	4547	6
2668	4547	4553	6
2669	4553	4559	6
2670	4559	4565	6
2671	4565	4571	6
2672	4571	4577	6
2673	4577	4583	6
2674	4583	4589	6
2675	4589	4595	6
2676	4595	4601	6
2677	4601	4607	6
2678	4607	4613	6
2679	4613	4619	6
2680	4619	4625	6
2681	4625	4631	6
2682	4631	4637	6
2683	4637	4643	6
2684	4643	4649	6
2685	4649	4655	6
2686	4655	4661	6
2687	4661	4667	6
2688	4667	4673	6
2689	4673	4679	6
2690	4679	4685	6
2691	4685	4691	6
2692	4691	4697	6
2693	4697	4703	6
2694	4703	4709	6
2695	4709	4715	6
2696	4715	4721	6
2697	4721	4727	6
2698	4727	4733	6
2699	4733	4739	6
2700	4739	4745	6
2701	4745	4751	6
2702	4751	4757	6
2703	4757	4763	6
2704	4763	4769	6
2705	4769	4775	6
2706	4775	4781	6
2707	4781	4787	6
2708	4787	4793	6
2709	4793	4800	7
2710	4800	4807	7
2711	4807	4814	7
2712	4814	4821	7
2713	4821	4828	7
2714	4828	4835	7
2715	4835	4842	7
2716	4842	4849	7
2717	4849	4856	7
2718	4856	4863	7
2719	4863	4870	7
2720	4870	4877	7
2721	4877	4884	7
2722	4884	4891	7
2723	4891	4898	7
2724	4898	4905	7
2725	4905	4912	7
2726	4912	4919	7
2727	4919	4926	7
2728	4926	4933	7
2729	4933	4940	7
2730	4940	4947	7
2731	4947	4954	7
2732	4954	4961	7
2733	4961	4968	7
2734	4968	4975	7
2735	4975	4982	7
2736	4982	4989	7
2737	4989	4996	7
2738	4996	5003	7
2739	5003	5010	7
2740	5010	5017	7
2741	5017	5024	7
2742	5024	5031	7
2743	5031	5038	7
2744	5038	5045	7
2745	5045	5052	7
2746	5052	5059	7
2747	5059	5066	7
2748	5066	5073	7
2749	5073	5080	7
2750	5080	5087	7
2751	5087	5094	7
2752	5094	5101	7
2753	5101	5108	7
2754	5108	5115	7
2755	5115	5122	7
2756	5122	5130	8
2757	5130	5138	8
2758	5138	5146	8
2759	5146	5154	8
2760	5154	5162	8
2761	5162	5170	8
2762	5170	5178	8
2763	5178	5186	8
2764	5186	5194	8
2765	5194	5202	8
2766	5202	5210	8
2767	5210	5218	8
2768	5218	5226	8
2769	5226	5234	8
2770	5234	5242	8
2771	5242	5250	8
2772	5250	5258	8
2773	5258	5266	8
2774	5266	5274	8
2775	5274	5282	8
2776	5282	5290	8
2777	5290	5298	8
2778	5298	5306	8
2779	5306	5314	8
2780	5314	5322	8
2781	5322	5330	8
2782	5330	5338	8
2783	5338	5346	8
2784	5346	5354	8
2785	5354	5362	8
2786	5362	5370	8
2787	5370	5378	8
2788	5378	5386	8
2789	5386	5394	8
2790	5394	5402	8
2791	5402	5410	8
2792	5410	5418	8
2793	5418	5426	8
2794	5426	5434	8
2795	5434	5442	8
2796	5442	5450	8
2797	5450	5458	8
2798	5458	5466	8
2799	5466	5474	8
2800	5474	5482	8
2801	5482	5490	8
2802	5490	5498	8
2803	5498	5506	8
2804	5506	5514	8
2805	5514	5523	9
2806	5523	5532	9
2807	5532	5541	9
2808	5541	5550	9
2809	5550	5559	9
2810	5559	5568	9
2811	5568	5577	9
2812	5577	5586	9
2813	5586	5595	9
2814	5595	5604	9
2815	5604	5613	9
2816	5613	5622	9
2817	5622	5631	9
2818	5631	5640	9
2819	5640	5649	9
2820	5649	5658	9
2821	5658	5667	9
2822	5667	5676	9
2823	5676	5685	9
2824	5685	5694	9
2825	5694	5703	9
2826	5703	5712	9
2827	5712	5721	9
2828	5721	5730	9
2829	5730	5739	9
2830	5739	5748	9
2831	5748	5757	9
2832	5757	5766	9
2833	5766	5775	9
2834	5775	5784	9
2835	5784	5793	9
2836	5793	5802	9
2837	5802	5811	9
2838	5811	5820	9
2839	5820	5829	9
2840	5829	5839	10
2841	5839	5849	10
2842	5849	5859	10
2843	5859	5869	10
2844	5869	5879	10
2845	5879	5889	10
2846	5889	5899	10
2847	5899	5909	10
2848	5909	5919	10
2849	5919	5929	10
2850	5929	5939	10
2851	5939	5949	10
2852	5949	5959	10
2853	5959	5969	10
2854	5969	5979	10
2855	5979	5989	10
2856	5989	5999	10
2857	5999	6009	10
2858	6009	6019	10
2859	6019	6029	10
2860	6029	6039	10
2861	6039	6049	10
2862	6049	6059	10
2863	6059	6069	10
2864	6069	6079	10
2865	6079	6089	10
2866	6089	6100	11
2867	6100	6111	11
2868	6111	6122	11
2869	6122	6133	11
2870	6133	6144	11
2871	6144	6155	11
2872	6155	6166	11
2873	6166	6177	11
2874	6177	6188	11
2875	6188	6199	11
2876	6199	6210	11
2877	6210	6221	11
2878	6221	6232	11
2879	6232	6243	11
2880	6243	6254	11
2881	6254	6265	11
2882	6265	6276	11
2883	6276	6287	11
2884	6287	6298	11
2885	6298	6309	11
2886	6309	6321	12
2887	6321	6333	12
2888	6333	6345	12
2889	6345	6357	12
2890	6357	6369	12
2891	6369	6381	12
2892	6381	6393	12
2893	6393	6405	12
2894	6405	6417	12
2895	6417	6429	12
2896	6429	6441	12
2897	6441	6453	12
2898	6453	6465	12
2899	6465	6477	12
2900	6477	6489	12
2901	6489	6501	12
2902	6501	6513	12
2903	6513	6525	12
2904	6525	6537	12
2905	6537	6549	12
2906	6549	6561	12
2907	6561	6573	12
2908	6573	6585	12
2909	6585	6597	12
2910	6597	6609	12
2911	6609	6621	12
2912	6621	6633	12
2913	6633	6645	12
2914	6645	6658	13
2915	6658	6671	13
2916	6671	6684	13
2917	6684	6697	13
2918	6697	6710	13
2919	6710	6723	13
2920	6723	6736	13
2921	6736	6749	13
2922	6749	6762	13
2923	6762	6775	13
2924	6775	6788	13
2925	6788	6801	13
2926	6801	6814	13
2927	6814	6827	13
2928	6827	6840	13
2929	6840	6853	13
2930	6853	6866	13
2931	6866	6879	13
2932	6879	6892	13
2933	6892	6905	13
2934	6905	6918	13
2935	6918	6931	13
2936	6931	6945	14
2937	6945	6959	14
2938	6959	6973	14
2939	6973	6987	14
2940	6987	7001	14
2941	7001	7015	14
2942	7015	7029	14
2943	7029	7043	14
2944	7043	7057	14
2945	7057	7071	14
2946	7071	7085	14
2947	7085	7099	14
2948	7099	7113	14
2949	7113	7127	14
2950	7127	7141	14
2951	7141	7155	14
2952	7155	7169	14
2953	7169	7183	14
2954	7183	7198	15
2955	7198	7213	15
2956	7213	7228	15
2957	7228	7243	15
2958	7243	7258	15
2959	7258	7273	15
2960	7273	7288	15
2961	7288	7303	15
2962	7303	7318	15
2963	7318	7333	15
2964	7333	7348	15
2965	7348	7363	15
2966	7363	7378	15
2967	7378	7393	15
2968	7393	7408	15
2969	7408	7424	16
2970	7424	7440	16
2971	7440	7456	16
2972	7456	7472	16
2973	7472	7488	16
2974	7488	7504	16
2975	7504	7520	16
2976	7520	7536	16
2977	7536	7552	16
2978	7552	7568	16
2979	7568	7584	16
2980	7584	7600	16
2981	7600	7616	16
2982	7616	7633	17
2983	7633	7650	17
2984	7650	7667	17
2985	7667	7684	17
2986	7684	7701	17
2987	7701	7718	17
2988	7718	7735	17
2989	7735	7752	17
2990	7752	7769	17
2991	7769	7786	17
2992	7786	7804	18
2993	7804	7822	18
2994	7822	7840	18
2995	7840	7858	18
2996	7858	7876	18
2997	7876	7894	18
2998	7894	7912	18
2999	7912	7930	18
3000	7930	7948	18
3001	7948	7966	18
3002	7966	7985	19
3003	7985	8004	19
3004	8004	8023	19
3005	8023	8042	19
3006	8042	8061	19
3007	8061	8080	19
3008	8080	8099	19
3009	8099	8118	19
3010	8118	8137	19
3011	8137	8156	19
3012	8156	8175	19
3013	8175	8194	19
3014	8194	8213	19
3015	8213	8232	19
3016	8232	8252	20
3017	8252	8272	20
3018	8272	8292	20
3019	8292	8312	20
3020	8312	8332	20
3021	8332	8352	20
3022	8352	8372	20
3023	8372	8392	20
3024	8392	8412	20
3025	8412	8432	20
3026	8432	8452	20
3027	8452	8472	20
3028	8472	8493	21
3029	8493	8514	21
3030	8514	8535	21
3031	8535	8556	21
3032	8556	8577	21
3033	8577	8598	21
3034	8598	8619	21
3035	8619	8640	21
3036	8640	8661	21
3037	8661	8682	21
3038	8682	8704	22
3039	8704	8726	22
3040	8726	8748	22
3041	8748	8770	22
3042	8770	8792	22
3043	8792	8814	22
3044	8814	8836	22
3045	8836	8858	22
3046	8858	8880	22
3047	8880	8903	23
3048	8903	8926	23
3049	8926	8949	23
3050	8949	8972	23
3051	8972	8995	23
3052	8995	9018	23
3053	9018	9041	23
3054	9041	9064	23
3055	9064	9088	24
3056	9088	9112	24
3057	9112	9136	24
3058	9136	9160	24
3059	9160	9184	24
3060	9184	9208	24
3061	9208	9232	24
3062	9232	9256	24
3063	9256	9281	25
3064	9281	9306	25
3065	9306	9331	25
3066	9331	9356	25
3067	9356	9381	25
3068	9381	9406	25
3069	9406	9432	26
3070	9432	9458	26
3071	9458	9484	26
3072	9484	9510	26
3073	9510	9536	26
3074	9536	9562	26
3075	9562	9589	27
3076	9589	9616	27
3077	9616	9643	27
3078	9643	9670	27
3079	9670	9697	27
3080	9697	9725	28
3081	9725	9753	28
3082	9753	9781	28
3083	9781	9809	28
3084	9809	9837	28
3085	9837	9866	29
3086	9866	9895	29
3087	9895	9924	29
3088	9924	9953	29
3089	9953	9982	29
3090	9982	10012	30
3091	10012	10042	30
3092	10042	10072	30
3093	10072	10102	30
3094	10102	10132	30
3095	10132	10162	30
3096	10162	10193	31
