#
#N Pointing	tstart	tend	Obs time
#		s
1	210	211	1
2	211	212	1
3	212	213	1
4	213	214	1
5	214	215	1
6	215	216	1
7	216	217	1
8	217	218	1
9	218	219	1
10	219	220	1
11	220	221	1
12	221	222	1
13	222	223	1
14	223	224	1
15	224	225	1
16	225	226	1
17	226	227	1
18	227	228	1
19	228	229	1
20	229	230	1
21	230	231	1
22	231	232	1
23	232	233	1
24	233	234	1
25	234	235	1
26	235	236	1
27	236	237	1
28	237	238	1
29	238	239	1
30	239	240	1
31	240	241	1
32	241	242	1
33	242	243	1
34	243	244	1
35	244	245	1
36	245	246	1
37	246	247	1
38	247	248	1
39	248	249	1
40	249	250	1
41	250	251	1
42	251	252	1
43	252	253	1
44	253	254	1
45	254	255	1
46	255	256	1
47	256	257	1
48	257	258	1
49	258	259	1
50	259	260	1
51	260	261	1
52	261	262	1
53	262	263	1
54	263	264	1
55	264	265	1
56	265	266	1
57	266	267	1
58	267	268	1
59	268	269	1
60	269	270	1
61	270	271	1
62	271	272	1
63	272	273	1
64	273	274	1
65	274	275	1
66	275	276	1
67	276	277	1
68	277	278	1
69	278	279	1
70	279	280	1
71	280	281	1
72	281	282	1
73	282	283	1
74	283	284	1
75	284	285	1
76	285	286	1
77	286	287	1
78	287	288	1
79	288	289	1
80	289	290	1
81	290	291	1
82	291	292	1
83	292	293	1
84	293	294	1
85	294	295	1
86	295	296	1
87	296	297	1
88	297	298	1
89	298	299	1
90	299	300	1
91	300	301	1
92	301	302	1
93	302	303	1
94	303	304	1
95	304	305	1
96	305	306	1
97	306	307	1
98	307	308	1
99	308	309	1
100	309	310	1
101	310	311	1
102	311	312	1
103	312	313	1
104	313	314	1
105	314	315	1
106	315	316	1
107	316	317	1
108	317	318	1
109	318	319	1
110	319	320	1
111	320	321	1
112	321	322	1
113	322	323	1
114	323	324	1
115	324	325	1
116	325	326	1
117	326	327	1
118	327	328	1
119	328	329	1
120	329	330	1
121	330	331	1
122	331	332	1
123	332	333	1
124	333	334	1
125	334	335	1
126	335	336	1
127	336	337	1
128	337	338	1
129	338	339	1
130	339	340	1
131	340	341	1
132	341	342	1
133	342	343	1
134	343	344	1
135	344	345	1
136	345	346	1
137	346	347	1
138	347	348	1
139	348	349	1
140	349	350	1
141	350	351	1
142	351	352	1
143	352	353	1
144	353	354	1
145	354	355	1
146	355	356	1
147	356	357	1
148	357	358	1
149	358	359	1
150	359	360	1
151	360	361	1
152	361	362	1
153	362	363	1
154	363	364	1
155	364	365	1
156	365	366	1
157	366	367	1
158	367	368	1
159	368	369	1
160	369	370	1
161	370	371	1
162	371	372	1
163	372	373	1
164	373	374	1
165	374	375	1
166	375	376	1
167	376	377	1
168	377	378	1
169	378	379	1
170	379	380	1
171	380	381	1
172	381	382	1
173	382	383	1
174	383	384	1
175	384	385	1
176	385	386	1
177	386	387	1
178	387	388	1
179	388	389	1
180	389	390	1
181	390	391	1
182	391	392	1
183	392	393	1
184	393	394	1
185	394	395	1
186	395	396	1
187	396	397	1
188	397	398	1
189	398	399	1
190	399	400	1
191	400	401	1
192	401	402	1
193	402	403	1
194	403	404	1
195	404	405	1
196	405	406	1
197	406	407	1
198	407	408	1
199	408	409	1
200	409	410	1
201	410	411	1
202	411	412	1
203	412	413	1
204	413	414	1
205	414	415	1
206	415	416	1
207	416	417	1
208	417	418	1
209	418	419	1
210	419	420	1
211	420	421	1
212	421	422	1
213	422	423	1
214	423	424	1
215	424	425	1
216	425	426	1
217	426	427	1
218	427	428	1
219	428	429	1
220	429	430	1
221	430	431	1
222	431	432	1
223	432	433	1
224	433	434	1
225	434	435	1
226	435	436	1
227	436	437	1
228	437	438	1
229	438	439	1
230	439	440	1
231	440	441	1
232	441	442	1
233	442	443	1
234	443	444	1
235	444	445	1
236	445	446	1
237	446	447	1
238	447	448	1
239	448	449	1
240	449	450	1
241	450	451	1
242	451	452	1
243	452	453	1
244	453	454	1
245	454	455	1
246	455	456	1
247	456	457	1
248	457	458	1
249	458	459	1
250	459	460	1
251	460	461	1
252	461	462	1
253	462	463	1
254	463	464	1
255	464	465	1
256	465	466	1
257	466	467	1
258	467	468	1
259	468	469	1
260	469	470	1
261	470	471	1
262	471	472	1
263	472	473	1
264	473	474	1
265	474	475	1
266	475	476	1
267	476	477	1
268	477	478	1
269	478	479	1
270	479	480	1
271	480	481	1
272	481	482	1
273	482	483	1
274	483	484	1
275	484	485	1
276	485	486	1
277	486	487	1
278	487	488	1
279	488	489	1
280	489	490	1
281	490	491	1
282	491	492	1
283	492	493	1
284	493	494	1
285	494	495	1
286	495	496	1
287	496	497	1
288	497	498	1
289	498	499	1
290	499	500	1
291	500	501	1
292	501	502	1
293	502	503	1
294	503	504	1
295	504	505	1
296	505	506	1
297	506	507	1
298	507	508	1
299	508	509	1
300	509	510	1
301	510	511	1
302	511	512	1
303	512	513	1
304	513	514	1
305	514	515	1
306	515	516	1
307	516	517	1
308	517	518	1
309	518	519	1
310	519	520	1
311	520	521	1
312	521	522	1
313	522	523	1
314	523	524	1
315	524	525	1
316	525	526	1
317	526	527	1
318	527	528	1
319	528	529	1
320	529	530	1
321	530	531	1
322	531	532	1
323	532	533	1
324	533	534	1
325	534	535	1
326	535	536	1
327	536	537	1
328	537	538	1
329	538	539	1
330	539	540	1
331	540	541	1
332	541	542	1
333	542	543	1
334	543	544	1
335	544	545	1
336	545	546	1
337	546	547	1
338	547	548	1
339	548	549	1
340	549	550	1
341	550	551	1
342	551	552	1
343	552	553	1
344	553	554	1
345	554	555	1
346	555	556	1
347	556	557	1
348	557	558	1
349	558	559	1
350	559	560	1
351	560	561	1
352	561	562	1
353	562	563	1
354	563	564	1
355	564	565	1
356	565	566	1
357	566	567	1
358	567	568	1
359	568	569	1
360	569	570	1
361	570	571	1
362	571	572	1
363	572	573	1
364	573	574	1
365	574	575	1
366	575	576	1
367	576	577	1
368	577	578	1
369	578	579	1
370	579	580	1
371	580	581	1
372	581	582	1
373	582	583	1
374	583	584	1
375	584	585	1
376	585	586	1
377	586	587	1
378	587	588	1
379	588	589	1
380	589	590	1
381	590	591	1
382	591	592	1
383	592	593	1
384	593	594	1
385	594	595	1
386	595	596	1
387	596	597	1
388	597	598	1
389	598	599	1
390	599	600	1
391	600	601	1
392	601	602	1
393	602	603	1
394	603	604	1
395	604	605	1
396	605	606	1
397	606	607	1
398	607	608	1
399	608	609	1
400	609	610	1
401	610	611	1
402	611	612	1
403	612	613	1
404	613	614	1
405	614	615	1
406	615	616	1
407	616	617	1
408	617	618	1
409	618	619	1
410	619	620	1
411	620	621	1
412	621	622	1
413	622	623	1
414	623	624	1
415	624	625	1
416	625	626	1
417	626	627	1
418	627	628	1
419	628	629	1
420	629	630	1
421	630	631	1
422	631	632	1
423	632	633	1
424	633	634	1
425	634	635	1
426	635	636	1
427	636	637	1
428	637	638	1
429	638	639	1
430	639	640	1
431	640	641	1
432	641	642	1
433	642	643	1
434	643	644	1
435	644	645	1
436	645	646	1
437	646	647	1
438	647	648	1
439	648	649	1
440	649	650	1
441	650	651	1
442	651	652	1
443	652	653	1
444	653	654	1
445	654	655	1
446	655	656	1
447	656	657	1
448	657	658	1
449	658	659	1
450	659	660	1
451	660	661	1
452	661	662	1
453	662	663	1
454	663	664	1
455	664	665	1
456	665	666	1
457	666	667	1
458	667	668	1
459	668	669	1
460	669	670	1
461	670	671	1
462	671	672	1
463	672	673	1
464	673	674	1
465	674	675	1
466	675	676	1
467	676	677	1
468	677	678	1
469	678	679	1
470	679	680	1
471	680	681	1
472	681	682	1
473	682	683	1
474	683	684	1
475	684	685	1
476	685	686	1
477	686	687	1
478	687	688	1
479	688	689	1
480	689	690	1
481	690	691	1
482	691	692	1
483	692	693	1
484	693	694	1
485	694	695	1
486	695	696	1
487	696	697	1
488	697	698	1
489	698	699	1
490	699	700	1
491	700	701	1
492	701	702	1
493	702	703	1
494	703	704	1
495	704	705	1
496	705	706	1
497	706	707	1
498	707	708	1
499	708	709	1
500	709	710	1
501	710	711	1
502	711	712	1
503	712	713	1
504	713	714	1
505	714	715	1
506	715	716	1
507	716	717	1
508	717	718	1
509	718	719	1
510	719	720	1
511	720	721	1
512	721	722	1
513	722	723	1
514	723	724	1
515	724	725	1
516	725	726	1
517	726	727	1
518	727	728	1
519	728	729	1
520	729	730	1
521	730	731	1
522	731	732	1
523	732	733	1
524	733	734	1
525	734	735	1
526	735	736	1
527	736	737	1
528	737	738	1
529	738	739	1
530	739	740	1
531	740	741	1
532	741	742	1
533	742	743	1
534	743	744	1
535	744	745	1
536	745	746	1
537	746	747	1
538	747	748	1
539	748	749	1
540	749	750	1
541	750	751	1
542	751	752	1
543	752	753	1
544	753	754	1
545	754	755	1
546	755	756	1
547	756	757	1
548	757	758	1
549	758	759	1
550	759	760	1
551	760	761	1
552	761	762	1
553	762	763	1
554	763	764	1
555	764	765	1
556	765	766	1
557	766	767	1
558	767	768	1
559	768	769	1
560	769	770	1
561	770	771	1
562	771	772	1
563	772	773	1
564	773	774	1
565	774	775	1
566	775	776	1
567	776	777	1
568	777	778	1
569	778	779	1
570	779	780	1
571	780	781	1
572	781	782	1
573	782	783	1
574	783	784	1
575	784	785	1
576	785	786	1
577	786	787	1
578	787	788	1
579	788	789	1
580	789	790	1
581	790	791	1
582	791	792	1
583	792	793	1
584	793	794	1
585	794	795	1
586	795	796	1
587	796	797	1
588	797	798	1
589	798	799	1
590	799	800	1
591	800	801	1
592	801	802	1
593	802	803	1
594	803	804	1
595	804	805	1
596	805	806	1
597	806	807	1
598	807	808	1
599	808	809	1
600	809	810	1
601	810	811	1
602	811	812	1
603	812	813	1
604	813	814	1
605	814	815	1
606	815	816	1
607	816	817	1
608	817	818	1
609	818	819	1
610	819	820	1
611	820	821	1
612	821	822	1
613	822	823	1
614	823	824	1
615	824	825	1
616	825	826	1
617	826	827	1
618	827	828	1
619	828	829	1
620	829	830	1
621	830	831	1
622	831	832	1
623	832	833	1
624	833	834	1
625	834	835	1
626	835	836	1
627	836	837	1
628	837	838	1
629	838	839	1
630	839	840	1
631	840	841	1
632	841	842	1
633	842	843	1
634	843	844	1
635	844	845	1
636	845	846	1
637	846	847	1
638	847	848	1
639	848	849	1
640	849	850	1
641	850	851	1
642	851	852	1
643	852	853	1
644	853	854	1
645	854	855	1
646	855	856	1
647	856	857	1
648	857	858	1
649	858	859	1
650	859	860	1
651	860	861	1
652	861	862	1
653	862	863	1
654	863	864	1
655	864	865	1
656	865	866	1
657	866	867	1
658	867	868	1
659	868	869	1
660	869	870	1
661	870	871	1
662	871	872	1
663	872	873	1
664	873	874	1
665	874	875	1
666	875	876	1
667	876	877	1
668	877	878	1
669	878	879	1
670	879	880	1
671	880	881	1
672	881	882	1
673	882	883	1
674	883	884	1
675	884	885	1
676	885	886	1
677	886	887	1
678	887	888	1
679	888	889	1
680	889	890	1
681	890	891	1
682	891	892	1
683	892	893	1
684	893	894	1
685	894	895	1
686	895	896	1
687	896	897	1
688	897	898	1
689	898	899	1
690	899	900	1
691	900	901	1
692	901	902	1
693	902	903	1
694	903	904	1
695	904	905	1
696	905	906	1
697	906	907	1
698	907	908	1
699	908	909	1
700	909	910	1
701	910	911	1
702	911	912	1
703	912	913	1
704	913	914	1
705	914	915	1
706	915	916	1
707	916	917	1
708	917	918	1
709	918	919	1
710	919	920	1
711	920	921	1
712	921	922	1
713	922	923	1
714	923	924	1
715	924	925	1
716	925	926	1
717	926	927	1
718	927	928	1
719	928	929	1
720	929	930	1
721	930	931	1
722	931	932	1
723	932	933	1
724	933	934	1
725	934	935	1
726	935	936	1
727	936	937	1
728	937	938	1
729	938	939	1
730	939	940	1
731	940	941	1
732	941	942	1
733	942	943	1
734	943	944	1
735	944	945	1
736	945	946	1
737	946	947	1
738	947	948	1
739	948	949	1
740	949	950	1
741	950	951	1
742	951	952	1
743	952	953	1
744	953	954	1
745	954	955	1
746	955	956	1
747	956	957	1
748	957	958	1
749	958	959	1
750	959	960	1
751	960	961	1
752	961	962	1
753	962	963	1
754	963	964	1
755	964	965	1
756	965	966	1
757	966	967	1
758	967	968	1
759	968	969	1
760	969	970	1
761	970	971	1
762	971	972	1
763	972	973	1
764	973	974	1
765	974	975	1
766	975	976	1
767	976	977	1
768	977	978	1
769	978	979	1
770	979	980	1
771	980	981	1
772	981	982	1
773	982	983	1
774	983	984	1
775	984	985	1
776	985	986	1
777	986	987	1
778	987	988	1
779	988	989	1
780	989	990	1
781	990	991	1
782	991	992	1
783	992	993	1
784	993	994	1
785	994	995	1
786	995	996	1
787	996	997	1
788	997	998	1
789	998	999	1
790	999	1000	1
791	1000	1001	1
792	1001	1002	1
793	1002	1003	1
794	1003	1004	1
795	1004	1005	1
796	1005	1006	1
797	1006	1007	1
798	1007	1008	1
799	1008	1009	1
800	1009	1010	1
801	1010	1011	1
802	1011	1012	1
803	1012	1013	1
804	1013	1014	1
805	1014	1015	1
806	1015	1016	1
807	1016	1017	1
808	1017	1018	1
809	1018	1019	1
810	1019	1020	1
811	1020	1021	1
812	1021	1022	1
813	1022	1023	1
814	1023	1024	1
815	1024	1025	1
816	1025	1026	1
817	1026	1027	1
818	1027	1028	1
819	1028	1029	1
820	1029	1030	1
821	1030	1031	1
822	1031	1032	1
823	1032	1033	1
824	1033	1034	1
825	1034	1035	1
826	1035	1036	1
827	1036	1037	1
828	1037	1038	1
829	1038	1039	1
830	1039	1040	1
831	1040	1041	1
832	1041	1042	1
833	1042	1043	1
834	1043	1044	1
835	1044	1045	1
836	1045	1046	1
837	1046	1047	1
838	1047	1048	1
839	1048	1049	1
840	1049	1050	1
841	1050	1051	1
842	1051	1052	1
843	1052	1053	1
844	1053	1054	1
845	1054	1055	1
846	1055	1056	1
847	1056	1057	1
848	1057	1058	1
849	1058	1059	1
850	1059	1060	1
851	1060	1061	1
852	1061	1062	1
853	1062	1063	1
854	1063	1064	1
855	1064	1065	1
856	1065	1066	1
857	1066	1067	1
858	1067	1068	1
859	1068	1069	1
860	1069	1070	1
861	1070	1071	1
862	1071	1072	1
863	1072	1073	1
864	1073	1074	1
865	1074	1075	1
866	1075	1076	1
867	1076	1077	1
868	1077	1078	1
869	1078	1079	1
870	1079	1080	1
871	1080	1081	1
872	1081	1082	1
873	1082	1083	1
874	1083	1084	1
875	1084	1085	1
876	1085	1086	1
877	1086	1087	1
878	1087	1088	1
879	1088	1089	1
880	1089	1090	1
881	1090	1091	1
882	1091	1092	1
883	1092	1093	1
884	1093	1094	1
885	1094	1095	1
886	1095	1096	1
887	1096	1097	1
888	1097	1098	1
889	1098	1099	1
890	1099	1100	1
891	1100	1101	1
892	1101	1102	1
893	1102	1103	1
894	1103	1104	1
895	1104	1105	1
896	1105	1106	1
897	1106	1107	1
898	1107	1108	1
899	1108	1109	1
900	1109	1110	1
901	1110	1111	1
902	1111	1112	1
903	1112	1113	1
904	1113	1114	1
905	1114	1115	1
906	1115	1116	1
907	1116	1117	1
908	1117	1118	1
909	1118	1119	1
910	1119	1120	1
911	1120	1121	1
912	1121	1122	1
913	1122	1123	1
914	1123	1124	1
915	1124	1125	1
916	1125	1126	1
917	1126	1127	1
918	1127	1128	1
919	1128	1129	1
920	1129	1130	1
921	1130	1131	1
922	1131	1132	1
923	1132	1133	1
924	1133	1134	1
925	1134	1135	1
926	1135	1136	1
927	1136	1137	1
928	1137	1138	1
929	1138	1139	1
930	1139	1140	1
931	1140	1141	1
932	1141	1142	1
933	1142	1143	1
934	1143	1144	1
935	1144	1145	1
936	1145	1146	1
937	1146	1147	1
938	1147	1148	1
939	1148	1149	1
940	1149	1150	1
941	1150	1151	1
942	1151	1152	1
943	1152	1153	1
944	1153	1154	1
945	1154	1155	1
946	1155	1156	1
947	1156	1157	1
948	1157	1158	1
949	1158	1159	1
950	1159	1160	1
951	1160	1161	1
952	1161	1162	1
953	1162	1163	1
954	1163	1164	1
955	1164	1165	1
956	1165	1166	1
957	1166	1167	1
958	1167	1168	1
959	1168	1169	1
960	1169	1170	1
961	1170	1171	1
962	1171	1172	1
963	1172	1173	1
964	1173	1174	1
965	1174	1175	1
966	1175	1176	1
967	1176	1177	1
968	1177	1178	1
969	1178	1179	1
970	1179	1180	1
971	1180	1181	1
972	1181	1182	1
973	1182	1183	1
974	1183	1184	1
975	1184	1185	1
976	1185	1186	1
977	1186	1187	1
978	1187	1188	1
979	1188	1189	1
980	1189	1190	1
981	1190	1191	1
982	1191	1192	1
983	1192	1193	1
984	1193	1194	1
985	1194	1195	1
986	1195	1196	1
987	1196	1197	1
988	1197	1198	1
989	1198	1199	1
990	1199	1200	1
991	1200	1201	1
992	1201	1202	1
993	1202	1203	1
994	1203	1204	1
995	1204	1205	1
996	1205	1206	1
997	1206	1207	1
998	1207	1208	1
999	1208	1209	1
1000	1209	1210	1
1001	1210	1211	1
1002	1211	1212	1
1003	1212	1213	1
1004	1213	1214	1
1005	1214	1215	1
1006	1215	1216	1
1007	1216	1217	1
1008	1217	1218	1
1009	1218	1219	1
1010	1219	1220	1
1011	1220	1221	1
1012	1221	1222	1
1013	1222	1223	1
1014	1223	1224	1
1015	1224	1225	1
1016	1225	1226	1
1017	1226	1227	1
1018	1227	1228	1
1019	1228	1229	1
1020	1229	1230	1
1021	1230	1231	1
1022	1231	1232	1
1023	1232	1233	1
1024	1233	1234	1
1025	1234	1235	1
1026	1235	1236	1
1027	1236	1237	1
1028	1237	1238	1
1029	1238	1239	1
1030	1239	1240	1
1031	1240	1241	1
1032	1241	1242	1
1033	1242	1243	1
1034	1243	1244	1
1035	1244	1245	1
1036	1245	1246	1
1037	1246	1247	1
1038	1247	1248	1
1039	1248	1249	1
1040	1249	1250	1
1041	1250	1251	1
1042	1251	1252	1
1043	1252	1253	1
1044	1253	1254	1
1045	1254	1255	1
1046	1255	1256	1
1047	1256	1257	1
1048	1257	1258	1
1049	1258	1259	1
1050	1259	1260	1
1051	1260	1261	1
1052	1261	1262	1
1053	1262	1263	1
1054	1263	1264	1
1055	1264	1265	1
1056	1265	1266	1
1057	1266	1267	1
1058	1267	1268	1
1059	1268	1269	1
1060	1269	1270	1
1061	1270	1271	1
1062	1271	1272	1
1063	1272	1273	1
1064	1273	1274	1
1065	1274	1275	1
1066	1275	1276	1
1067	1276	1277	1
1068	1277	1278	1
1069	1278	1279	1
1070	1279	1280	1
1071	1280	1281	1
1072	1281	1282	1
1073	1282	1283	1
1074	1283	1284	1
1075	1284	1285	1
1076	1285	1286	1
1077	1286	1287	1
1078	1287	1288	1
1079	1288	1289	1
1080	1289	1290	1
1081	1290	1291	1
1082	1291	1292	1
1083	1292	1293	1
1084	1293	1294	1
1085	1294	1295	1
1086	1295	1296	1
1087	1296	1297	1
1088	1297	1298	1
1089	1298	1299	1
1090	1299	1300	1
1091	1300	1301	1
1092	1301	1302	1
1093	1302	1303	1
1094	1303	1304	1
1095	1304	1305	1
1096	1305	1306	1
1097	1306	1307	1
1098	1307	1308	1
1099	1308	1309	1
1100	1309	1310	1
1101	1310	1311	1
1102	1311	1312	1
1103	1312	1313	1
1104	1313	1314	1
1105	1314	1315	1
1106	1315	1316	1
1107	1316	1317	1
1108	1317	1318	1
1109	1318	1319	1
1110	1319	1320	1
1111	1320	1321	1
1112	1321	1322	1
1113	1322	1323	1
1114	1323	1324	1
1115	1324	1325	1
1116	1325	1326	1
1117	1326	1327	1
1118	1327	1328	1
1119	1328	1329	1
1120	1329	1330	1
1121	1330	1331	1
1122	1331	1332	1
1123	1332	1333	1
1124	1333	1334	1
1125	1334	1335	1
1126	1335	1336	1
1127	1336	1337	1
1128	1337	1338	1
1129	1338	1339	1
1130	1339	1340	1
1131	1340	1341	1
1132	1341	1342	1
1133	1342	1343	1
1134	1343	1344	1
1135	1344	1345	1
1136	1345	1346	1
1137	1346	1347	1
1138	1347	1348	1
1139	1348	1349	1
1140	1349	1350	1
1141	1350	1351	1
1142	1351	1352	1
1143	1352	1353	1
1144	1353	1354	1
1145	1354	1355	1
1146	1355	1356	1
1147	1356	1357	1
1148	1357	1358	1
1149	1358	1359	1
1150	1359	1360	1
1151	1360	1361	1
1152	1361	1362	1
1153	1362	1363	1
1154	1363	1364	1
1155	1364	1365	1
1156	1365	1366	1
1157	1366	1367	1
1158	1367	1368	1
1159	1368	1369	1
1160	1369	1370	1
1161	1370	1371	1
1162	1371	1372	1
1163	1372	1373	1
1164	1373	1374	1
1165	1374	1375	1
1166	1375	1376	1
1167	1376	1377	1
1168	1377	1378	1
1169	1378	1379	1
1170	1379	1380	1
1171	1380	1381	1
1172	1381	1382	1
1173	1382	1383	1
1174	1383	1384	1
1175	1384	1385	1
1176	1385	1386	1
1177	1386	1387	1
1178	1387	1388	1
1179	1388	1389	1
1180	1389	1390	1
1181	1390	1391	1
1182	1391	1392	1
1183	1392	1393	1
1184	1393	1394	1
1185	1394	1395	1
1186	1395	1396	1
1187	1396	1397	1
1188	1397	1398	1
1189	1398	1399	1
1190	1399	1400	1
1191	1400	1401	1
1192	1401	1402	1
1193	1402	1403	1
1194	1403	1404	1
1195	1404	1405	1
1196	1405	1406	1
1197	1406	1407	1
1198	1407	1408	1
1199	1408	1409	1
1200	1409	1410	1
1201	1410	1411	1
1202	1411	1412	1
1203	1412	1413	1
1204	1413	1414	1
1205	1414	1415	1
1206	1415	1416	1
1207	1416	1417	1
1208	1417	1418	1
1209	1418	1419	1
1210	1419	1420	1
1211	1420	1421	1
1212	1421	1422	1
1213	1422	1423	1
1214	1423	1424	1
1215	1424	1425	1
1216	1425	1426	1
1217	1426	1427	1
1218	1427	1428	1
1219	1428	1429	1
1220	1429	1430	1
1221	1430	1431	1
1222	1431	1432	1
1223	1432	1433	1
1224	1433	1434	1
1225	1434	1435	1
1226	1435	1436	1
1227	1436	1437	1
1228	1437	1438	1
1229	1438	1439	1
1230	1439	1440	1
1231	1440	1441	1
1232	1441	1442	1
1233	1442	1443	1
1234	1443	1444	1
1235	1444	1445	1
1236	1445	1446	1
1237	1446	1447	1
1238	1447	1448	1
1239	1448	1449	1
1240	1449	1450	1
1241	1450	1451	1
1242	1451	1452	1
1243	1452	1453	1
1244	1453	1454	1
1245	1454	1455	1
1246	1455	1456	1
1247	1456	1457	1
1248	1457	1458	1
1249	1458	1459	1
1250	1459	1460	1
1251	1460	1461	1
1252	1461	1462	1
1253	1462	1463	1
1254	1463	1464	1
1255	1464	1465	1
1256	1465	1466	1
1257	1466	1467	1
1258	1467	1468	1
1259	1468	1469	1
1260	1469	1470	1
1261	1470	1471	1
1262	1471	1472	1
1263	1472	1473	1
1264	1473	1474	1
1265	1474	1475	1
1266	1475	1476	1
1267	1476	1477	1
1268	1477	1478	1
1269	1478	1479	1
1270	1479	1480	1
1271	1480	1481	1
1272	1481	1482	1
1273	1482	1483	1
1274	1483	1484	1
1275	1484	1485	1
1276	1485	1486	1
1277	1486	1487	1
1278	1487	1488	1
1279	1488	1489	1
1280	1489	1490	1
1281	1490	1491	1
1282	1491	1492	1
1283	1492	1493	1
1284	1493	1494	1
1285	1494	1495	1
1286	1495	1496	1
1287	1496	1497	1
1288	1497	1498	1
1289	1498	1499	1
1290	1499	1500	1
1291	1500	1501	1
1292	1501	1502	1
1293	1502	1503	1
1294	1503	1504	1
1295	1504	1505	1
1296	1505	1506	1
1297	1506	1507	1
1298	1507	1508	1
1299	1508	1509	1
1300	1509	1510	1
1301	1510	1511	1
1302	1511	1512	1
1303	1512	1513	1
1304	1513	1514	1
1305	1514	1515	1
1306	1515	1516	1
1307	1516	1517	1
1308	1517	1518	1
1309	1518	1519	1
1310	1519	1520	1
1311	1520	1521	1
1312	1521	1522	1
1313	1522	1523	1
1314	1523	1524	1
1315	1524	1525	1
1316	1525	1526	1
1317	1526	1527	1
1318	1527	1528	1
1319	1528	1529	1
1320	1529	1530	1
1321	1530	1531	1
1322	1531	1532	1
1323	1532	1533	1
1324	1533	1534	1
1325	1534	1535	1
1326	1535	1536	1
1327	1536	1537	1
1328	1537	1538	1
1329	1538	1539	1
1330	1539	1540	1
1331	1540	1541	1
1332	1541	1542	1
1333	1542	1543	1
1334	1543	1544	1
1335	1544	1545	1
1336	1545	1546	1
1337	1546	1547	1
1338	1547	1548	1
1339	1548	1549	1
1340	1549	1550	1
1341	1550	1551	1
1342	1551	1552	1
1343	1552	1553	1
1344	1553	1554	1
1345	1554	1555	1
1346	1555	1556	1
1347	1556	1557	1
1348	1557	1558	1
1349	1558	1559	1
1350	1559	1560	1
1351	1560	1561	1
1352	1561	1562	1
1353	1562	1563	1
1354	1563	1564	1
1355	1564	1565	1
1356	1565	1566	1
1357	1566	1567	1
1358	1567	1568	1
1359	1568	1569	1
1360	1569	1570	1
1361	1570	1571	1
1362	1571	1572	1
1363	1572	1573	1
1364	1573	1574	1
1365	1574	1575	1
1366	1575	1576	1
1367	1576	1577	1
1368	1577	1578	1
1369	1578	1579	1
1370	1579	1580	1
1371	1580	1581	1
1372	1581	1582	1
1373	1582	1583	1
1374	1583	1584	1
1375	1584	1585	1
1376	1585	1586	1
1377	1586	1587	1
1378	1587	1588	1
1379	1588	1589	1
1380	1589	1590	1
1381	1590	1591	1
1382	1591	1592	1
1383	1592	1593	1
1384	1593	1594	1
1385	1594	1595	1
1386	1595	1596	1
1387	1596	1597	1
1388	1597	1598	1
1389	1598	1599	1
1390	1599	1600	1
1391	1600	1601	1
1392	1601	1602	1
1393	1602	1603	1
1394	1603	1604	1
1395	1604	1605	1
1396	1605	1606	1
1397	1606	1607	1
1398	1607	1608	1
1399	1608	1609	1
1400	1609	1610	1
1401	1610	1611	1
1402	1611	1612	1
1403	1612	1613	1
1404	1613	1614	1
1405	1614	1615	1
1406	1615	1616	1
1407	1616	1617	1
1408	1617	1618	1
1409	1618	1619	1
1410	1619	1620	1
1411	1620	1621	1
1412	1621	1622	1
1413	1622	1623	1
1414	1623	1624	1
1415	1624	1625	1
1416	1625	1626	1
1417	1626	1627	1
1418	1627	1628	1
1419	1628	1629	1
1420	1629	1630	1
1421	1630	1631	1
1422	1631	1632	1
1423	1632	1633	1
1424	1633	1634	1
1425	1634	1635	1
1426	1635	1636	1
1427	1636	1637	1
1428	1637	1638	1
1429	1638	1639	1
1430	1639	1640	1
1431	1640	1641	1
1432	1641	1642	1
1433	1642	1643	1
1434	1643	1644	1
1435	1644	1645	1
1436	1645	1646	1
1437	1646	1647	1
1438	1647	1648	1
1439	1648	1649	1
1440	1649	1650	1
1441	1650	1651	1
1442	1651	1652	1
1443	1652	1653	1
1444	1653	1654	1
1445	1654	1655	1
1446	1655	1656	1
1447	1656	1657	1
1448	1657	1658	1
1449	1658	1659	1
1450	1659	1660	1
1451	1660	1661	1
1452	1661	1662	1
1453	1662	1663	1
1454	1663	1664	1
1455	1664	1665	1
1456	1665	1666	1
1457	1666	1667	1
1458	1667	1668	1
1459	1668	1669	1
1460	1669	1670	1
1461	1670	1671	1
1462	1671	1672	1
1463	1672	1673	1
1464	1673	1674	1
1465	1674	1675	1
1466	1675	1676	1
1467	1676	1677	1
1468	1677	1678	1
1469	1678	1679	1
1470	1679	1680	1
1471	1680	1681	1
1472	1681	1682	1
1473	1682	1683	1
1474	1683	1684	1
1475	1684	1685	1
1476	1685	1686	1
1477	1686	1687	1
1478	1687	1688	1
1479	1688	1690	2
1480	1690	1692	2
1481	1692	1694	2
1482	1694	1696	2
1483	1696	1698	2
1484	1698	1700	2
1485	1700	1702	2
1486	1702	1704	2
1487	1704	1706	2
1488	1706	1708	2
1489	1708	1710	2
1490	1710	1712	2
1491	1712	1714	2
1492	1714	1716	2
1493	1716	1718	2
1494	1718	1720	2
1495	1720	1722	2
1496	1722	1724	2
1497	1724	1726	2
1498	1726	1728	2
1499	1728	1730	2
1500	1730	1732	2
1501	1732	1734	2
1502	1734	1736	2
1503	1736	1738	2
1504	1738	1740	2
1505	1740	1742	2
1506	1742	1744	2
1507	1744	1746	2
1508	1746	1748	2
1509	1748	1750	2
1510	1750	1752	2
1511	1752	1754	2
1512	1754	1756	2
1513	1756	1758	2
1514	1758	1760	2
1515	1760	1762	2
1516	1762	1764	2
1517	1764	1766	2
1518	1766	1768	2
1519	1768	1770	2
1520	1770	1772	2
1521	1772	1774	2
1522	1774	1776	2
1523	1776	1778	2
1524	1778	1780	2
1525	1780	1782	2
1526	1782	1784	2
1527	1784	1786	2
1528	1786	1788	2
1529	1788	1790	2
1530	1790	1792	2
1531	1792	1794	2
1532	1794	1796	2
1533	1796	1798	2
1534	1798	1800	2
1535	1800	1802	2
1536	1802	1804	2
1537	1804	1806	2
1538	1806	1808	2
1539	1808	1810	2
1540	1810	1812	2
1541	1812	1814	2
1542	1814	1816	2
1543	1816	1818	2
1544	1818	1820	2
1545	1820	1822	2
1546	1822	1824	2
1547	1824	1826	2
1548	1826	1828	2
1549	1828	1830	2
1550	1830	1832	2
1551	1832	1834	2
1552	1834	1836	2
1553	1836	1838	2
1554	1838	1840	2
1555	1840	1842	2
1556	1842	1844	2
1557	1844	1846	2
1558	1846	1848	2
1559	1848	1850	2
1560	1850	1852	2
1561	1852	1854	2
1562	1854	1856	2
1563	1856	1858	2
1564	1858	1860	2
1565	1860	1862	2
1566	1862	1864	2
1567	1864	1866	2
1568	1866	1868	2
1569	1868	1870	2
1570	1870	1872	2
1571	1872	1874	2
1572	1874	1876	2
1573	1876	1878	2
1574	1878	1880	2
1575	1880	1882	2
1576	1882	1884	2
1577	1884	1886	2
1578	1886	1888	2
1579	1888	1890	2
1580	1890	1892	2
1581	1892	1894	2
1582	1894	1896	2
1583	1896	1898	2
1584	1898	1900	2
1585	1900	1902	2
1586	1902	1904	2
1587	1904	1906	2
1588	1906	1908	2
1589	1908	1910	2
1590	1910	1912	2
1591	1912	1914	2
1592	1914	1916	2
1593	1916	1918	2
1594	1918	1920	2
1595	1920	1922	2
1596	1922	1924	2
1597	1924	1926	2
1598	1926	1928	2
1599	1928	1930	2
1600	1930	1932	2
1601	1932	1934	2
1602	1934	1936	2
1603	1936	1938	2
1604	1938	1940	2
1605	1940	1942	2
1606	1942	1944	2
1607	1944	1946	2
1608	1946	1948	2
1609	1948	1950	2
1610	1950	1952	2
1611	1952	1954	2
1612	1954	1956	2
1613	1956	1958	2
1614	1958	1960	2
1615	1960	1962	2
1616	1962	1964	2
1617	1964	1966	2
1618	1966	1968	2
1619	1968	1970	2
1620	1970	1972	2
1621	1972	1974	2
1622	1974	1976	2
1623	1976	1978	2
1624	1978	1980	2
1625	1980	1982	2
1626	1982	1984	2
1627	1984	1986	2
1628	1986	1988	2
1629	1988	1990	2
1630	1990	1992	2
1631	1992	1994	2
1632	1994	1996	2
1633	1996	1998	2
1634	1998	2000	2
1635	2000	2002	2
1636	2002	2004	2
1637	2004	2006	2
1638	2006	2008	2
1639	2008	2010	2
1640	2010	2012	2
1641	2012	2014	2
1642	2014	2016	2
1643	2016	2018	2
1644	2018	2020	2
1645	2020	2022	2
1646	2022	2024	2
1647	2024	2026	2
1648	2026	2028	2
1649	2028	2030	2
1650	2030	2032	2
1651	2032	2034	2
1652	2034	2036	2
1653	2036	2038	2
1654	2038	2040	2
1655	2040	2042	2
1656	2042	2044	2
1657	2044	2046	2
1658	2046	2048	2
1659	2048	2050	2
1660	2050	2052	2
1661	2052	2054	2
1662	2054	2056	2
1663	2056	2058	2
1664	2058	2060	2
1665	2060	2062	2
1666	2062	2064	2
1667	2064	2066	2
1668	2066	2068	2
1669	2068	2070	2
1670	2070	2072	2
1671	2072	2074	2
1672	2074	2076	2
1673	2076	2078	2
1674	2078	2080	2
1675	2080	2082	2
1676	2082	2084	2
1677	2084	2086	2
1678	2086	2088	2
1679	2088	2090	2
1680	2090	2092	2
1681	2092	2094	2
1682	2094	2096	2
1683	2096	2098	2
1684	2098	2100	2
1685	2100	2102	2
1686	2102	2104	2
1687	2104	2106	2
1688	2106	2108	2
1689	2108	2110	2
1690	2110	2112	2
1691	2112	2114	2
1692	2114	2116	2
1693	2116	2118	2
1694	2118	2120	2
1695	2120	2122	2
1696	2122	2124	2
1697	2124	2126	2
1698	2126	2128	2
1699	2128	2130	2
1700	2130	2132	2
1701	2132	2134	2
1702	2134	2136	2
1703	2136	2138	2
1704	2138	2140	2
1705	2140	2142	2
1706	2142	2144	2
1707	2144	2146	2
1708	2146	2148	2
1709	2148	2150	2
1710	2150	2152	2
1711	2152	2154	2
1712	2154	2156	2
1713	2156	2158	2
1714	2158	2160	2
1715	2160	2162	2
1716	2162	2164	2
1717	2164	2166	2
1718	2166	2168	2
1719	2168	2170	2
1720	2170	2172	2
1721	2172	2174	2
1722	2174	2176	2
1723	2176	2178	2
1724	2178	2180	2
1725	2180	2182	2
1726	2182	2184	2
1727	2184	2186	2
1728	2186	2188	2
1729	2188	2190	2
1730	2190	2192	2
1731	2192	2194	2
1732	2194	2196	2
1733	2196	2198	2
1734	2198	2200	2
1735	2200	2202	2
1736	2202	2204	2
1737	2204	2206	2
1738	2206	2208	2
1739	2208	2210	2
1740	2210	2212	2
1741	2212	2214	2
1742	2214	2216	2
1743	2216	2218	2
1744	2218	2220	2
1745	2220	2222	2
1746	2222	2224	2
1747	2224	2226	2
1748	2226	2228	2
1749	2228	2230	2
1750	2230	2232	2
1751	2232	2234	2
1752	2234	2236	2
1753	2236	2238	2
1754	2238	2240	2
1755	2240	2242	2
1756	2242	2244	2
1757	2244	2246	2
1758	2246	2248	2
1759	2248	2250	2
1760	2250	2252	2
1761	2252	2254	2
1762	2254	2256	2
1763	2256	2258	2
1764	2258	2260	2
1765	2260	2262	2
1766	2262	2264	2
1767	2264	2266	2
1768	2266	2268	2
1769	2268	2270	2
1770	2270	2272	2
1771	2272	2274	2
1772	2274	2276	2
1773	2276	2278	2
1774	2278	2280	2
1775	2280	2282	2
1776	2282	2284	2
1777	2284	2286	2
1778	2286	2288	2
1779	2288	2290	2
1780	2290	2292	2
1781	2292	2294	2
1782	2294	2296	2
1783	2296	2298	2
1784	2298	2300	2
1785	2300	2302	2
1786	2302	2304	2
1787	2304	2306	2
1788	2306	2308	2
1789	2308	2310	2
1790	2310	2312	2
1791	2312	2314	2
1792	2314	2316	2
1793	2316	2318	2
1794	2318	2320	2
1795	2320	2322	2
1796	2322	2324	2
1797	2324	2326	2
1798	2326	2328	2
1799	2328	2330	2
1800	2330	2332	2
1801	2332	2334	2
1802	2334	2336	2
1803	2336	2338	2
1804	2338	2340	2
1805	2340	2342	2
1806	2342	2344	2
1807	2344	2346	2
1808	2346	2348	2
1809	2348	2350	2
1810	2350	2352	2
1811	2352	2354	2
1812	2354	2356	2
1813	2356	2358	2
1814	2358	2360	2
1815	2360	2362	2
1816	2362	2364	2
1817	2364	2366	2
1818	2366	2368	2
1819	2368	2370	2
1820	2370	2372	2
1821	2372	2374	2
1822	2374	2376	2
1823	2376	2378	2
1824	2378	2380	2
1825	2380	2382	2
1826	2382	2384	2
1827	2384	2386	2
1828	2386	2388	2
1829	2388	2390	2
1830	2390	2392	2
1831	2392	2394	2
1832	2394	2396	2
1833	2396	2398	2
1834	2398	2400	2
1835	2400	2402	2
1836	2402	2404	2
1837	2404	2406	2
1838	2406	2408	2
1839	2408	2410	2
1840	2410	2412	2
1841	2412	2414	2
1842	2414	2416	2
1843	2416	2418	2
1844	2418	2420	2
1845	2420	2422	2
1846	2422	2424	2
1847	2424	2426	2
1848	2426	2428	2
1849	2428	2430	2
1850	2430	2432	2
1851	2432	2434	2
1852	2434	2436	2
1853	2436	2438	2
1854	2438	2440	2
1855	2440	2442	2
1856	2442	2444	2
1857	2444	2446	2
1858	2446	2448	2
1859	2448	2450	2
1860	2450	2452	2
1861	2452	2454	2
1862	2454	2456	2
1863	2456	2458	2
1864	2458	2460	2
1865	2460	2462	2
1866	2462	2464	2
1867	2464	2466	2
1868	2466	2468	2
1869	2468	2470	2
1870	2470	2472	2
1871	2472	2474	2
1872	2474	2476	2
1873	2476	2478	2
1874	2478	2480	2
1875	2480	2482	2
1876	2482	2484	2
1877	2484	2486	2
1878	2486	2488	2
1879	2488	2490	2
1880	2490	2492	2
1881	2492	2494	2
1882	2494	2496	2
1883	2496	2498	2
1884	2498	2500	2
1885	2500	2502	2
1886	2502	2504	2
1887	2504	2506	2
1888	2506	2508	2
1889	2508	2510	2
1890	2510	2512	2
1891	2512	2514	2
1892	2514	2516	2
1893	2516	2518	2
1894	2518	2520	2
1895	2520	2522	2
1896	2522	2524	2
1897	2524	2526	2
1898	2526	2528	2
1899	2528	2530	2
1900	2530	2532	2
1901	2532	2534	2
1902	2534	2536	2
1903	2536	2538	2
1904	2538	2540	2
1905	2540	2542	2
1906	2542	2544	2
1907	2544	2546	2
1908	2546	2548	2
1909	2548	2550	2
1910	2550	2552	2
1911	2552	2554	2
1912	2554	2556	2
1913	2556	2558	2
1914	2558	2560	2
1915	2560	2562	2
1916	2562	2564	2
1917	2564	2566	2
1918	2566	2568	2
1919	2568	2570	2
1920	2570	2572	2
1921	2572	2574	2
1922	2574	2576	2
1923	2576	2578	2
1924	2578	2580	2
1925	2580	2582	2
1926	2582	2584	2
1927	2584	2586	2
1928	2586	2588	2
1929	2588	2590	2
1930	2590	2592	2
1931	2592	2594	2
1932	2594	2596	2
1933	2596	2598	2
1934	2598	2600	2
1935	2600	2602	2
1936	2602	2604	2
1937	2604	2606	2
1938	2606	2608	2
1939	2608	2610	2
1940	2610	2612	2
1941	2612	2614	2
1942	2614	2616	2
1943	2616	2618	2
1944	2618	2620	2
1945	2620	2622	2
1946	2622	2624	2
1947	2624	2626	2
1948	2626	2628	2
1949	2628	2630	2
1950	2630	2632	2
1951	2632	2634	2
1952	2634	2636	2
1953	2636	2638	2
1954	2638	2640	2
1955	2640	2642	2
1956	2642	2644	2
1957	2644	2646	2
1958	2646	2648	2
1959	2648	2650	2
1960	2650	2652	2
1961	2652	2654	2
1962	2654	2656	2
1963	2656	2658	2
1964	2658	2660	2
1965	2660	2662	2
1966	2662	2664	2
1967	2664	2666	2
1968	2666	2668	2
1969	2668	2670	2
1970	2670	2672	2
1971	2672	2674	2
1972	2674	2676	2
1973	2676	2678	2
1974	2678	2680	2
1975	2680	2682	2
1976	2682	2684	2
1977	2684	2686	2
1978	2686	2688	2
1979	2688	2690	2
1980	2690	2692	2
1981	2692	2694	2
1982	2694	2696	2
1983	2696	2698	2
1984	2698	2700	2
1985	2700	2702	2
1986	2702	2704	2
1987	2704	2706	2
1988	2706	2708	2
1989	2708	2710	2
1990	2710	2712	2
1991	2712	2714	2
1992	2714	2716	2
1993	2716	2718	2
1994	2718	2720	2
1995	2720	2722	2
1996	2722	2724	2
1997	2724	2726	2
1998	2726	2728	2
1999	2728	2730	2
2000	2730	2732	2
2001	2732	2734	2
2002	2734	2736	2
2003	2736	2738	2
2004	2738	2740	2
2005	2740	2742	2
2006	2742	2744	2
2007	2744	2746	2
2008	2746	2748	2
2009	2748	2750	2
2010	2750	2752	2
2011	2752	2754	2
2012	2754	2756	2
2013	2756	2758	2
2014	2758	2760	2
2015	2760	2762	2
2016	2762	2764	2
2017	2764	2766	2
2018	2766	2768	2
2019	2768	2770	2
2020	2770	2772	2
2021	2772	2774	2
2022	2774	2776	2
2023	2776	2778	2
2024	2778	2780	2
2025	2780	2782	2
2026	2782	2784	2
2027	2784	2786	2
2028	2786	2788	2
2029	2788	2790	2
2030	2790	2792	2
2031	2792	2794	2
2032	2794	2796	2
2033	2796	2798	2
2034	2798	2800	2
2035	2800	2802	2
2036	2802	2804	2
2037	2804	2806	2
2038	2806	2808	2
2039	2808	2810	2
2040	2810	2812	2
2041	2812	2814	2
2042	2814	2816	2
2043	2816	2818	2
2044	2818	2820	2
2045	2820	2822	2
2046	2822	2824	2
2047	2824	2826	2
2048	2826	2828	2
2049	2828	2830	2
2050	2830	2832	2
2051	2832	2834	2
2052	2834	2836	2
2053	2836	2838	2
2054	2838	2840	2
2055	2840	2842	2
2056	2842	2844	2
2057	2844	2846	2
2058	2846	2848	2
2059	2848	2850	2
2060	2850	2852	2
2061	2852	2854	2
2062	2854	2856	2
2063	2856	2858	2
2064	2858	2860	2
2065	2860	2862	2
2066	2862	2864	2
2067	2864	2866	2
2068	2866	2868	2
2069	2868	2870	2
2070	2870	2872	2
2071	2872	2874	2
2072	2874	2876	2
2073	2876	2878	2
2074	2878	2880	2
2075	2880	2882	2
2076	2882	2884	2
2077	2884	2886	2
2078	2886	2888	2
2079	2888	2890	2
2080	2890	2892	2
2081	2892	2894	2
2082	2894	2896	2
2083	2896	2898	2
2084	2898	2900	2
2085	2900	2902	2
2086	2902	2904	2
2087	2904	2906	2
2088	2906	2908	2
2089	2908	2910	2
2090	2910	2912	2
2091	2912	2914	2
2092	2914	2916	2
2093	2916	2918	2
2094	2918	2920	2
2095	2920	2922	2
2096	2922	2924	2
2097	2924	2926	2
2098	2926	2928	2
2099	2928	2930	2
2100	2930	2932	2
2101	2932	2934	2
2102	2934	2936	2
2103	2936	2938	2
2104	2938	2940	2
2105	2940	2942	2
2106	2942	2944	2
2107	2944	2946	2
2108	2946	2948	2
2109	2948	2950	2
2110	2950	2952	2
2111	2952	2954	2
2112	2954	2956	2
2113	2956	2958	2
2114	2958	2960	2
2115	2960	2962	2
2116	2962	2964	2
2117	2964	2966	2
2118	2966	2968	2
2119	2968	2970	2
2120	2970	2972	2
2121	2972	2974	2
2122	2974	2976	2
2123	2976	2978	2
2124	2978	2980	2
2125	2980	2982	2
2126	2982	2984	2
2127	2984	2986	2
2128	2986	2988	2
2129	2988	2990	2
2130	2990	2992	2
2131	2992	2994	2
2132	2994	2996	2
2133	2996	2998	2
2134	2998	3000	2
2135	3000	3002	2
2136	3002	3004	2
2137	3004	3006	2
2138	3006	3008	2
2139	3008	3010	2
2140	3010	3012	2
2141	3012	3014	2
2142	3014	3016	2
2143	3016	3018	2
2144	3018	3020	2
2145	3020	3022	2
2146	3022	3024	2
2147	3024	3026	2
2148	3026	3028	2
2149	3028	3030	2
2150	3030	3032	2
2151	3032	3034	2
2152	3034	3036	2
2153	3036	3038	2
2154	3038	3040	2
2155	3040	3042	2
2156	3042	3044	2
2157	3044	3046	2
2158	3046	3048	2
2159	3048	3050	2
2160	3050	3052	2
2161	3052	3054	2
2162	3054	3056	2
2163	3056	3058	2
2164	3058	3060	2
2165	3060	3062	2
2166	3062	3064	2
2167	3064	3066	2
2168	3066	3068	2
2169	3068	3070	2
2170	3070	3072	2
2171	3072	3074	2
2172	3074	3076	2
2173	3076	3078	2
2174	3078	3080	2
2175	3080	3082	2
2176	3082	3084	2
2177	3084	3086	2
2178	3086	3088	2
2179	3088	3090	2
2180	3090	3092	2
2181	3092	3094	2
2182	3094	3096	2
2183	3096	3098	2
2184	3098	3100	2
2185	3100	3102	2
2186	3102	3104	2
2187	3104	3106	2
2188	3106	3108	2
2189	3108	3110	2
2190	3110	3112	2
2191	3112	3114	2
2192	3114	3116	2
2193	3116	3118	2
2194	3118	3120	2
2195	3120	3122	2
2196	3122	3124	2
2197	3124	3126	2
2198	3126	3128	2
2199	3128	3130	2
2200	3130	3132	2
2201	3132	3134	2
2202	3134	3136	2
2203	3136	3138	2
2204	3138	3140	2
2205	3140	3142	2
2206	3142	3144	2
2207	3144	3146	2
2208	3146	3148	2
2209	3148	3150	2
2210	3150	3152	2
2211	3152	3154	2
2212	3154	3156	2
2213	3156	3158	2
2214	3158	3160	2
2215	3160	3162	2
2216	3162	3164	2
2217	3164	3166	2
2218	3166	3168	2
2219	3168	3170	2
2220	3170	3172	2
2221	3172	3174	2
2222	3174	3176	2
2223	3176	3178	2
2224	3178	3180	2
2225	3180	3182	2
2226	3182	3184	2
2227	3184	3186	2
2228	3186	3188	2
2229	3188	3190	2
2230	3190	3192	2
2231	3192	3194	2
2232	3194	3196	2
2233	3196	3198	2
2234	3198	3200	2
2235	3200	3202	2
2236	3202	3204	2
2237	3204	3206	2
2238	3206	3208	2
2239	3208	3210	2
2240	3210	3212	2
2241	3212	3214	2
2242	3214	3216	2
2243	3216	3218	2
2244	3218	3220	2
2245	3220	3222	2
2246	3222	3224	2
2247	3224	3226	2
2248	3226	3228	2
2249	3228	3230	2
2250	3230	3232	2
2251	3232	3234	2
2252	3234	3236	2
2253	3236	3238	2
2254	3238	3240	2
2255	3240	3242	2
2256	3242	3245	3
2257	3245	3248	3
2258	3248	3251	3
2259	3251	3254	3
2260	3254	3257	3
2261	3257	3260	3
2262	3260	3263	3
2263	3263	3266	3
2264	3266	3269	3
2265	3269	3272	3
2266	3272	3275	3
2267	3275	3278	3
2268	3278	3281	3
2269	3281	3284	3
2270	3284	3287	3
2271	3287	3290	3
2272	3290	3293	3
2273	3293	3296	3
2274	3296	3299	3
2275	3299	3302	3
2276	3302	3305	3
2277	3305	3308	3
2278	3308	3311	3
2279	3311	3314	3
2280	3314	3317	3
2281	3317	3320	3
2282	3320	3323	3
2283	3323	3326	3
2284	3326	3329	3
2285	3329	3332	3
2286	3332	3335	3
2287	3335	3338	3
2288	3338	3341	3
2289	3341	3344	3
2290	3344	3347	3
2291	3347	3350	3
2292	3350	3353	3
2293	3353	3356	3
2294	3356	3359	3
2295	3359	3362	3
2296	3362	3365	3
2297	3365	3368	3
2298	3368	3371	3
2299	3371	3374	3
2300	3374	3377	3
2301	3377	3380	3
2302	3380	3383	3
2303	3383	3386	3
2304	3386	3389	3
2305	3389	3392	3
2306	3392	3395	3
2307	3395	3398	3
2308	3398	3401	3
2309	3401	3404	3
2310	3404	3407	3
2311	3407	3410	3
2312	3410	3413	3
2313	3413	3416	3
2314	3416	3419	3
2315	3419	3422	3
2316	3422	3425	3
2317	3425	3428	3
2318	3428	3431	3
2319	3431	3434	3
2320	3434	3437	3
2321	3437	3440	3
2322	3440	3443	3
2323	3443	3446	3
2324	3446	3449	3
2325	3449	3452	3
2326	3452	3455	3
2327	3455	3458	3
2328	3458	3461	3
2329	3461	3464	3
2330	3464	3467	3
2331	3467	3470	3
2332	3470	3473	3
2333	3473	3476	3
2334	3476	3479	3
2335	3479	3482	3
2336	3482	3485	3
2337	3485	3488	3
2338	3488	3491	3
2339	3491	3494	3
2340	3494	3497	3
2341	3497	3500	3
2342	3500	3503	3
2343	3503	3506	3
2344	3506	3509	3
2345	3509	3512	3
2346	3512	3515	3
2347	3515	3518	3
2348	3518	3521	3
2349	3521	3524	3
2350	3524	3527	3
2351	3527	3530	3
2352	3530	3533	3
2353	3533	3536	3
2354	3536	3539	3
2355	3539	3542	3
2356	3542	3545	3
2357	3545	3548	3
2358	3548	3551	3
2359	3551	3554	3
2360	3554	3557	3
2361	3557	3560	3
2362	3560	3563	3
2363	3563	3566	3
2364	3566	3569	3
2365	3569	3572	3
2366	3572	3575	3
2367	3575	3578	3
2368	3578	3581	3
2369	3581	3584	3
2370	3584	3587	3
2371	3587	3590	3
2372	3590	3593	3
2373	3593	3596	3
2374	3596	3599	3
2375	3599	3602	3
2376	3602	3605	3
2377	3605	3608	3
2378	3608	3611	3
2379	3611	3614	3
2380	3614	3617	3
2381	3617	3620	3
2382	3620	3623	3
2383	3623	3626	3
2384	3626	3629	3
2385	3629	3632	3
2386	3632	3635	3
2387	3635	3638	3
2388	3638	3641	3
2389	3641	3644	3
2390	3644	3647	3
2391	3647	3650	3
2392	3650	3653	3
2393	3653	3656	3
2394	3656	3659	3
2395	3659	3662	3
2396	3662	3665	3
2397	3665	3668	3
2398	3668	3671	3
2399	3671	3674	3
2400	3674	3677	3
2401	3677	3680	3
2402	3680	3683	3
2403	3683	3686	3
2404	3686	3689	3
2405	3689	3692	3
2406	3692	3695	3
2407	3695	3698	3
2408	3698	3701	3
2409	3701	3704	3
2410	3704	3707	3
2411	3707	3710	3
2412	3710	3713	3
2413	3713	3716	3
2414	3716	3719	3
2415	3719	3722	3
2416	3722	3725	3
2417	3725	3728	3
2418	3728	3731	3
2419	3731	3734	3
2420	3734	3737	3
2421	3737	3740	3
2422	3740	3743	3
2423	3743	3746	3
2424	3746	3749	3
2425	3749	3752	3
2426	3752	3755	3
2427	3755	3758	3
2428	3758	3761	3
2429	3761	3764	3
2430	3764	3767	3
2431	3767	3770	3
2432	3770	3773	3
2433	3773	3776	3
2434	3776	3779	3
2435	3779	3782	3
2436	3782	3785	3
2437	3785	3788	3
2438	3788	3791	3
2439	3791	3794	3
2440	3794	3797	3
2441	3797	3800	3
2442	3800	3803	3
2443	3803	3806	3
2444	3806	3809	3
2445	3809	3812	3
2446	3812	3815	3
2447	3815	3818	3
2448	3818	3821	3
2449	3821	3824	3
2450	3824	3827	3
2451	3827	3830	3
2452	3830	3833	3
2453	3833	3836	3
2454	3836	3839	3
2455	3839	3842	3
2456	3842	3845	3
2457	3845	3848	3
2458	3848	3851	3
2459	3851	3854	3
2460	3854	3857	3
2461	3857	3860	3
2462	3860	3863	3
2463	3863	3866	3
2464	3866	3869	3
2465	3869	3872	3
2466	3872	3875	3
2467	3875	3878	3
2468	3878	3881	3
2469	3881	3884	3
2470	3884	3887	3
2471	3887	3890	3
2472	3890	3893	3
2473	3893	3896	3
2474	3896	3899	3
2475	3899	3902	3
2476	3902	3905	3
2477	3905	3908	3
2478	3908	3911	3
2479	3911	3914	3
2480	3914	3917	3
2481	3917	3920	3
2482	3920	3923	3
2483	3923	3926	3
2484	3926	3929	3
2485	3929	3932	3
2486	3932	3935	3
2487	3935	3938	3
2488	3938	3941	3
2489	3941	3944	3
2490	3944	3947	3
2491	3947	3950	3
2492	3950	3953	3
2493	3953	3956	3
2494	3956	3959	3
2495	3959	3962	3
2496	3962	3965	3
2497	3965	3968	3
2498	3968	3971	3
2499	3971	3974	3
2500	3974	3977	3
2501	3977	3980	3
2502	3980	3983	3
2503	3983	3986	3
2504	3986	3989	3
2505	3989	3992	3
2506	3992	3995	3
2507	3995	3998	3
2508	3998	4001	3
2509	4001	4004	3
2510	4004	4007	3
2511	4007	4010	3
2512	4010	4013	3
2513	4013	4016	3
2514	4016	4019	3
2515	4019	4022	3
2516	4022	4025	3
2517	4025	4028	3
2518	4028	4031	3
2519	4031	4034	3
2520	4034	4037	3
2521	4037	4040	3
2522	4040	4043	3
2523	4043	4046	3
2524	4046	4049	3
2525	4049	4052	3
2526	4052	4055	3
2527	4055	4058	3
2528	4058	4061	3
2529	4061	4064	3
2530	4064	4067	3
2531	4067	4070	3
2532	4070	4073	3
2533	4073	4076	3
2534	4076	4079	3
2535	4079	4082	3
2536	4082	4085	3
2537	4085	4088	3
2538	4088	4091	3
2539	4091	4094	3
2540	4094	4097	3
2541	4097	4100	3
2542	4100	4103	3
2543	4103	4106	3
2544	4106	4109	3
2545	4109	4112	3
2546	4112	4115	3
2547	4115	4118	3
2548	4118	4121	3
2549	4121	4124	3
2550	4124	4127	3
2551	4127	4130	3
2552	4130	4133	3
2553	4133	4136	3
2554	4136	4139	3
2555	4139	4142	3
2556	4142	4145	3
2557	4145	4148	3
2558	4148	4151	3
2559	4151	4154	3
2560	4154	4157	3
2561	4157	4160	3
2562	4160	4163	3
2563	4163	4166	3
2564	4166	4169	3
2565	4169	4172	3
2566	4172	4175	3
2567	4175	4178	3
2568	4178	4181	3
2569	4181	4184	3
2570	4184	4187	3
2571	4187	4190	3
2572	4190	4193	3
2573	4193	4196	3
2574	4196	4199	3
2575	4199	4202	3
2576	4202	4205	3
2577	4205	4208	3
2578	4208	4211	3
2579	4211	4214	3
2580	4214	4217	3
2581	4217	4220	3
2582	4220	4223	3
2583	4223	4226	3
2584	4226	4229	3
2585	4229	4232	3
2586	4232	4235	3
2587	4235	4238	3
2588	4238	4241	3
2589	4241	4244	3
2590	4244	4247	3
2591	4247	4250	3
2592	4250	4253	3
2593	4253	4256	3
2594	4256	4259	3
2595	4259	4262	3
2596	4262	4265	3
2597	4265	4268	3
2598	4268	4271	3
2599	4271	4274	3
2600	4274	4277	3
2601	4277	4280	3
2602	4280	4283	3
2603	4283	4286	3
2604	4286	4289	3
2605	4289	4292	3
2606	4292	4295	3
2607	4295	4298	3
2608	4298	4301	3
2609	4301	4304	3
2610	4304	4307	3
2611	4307	4310	3
2612	4310	4313	3
2613	4313	4316	3
2614	4316	4319	3
2615	4319	4322	3
2616	4322	4325	3
2617	4325	4328	3
2618	4328	4331	3
2619	4331	4334	3
2620	4334	4337	3
2621	4337	4340	3
2622	4340	4343	3
2623	4343	4346	3
2624	4346	4349	3
2625	4349	4352	3
2626	4352	4355	3
2627	4355	4358	3
2628	4358	4361	3
2629	4361	4364	3
2630	4364	4367	3
2631	4367	4370	3
2632	4370	4373	3
2633	4373	4376	3
2634	4376	4379	3
2635	4379	4382	3
2636	4382	4385	3
2637	4385	4388	3
2638	4388	4391	3
2639	4391	4394	3
2640	4394	4397	3
2641	4397	4400	3
2642	4400	4403	3
2643	4403	4406	3
2644	4406	4409	3
2645	4409	4412	3
2646	4412	4415	3
2647	4415	4418	3
2648	4418	4421	3
2649	4421	4424	3
2650	4424	4427	3
2651	4427	4430	3
2652	4430	4433	3
2653	4433	4436	3
2654	4436	4439	3
2655	4439	4443	4
2656	4443	4447	4
2657	4447	4451	4
2658	4451	4455	4
2659	4455	4459	4
2660	4459	4463	4
2661	4463	4467	4
2662	4467	4471	4
2663	4471	4475	4
2664	4475	4479	4
2665	4479	4483	4
2666	4483	4487	4
2667	4487	4491	4
2668	4491	4495	4
2669	4495	4499	4
2670	4499	4503	4
2671	4503	4507	4
2672	4507	4511	4
2673	4511	4515	4
2674	4515	4519	4
2675	4519	4523	4
2676	4523	4527	4
2677	4527	4531	4
2678	4531	4535	4
2679	4535	4539	4
2680	4539	4543	4
2681	4543	4547	4
2682	4547	4551	4
2683	4551	4555	4
2684	4555	4559	4
2685	4559	4563	4
2686	4563	4567	4
2687	4567	4571	4
2688	4571	4575	4
2689	4575	4579	4
2690	4579	4583	4
2691	4583	4587	4
2692	4587	4591	4
2693	4591	4595	4
2694	4595	4599	4
2695	4599	4603	4
2696	4603	4607	4
2697	4607	4611	4
2698	4611	4615	4
2699	4615	4619	4
2700	4619	4623	4
2701	4623	4627	4
2702	4627	4631	4
2703	4631	4635	4
2704	4635	4639	4
2705	4639	4643	4
2706	4643	4647	4
2707	4647	4651	4
2708	4651	4655	4
2709	4655	4659	4
2710	4659	4663	4
2711	4663	4667	4
2712	4667	4671	4
2713	4671	4675	4
2714	4675	4679	4
2715	4679	4683	4
2716	4683	4687	4
2717	4687	4691	4
2718	4691	4695	4
2719	4695	4699	4
2720	4699	4703	4
2721	4703	4707	4
2722	4707	4711	4
2723	4711	4715	4
2724	4715	4719	4
2725	4719	4723	4
2726	4723	4727	4
2727	4727	4731	4
2728	4731	4735	4
2729	4735	4739	4
2730	4739	4743	4
2731	4743	4747	4
2732	4747	4751	4
2733	4751	4755	4
2734	4755	4759	4
2735	4759	4763	4
2736	4763	4767	4
2737	4767	4771	4
2738	4771	4775	4
2739	4775	4779	4
2740	4779	4783	4
2741	4783	4787	4
2742	4787	4791	4
2743	4791	4795	4
2744	4795	4799	4
2745	4799	4803	4
2746	4803	4807	4
2747	4807	4811	4
2748	4811	4815	4
2749	4815	4819	4
2750	4819	4823	4
2751	4823	4827	4
2752	4827	4831	4
2753	4831	4835	4
2754	4835	4839	4
2755	4839	4843	4
2756	4843	4847	4
2757	4847	4851	4
2758	4851	4855	4
2759	4855	4859	4
2760	4859	4863	4
2761	4863	4867	4
2762	4867	4871	4
2763	4871	4875	4
2764	4875	4879	4
2765	4879	4883	4
2766	4883	4887	4
2767	4887	4891	4
2768	4891	4895	4
2769	4895	4899	4
2770	4899	4903	4
2771	4903	4907	4
2772	4907	4911	4
2773	4911	4915	4
2774	4915	4919	4
2775	4919	4923	4
2776	4923	4927	4
2777	4927	4931	4
2778	4931	4935	4
2779	4935	4939	4
2780	4939	4943	4
2781	4943	4947	4
2782	4947	4951	4
2783	4951	4955	4
2784	4955	4959	4
2785	4959	4963	4
2786	4963	4967	4
2787	4967	4971	4
2788	4971	4975	4
2789	4975	4979	4
2790	4979	4983	4
2791	4983	4987	4
2792	4987	4991	4
2793	4991	4995	4
2794	4995	4999	4
2795	4999	5003	4
2796	5003	5007	4
2797	5007	5011	4
2798	5011	5015	4
2799	5015	5019	4
2800	5019	5023	4
2801	5023	5027	4
2802	5027	5031	4
2803	5031	5035	4
2804	5035	5039	4
2805	5039	5043	4
2806	5043	5047	4
2807	5047	5051	4
2808	5051	5055	4
2809	5055	5059	4
2810	5059	5063	4
2811	5063	5067	4
2812	5067	5071	4
2813	5071	5075	4
2814	5075	5079	4
2815	5079	5083	4
2816	5083	5087	4
2817	5087	5091	4
2818	5091	5095	4
2819	5095	5099	4
2820	5099	5103	4
2821	5103	5107	4
2822	5107	5111	4
2823	5111	5115	4
2824	5115	5119	4
2825	5119	5123	4
2826	5123	5127	4
2827	5127	5131	4
2828	5131	5135	4
2829	5135	5139	4
2830	5139	5143	4
2831	5143	5147	4
2832	5147	5151	4
2833	5151	5155	4
2834	5155	5159	4
2835	5159	5163	4
2836	5163	5167	4
2837	5167	5171	4
2838	5171	5175	4
2839	5175	5179	4
2840	5179	5183	4
2841	5183	5187	4
2842	5187	5191	4
2843	5191	5195	4
2844	5195	5199	4
2845	5199	5203	4
2846	5203	5207	4
2847	5207	5211	4
2848	5211	5215	4
2849	5215	5219	4
2850	5219	5223	4
2851	5223	5227	4
2852	5227	5231	4
2853	5231	5235	4
2854	5235	5239	4
2855	5239	5243	4
2856	5243	5247	4
2857	5247	5251	4
2858	5251	5255	4
2859	5255	5259	4
2860	5259	5263	4
2861	5263	5267	4
2862	5267	5271	4
2863	5271	5275	4
2864	5275	5279	4
2865	5279	5283	4
2866	5283	5287	4
2867	5287	5291	4
2868	5291	5295	4
2869	5295	5299	4
2870	5299	5303	4
2871	5303	5307	4
2872	5307	5311	4
2873	5311	5315	4
2874	5315	5319	4
2875	5319	5323	4
2876	5323	5327	4
2877	5327	5331	4
2878	5331	5335	4
2879	5335	5339	4
2880	5339	5343	4
2881	5343	5347	4
2882	5347	5351	4
2883	5351	5355	4
2884	5355	5359	4
2885	5359	5363	4
2886	5363	5368	5
2887	5368	5373	5
2888	5373	5378	5
2889	5378	5383	5
2890	5383	5388	5
2891	5388	5393	5
2892	5393	5398	5
2893	5398	5403	5
2894	5403	5408	5
2895	5408	5413	5
2896	5413	5418	5
2897	5418	5423	5
2898	5423	5428	5
2899	5428	5433	5
2900	5433	5438	5
2901	5438	5443	5
2902	5443	5448	5
2903	5448	5453	5
2904	5453	5458	5
2905	5458	5463	5
2906	5463	5468	5
2907	5468	5473	5
2908	5473	5478	5
2909	5478	5483	5
2910	5483	5488	5
2911	5488	5493	5
2912	5493	5498	5
2913	5498	5503	5
2914	5503	5508	5
2915	5508	5513	5
2916	5513	5518	5
2917	5518	5523	5
2918	5523	5528	5
2919	5528	5533	5
2920	5533	5538	5
2921	5538	5543	5
2922	5543	5548	5
2923	5548	5553	5
2924	5553	5558	5
2925	5558	5563	5
2926	5563	5568	5
2927	5568	5573	5
2928	5573	5578	5
2929	5578	5583	5
2930	5583	5588	5
2931	5588	5593	5
2932	5593	5598	5
2933	5598	5603	5
2934	5603	5608	5
2935	5608	5613	5
2936	5613	5618	5
2937	5618	5623	5
2938	5623	5628	5
2939	5628	5633	5
2940	5633	5638	5
2941	5638	5643	5
2942	5643	5648	5
2943	5648	5653	5
2944	5653	5658	5
2945	5658	5663	5
2946	5663	5668	5
2947	5668	5673	5
2948	5673	5678	5
2949	5678	5683	5
2950	5683	5688	5
2951	5688	5693	5
2952	5693	5698	5
2953	5698	5703	5
2954	5703	5708	5
2955	5708	5713	5
2956	5713	5718	5
2957	5718	5723	5
2958	5723	5728	5
2959	5728	5733	5
2960	5733	5738	5
2961	5738	5743	5
2962	5743	5748	5
2963	5748	5753	5
2964	5753	5758	5
2965	5758	5763	5
2966	5763	5768	5
2967	5768	5773	5
2968	5773	5778	5
2969	5778	5783	5
2970	5783	5788	5
2971	5788	5793	5
2972	5793	5798	5
2973	5798	5803	5
2974	5803	5808	5
2975	5808	5813	5
2976	5813	5818	5
2977	5818	5823	5
2978	5823	5828	5
2979	5828	5833	5
2980	5833	5838	5
2981	5838	5843	5
2982	5843	5848	5
2983	5848	5853	5
2984	5853	5858	5
2985	5858	5863	5
2986	5863	5868	5
2987	5868	5873	5
2988	5873	5878	5
2989	5878	5883	5
2990	5883	5888	5
2991	5888	5893	5
2992	5893	5898	5
2993	5898	5903	5
2994	5903	5908	5
2995	5908	5913	5
2996	5913	5918	5
2997	5918	5923	5
2998	5923	5928	5
2999	5928	5933	5
3000	5933	5938	5
3001	5938	5943	5
3002	5943	5948	5
3003	5948	5953	5
3004	5953	5958	5
3005	5958	5963	5
3006	5963	5968	5
3007	5968	5973	5
3008	5973	5978	5
3009	5978	5983	5
3010	5983	5988	5
3011	5988	5993	5
3012	5993	5998	5
3013	5998	6003	5
3014	6003	6008	5
3015	6008	6013	5
3016	6013	6018	5
3017	6018	6023	5
3018	6023	6028	5
3019	6028	6033	5
3020	6033	6038	5
3021	6038	6043	5
3022	6043	6048	5
3023	6048	6053	5
3024	6053	6058	5
3025	6058	6063	5
3026	6063	6068	5
3027	6068	6073	5
3028	6073	6078	5
3029	6078	6083	5
3030	6083	6088	5
3031	6088	6093	5
3032	6093	6098	5
3033	6098	6103	5
3034	6103	6108	5
3035	6108	6113	5
3036	6113	6118	5
3037	6118	6123	5
3038	6123	6128	5
3039	6128	6133	5
3040	6133	6139	6
3041	6139	6145	6
3042	6145	6151	6
3043	6151	6157	6
3044	6157	6163	6
3045	6163	6169	6
3046	6169	6175	6
3047	6175	6181	6
3048	6181	6187	6
3049	6187	6193	6
3050	6193	6199	6
3051	6199	6205	6
3052	6205	6211	6
3053	6211	6217	6
3054	6217	6223	6
3055	6223	6229	6
3056	6229	6235	6
3057	6235	6241	6
3058	6241	6247	6
3059	6247	6253	6
3060	6253	6259	6
3061	6259	6265	6
3062	6265	6271	6
3063	6271	6277	6
3064	6277	6283	6
3065	6283	6289	6
3066	6289	6295	6
3067	6295	6301	6
3068	6301	6307	6
3069	6307	6313	6
3070	6313	6319	6
3071	6319	6325	6
3072	6325	6331	6
3073	6331	6337	6
3074	6337	6343	6
3075	6343	6349	6
3076	6349	6355	6
3077	6355	6361	6
3078	6361	6367	6
3079	6367	6373	6
3080	6373	6379	6
3081	6379	6385	6
3082	6385	6391	6
3083	6391	6397	6
3084	6397	6403	6
3085	6403	6409	6
3086	6409	6415	6
3087	6415	6421	6
3088	6421	6427	6
3089	6427	6433	6
3090	6433	6439	6
3091	6439	6445	6
3092	6445	6451	6
3093	6451	6457	6
3094	6457	6463	6
3095	6463	6469	6
3096	6469	6475	6
3097	6475	6481	6
3098	6481	6487	6
3099	6487	6493	6
3100	6493	6499	6
3101	6499	6505	6
3102	6505	6511	6
3103	6511	6517	6
3104	6517	6523	6
3105	6523	6529	6
3106	6529	6535	6
3107	6535	6541	6
3108	6541	6547	6
3109	6547	6553	6
3110	6553	6559	6
3111	6559	6565	6
3112	6565	6571	6
3113	6571	6577	6
3114	6577	6583	6
3115	6583	6589	6
3116	6589	6595	6
3117	6595	6601	6
3118	6601	6607	6
3119	6607	6613	6
3120	6613	6619	6
3121	6619	6625	6
3122	6625	6631	6
3123	6631	6637	6
3124	6637	6643	6
3125	6643	6649	6
3126	6649	6655	6
3127	6655	6661	6
3128	6661	6667	6
3129	6667	6673	6
3130	6673	6679	6
3131	6679	6685	6
3132	6685	6691	6
3133	6691	6697	6
3134	6697	6703	6
3135	6703	6709	6
3136	6709	6715	6
3137	6715	6721	6
3138	6721	6727	6
3139	6727	6733	6
3140	6733	6739	6
3141	6739	6745	6
3142	6745	6751	6
3143	6751	6757	6
3144	6757	6763	6
3145	6763	6769	6
3146	6769	6775	6
3147	6775	6781	6
3148	6781	6787	6
3149	6787	6793	6
3150	6793	6799	6
3151	6799	6805	6
3152	6805	6811	6
3153	6811	6817	6
3154	6817	6823	6
3155	6823	6829	6
3156	6829	6835	6
3157	6835	6841	6
3158	6841	6847	6
3159	6847	6853	6
3160	6853	6859	6
3161	6859	6865	6
3162	6865	6871	6
3163	6871	6877	6
3164	6877	6884	7
3165	6884	6891	7
3166	6891	6898	7
3167	6898	6905	7
3168	6905	6912	7
3169	6912	6919	7
3170	6919	6926	7
3171	6926	6933	7
3172	6933	6940	7
3173	6940	6947	7
3174	6947	6954	7
3175	6954	6961	7
3176	6961	6968	7
3177	6968	6975	7
3178	6975	6982	7
3179	6982	6989	7
3180	6989	6996	7
3181	6996	7003	7
3182	7003	7010	7
3183	7010	7017	7
3184	7017	7024	7
3185	7024	7031	7
3186	7031	7038	7
3187	7038	7045	7
3188	7045	7052	7
3189	7052	7059	7
3190	7059	7066	7
3191	7066	7073	7
3192	7073	7080	7
3193	7080	7087	7
3194	7087	7094	7
3195	7094	7101	7
3196	7101	7108	7
3197	7108	7115	7
3198	7115	7122	7
3199	7122	7129	7
3200	7129	7136	7
3201	7136	7143	7
3202	7143	7150	7
3203	7150	7157	7
3204	7157	7164	7
3205	7164	7171	7
3206	7171	7178	7
3207	7178	7185	7
3208	7185	7192	7
3209	7192	7199	7
3210	7199	7206	7
3211	7206	7213	7
3212	7213	7220	7
3213	7220	7227	7
3214	7227	7234	7
3215	7234	7241	7
3216	7241	7248	7
3217	7248	7255	7
3218	7255	7262	7
3219	7262	7269	7
3220	7269	7276	7
3221	7276	7283	7
3222	7283	7290	7
3223	7290	7297	7
3224	7297	7304	7
3225	7304	7311	7
3226	7311	7318	7
3227	7318	7325	7
3228	7325	7332	7
3229	7332	7339	7
3230	7339	7346	7
3231	7346	7353	7
3232	7353	7360	7
3233	7360	7367	7
3234	7367	7374	7
3235	7374	7381	7
3236	7381	7388	7
3237	7388	7395	7
3238	7395	7402	7
3239	7402	7409	7
3240	7409	7416	7
3241	7416	7423	7
3242	7423	7430	7
3243	7430	7437	7
3244	7437	7444	7
3245	7444	7451	7
3246	7451	7458	7
3247	7458	7465	7
3248	7465	7472	7
3249	7472	7479	7
3250	7479	7486	7
3251	7486	7493	7
3252	7493	7500	7
3253	7500	7508	8
3254	7508	7516	8
3255	7516	7524	8
3256	7524	7532	8
3257	7532	7540	8
3258	7540	7548	8
3259	7548	7556	8
3260	7556	7564	8
3261	7564	7572	8
3262	7572	7580	8
3263	7580	7588	8
3264	7588	7596	8
3265	7596	7604	8
3266	7604	7612	8
3267	7612	7620	8
3268	7620	7628	8
3269	7628	7636	8
3270	7636	7644	8
3271	7644	7652	8
3272	7652	7660	8
3273	7660	7668	8
3274	7668	7676	8
3275	7676	7684	8
3276	7684	7692	8
3277	7692	7700	8
3278	7700	7708	8
3279	7708	7716	8
3280	7716	7724	8
3281	7724	7732	8
3282	7732	7740	8
3283	7740	7748	8
3284	7748	7756	8
3285	7756	7764	8
3286	7764	7772	8
3287	7772	7780	8
3288	7780	7788	8
3289	7788	7796	8
3290	7796	7804	8
3291	7804	7812	8
3292	7812	7820	8
3293	7820	7828	8
3294	7828	7836	8
3295	7836	7844	8
3296	7844	7852	8
3297	7852	7860	8
3298	7860	7868	8
3299	7868	7876	8
3300	7876	7884	8
3301	7884	7892	8
3302	7892	7900	8
3303	7900	7908	8
3304	7908	7916	8
3305	7916	7924	8
3306	7924	7932	8
3307	7932	7940	8
3308	7940	7948	8
3309	7948	7956	8
3310	7956	7964	8
3311	7964	7972	8
3312	7972	7980	8
3313	7980	7988	8
3314	7988	7996	8
3315	7996	8004	8
3316	8004	8012	8
3317	8012	8020	8
3318	8020	8029	9
3319	8029	8038	9
3320	8038	8047	9
3321	8047	8056	9
3322	8056	8065	9
3323	8065	8074	9
3324	8074	8083	9
3325	8083	8092	9
3326	8092	8101	9
3327	8101	8110	9
3328	8110	8119	9
3329	8119	8128	9
3330	8128	8137	9
3331	8137	8146	9
3332	8146	8155	9
3333	8155	8164	9
3334	8164	8173	9
3335	8173	8182	9
3336	8182	8191	9
3337	8191	8200	9
3338	8200	8209	9
3339	8209	8218	9
3340	8218	8227	9
3341	8227	8236	9
3342	8236	8245	9
3343	8245	8254	9
3344	8254	8263	9
3345	8263	8272	9
3346	8272	8281	9
3347	8281	8290	9
3348	8290	8299	9
3349	8299	8308	9
3350	8308	8317	9
3351	8317	8326	9
3352	8326	8335	9
3353	8335	8344	9
3354	8344	8353	9
3355	8353	8362	9
3356	8362	8371	9
3357	8371	8380	9
3358	8380	8389	9
3359	8389	8398	9
3360	8398	8407	9
3361	8407	8416	9
3362	8416	8425	9
3363	8425	8434	9
3364	8434	8443	9
3365	8443	8452	9
3366	8452	8461	9
3367	8461	8470	9
3368	8470	8479	9
3369	8479	8488	9
3370	8488	8497	9
3371	8497	8506	9
3372	8506	8515	9
3373	8515	8524	9
3374	8524	8533	9
3375	8533	8542	9
3376	8542	8551	9
3377	8551	8560	9
3378	8560	8569	9
3379	8569	8578	9
3380	8578	8587	9
3381	8587	8596	9
3382	8596	8605	9
3383	8605	8614	9
3384	8614	8623	9
3385	8623	8632	9
3386	8632	8641	9
3387	8641	8650	9
3388	8650	8660	10
3389	8660	8670	10
3390	8670	8680	10
3391	8680	8690	10
3392	8690	8700	10
3393	8700	8710	10
3394	8710	8720	10
3395	8720	8730	10
3396	8730	8740	10
3397	8740	8750	10
3398	8750	8760	10
3399	8760	8770	10
3400	8770	8780	10
3401	8780	8790	10
3402	8790	8800	10
3403	8800	8810	10
3404	8810	8820	10
3405	8820	8830	10
3406	8830	8840	10
3407	8840	8850	10
3408	8850	8860	10
3409	8860	8870	10
3410	8870	8880	10
3411	8880	8890	10
3412	8890	8900	10
3413	8900	8910	10
3414	8910	8920	10
3415	8920	8930	10
3416	8930	8940	10
3417	8940	8950	10
3418	8950	8960	10
3419	8960	8970	10
3420	8970	8980	10
3421	8980	8990	10
3422	8990	9000	10
3423	9000	9010	10
3424	9010	9020	10
3425	9020	9030	10
3426	9030	9040	10
3427	9040	9050	10
3428	9050	9060	10
3429	9060	9070	10
3430	9070	9080	10
3431	9080	9090	10
3432	9090	9100	10
3433	9100	9110	10
3434	9110	9120	10
3435	9120	9130	10
3436	9130	9140	10
3437	9140	9150	10
3438	9150	9160	10
3439	9160	9170	10
3440	9170	9181	11
3441	9181	9192	11
3442	9192	9203	11
3443	9203	9214	11
3444	9214	9225	11
3445	9225	9236	11
3446	9236	9247	11
3447	9247	9258	11
3448	9258	9269	11
3449	9269	9280	11
3450	9280	9291	11
3451	9291	9302	11
3452	9302	9313	11
3453	9313	9324	11
3454	9324	9335	11
3455	9335	9346	11
3456	9346	9357	11
3457	9357	9368	11
3458	9368	9379	11
3459	9379	9390	11
3460	9390	9401	11
3461	9401	9412	11
3462	9412	9423	11
3463	9423	9434	11
3464	9434	9445	11
3465	9445	9456	11
3466	9456	9467	11
3467	9467	9478	11
3468	9478	9489	11
3469	9489	9500	11
3470	9500	9511	11
3471	9511	9522	11
3472	9522	9533	11
3473	9533	9544	11
3474	9544	9555	11
3475	9555	9566	11
3476	9566	9577	11
3477	9577	9588	11
3478	9588	9599	11
3479	9599	9610	11
3480	9610	9622	12
3481	9622	9634	12
3482	9634	9646	12
3483	9646	9658	12
3484	9658	9670	12
3485	9670	9682	12
3486	9682	9694	12
3487	9694	9706	12
3488	9706	9718	12
3489	9718	9730	12
3490	9730	9742	12
3491	9742	9754	12
3492	9754	9766	12
3493	9766	9778	12
3494	9778	9790	12
3495	9790	9802	12
3496	9802	9814	12
3497	9814	9826	12
3498	9826	9838	12
3499	9838	9850	12
3500	9850	9862	12
3501	9862	9874	12
3502	9874	9886	12
3503	9886	9898	12
3504	9898	9910	12
3505	9910	9922	12
3506	9922	9934	12
3507	9934	9946	12
3508	9946	9958	12
3509	9958	9970	12
3510	9970	9982	12
3511	9982	9994	12
3512	9994	10007	13
3513	10007	10020	13
3514	10020	10033	13
3515	10033	10046	13
3516	10046	10059	13
3517	10059	10072	13
3518	10072	10085	13
3519	10085	10098	13
3520	10098	10111	13
3521	10111	10124	13
3522	10124	10137	13
3523	10137	10150	13
3524	10150	10163	13
3525	10163	10176	13
3526	10176	10189	13
3527	10189	10202	13
