#
#N Pointing	tstart	tend	Obs time
#		s
1	210	211	1
2	211	212	1
3	212	213	1
4	213	214	1
5	214	215	1
6	215	216	1
7	216	217	1
8	217	218	1
9	218	219	1
10	219	220	1
11	220	221	1
12	221	222	1
13	222	223	1
14	223	224	1
15	224	225	1
16	225	226	1
17	226	227	1
18	227	228	1
19	228	229	1
20	229	230	1
21	230	231	1
22	231	232	1
23	232	233	1
24	233	234	1
25	234	235	1
26	235	236	1
27	236	237	1
28	237	238	1
29	238	239	1
30	239	240	1
31	240	241	1
32	241	242	1
33	242	243	1
34	243	244	1
35	244	245	1
36	245	246	1
37	246	247	1
38	247	248	1
39	248	249	1
40	249	250	1
41	250	251	1
42	251	252	1
43	252	253	1
44	253	254	1
45	254	255	1
46	255	256	1
47	256	257	1
48	257	258	1
49	258	259	1
50	259	260	1
51	260	261	1
52	261	262	1
53	262	263	1
54	263	264	1
55	264	265	1
56	265	266	1
57	266	267	1
58	267	268	1
59	268	269	1
60	269	270	1
61	270	271	1
62	271	272	1
63	272	273	1
64	273	274	1
65	274	275	1
66	275	276	1
67	276	277	1
68	277	278	1
69	278	279	1
70	279	280	1
71	280	281	1
72	281	282	1
73	282	283	1
74	283	284	1
75	284	285	1
76	285	286	1
77	286	287	1
78	287	288	1
79	288	289	1
80	289	290	1
81	290	291	1
82	291	292	1
83	292	293	1
84	293	294	1
85	294	295	1
86	295	296	1
87	296	297	1
88	297	298	1
89	298	299	1
90	299	300	1
91	300	301	1
92	301	302	1
93	302	303	1
94	303	304	1
95	304	305	1
96	305	306	1
97	306	307	1
98	307	308	1
99	308	309	1
100	309	310	1
101	310	311	1
102	311	312	1
103	312	313	1
104	313	314	1
105	314	315	1
106	315	316	1
107	316	317	1
108	317	318	1
109	318	319	1
110	319	320	1
111	320	321	1
112	321	322	1
113	322	323	1
114	323	324	1
115	324	325	1
116	325	326	1
117	326	327	1
118	327	328	1
119	328	329	1
120	329	330	1
121	330	331	1
122	331	332	1
123	332	333	1
124	333	334	1
125	334	335	1
126	335	336	1
127	336	337	1
128	337	338	1
129	338	339	1
130	339	340	1
131	340	341	1
132	341	342	1
133	342	343	1
134	343	344	1
135	344	345	1
136	345	346	1
137	346	347	1
138	347	348	1
139	348	349	1
140	349	350	1
141	350	351	1
142	351	352	1
143	352	353	1
144	353	354	1
145	354	355	1
146	355	356	1
147	356	357	1
148	357	358	1
149	358	359	1
150	359	360	1
151	360	361	1
152	361	362	1
153	362	363	1
154	363	364	1
155	364	365	1
156	365	366	1
157	366	367	1
158	367	368	1
159	368	369	1
160	369	370	1
161	370	371	1
162	371	372	1
163	372	373	1
164	373	374	1
165	374	375	1
166	375	376	1
167	376	377	1
168	377	378	1
169	378	379	1
170	379	380	1
171	380	381	1
172	381	382	1
173	382	383	1
174	383	384	1
175	384	385	1
176	385	386	1
177	386	387	1
178	387	388	1
179	388	389	1
180	389	390	1
181	390	391	1
182	391	392	1
183	392	393	1
184	393	394	1
185	394	395	1
186	395	396	1
187	396	397	1
188	397	398	1
189	398	399	1
190	399	400	1
191	400	401	1
192	401	402	1
193	402	403	1
194	403	404	1
195	404	405	1
196	405	406	1
197	406	407	1
198	407	408	1
199	408	409	1
200	409	410	1
201	410	411	1
202	411	412	1
203	412	413	1
204	413	414	1
205	414	415	1
206	415	416	1
207	416	417	1
208	417	418	1
209	418	419	1
210	419	420	1
211	420	421	1
212	421	422	1
213	422	423	1
214	423	424	1
215	424	425	1
216	425	426	1
217	426	427	1
218	427	428	1
219	428	429	1
220	429	430	1
221	430	431	1
222	431	432	1
223	432	433	1
224	433	434	1
225	434	435	1
226	435	436	1
227	436	437	1
228	437	438	1
229	438	439	1
230	439	440	1
231	440	441	1
232	441	442	1
233	442	443	1
234	443	444	1
235	444	445	1
236	445	446	1
237	446	447	1
238	447	448	1
239	448	449	1
240	449	450	1
241	450	451	1
242	451	452	1
243	452	453	1
244	453	454	1
245	454	455	1
246	455	456	1
247	456	457	1
248	457	458	1
249	458	459	1
250	459	460	1
251	460	461	1
252	461	462	1
253	462	463	1
254	463	464	1
255	464	465	1
256	465	466	1
257	466	467	1
258	467	468	1
259	468	469	1
260	469	470	1
261	470	471	1
262	471	472	1
263	472	473	1
264	473	474	1
265	474	475	1
266	475	476	1
267	476	477	1
268	477	478	1
269	478	479	1
270	479	480	1
271	480	481	1
272	481	482	1
273	482	483	1
274	483	484	1
275	484	485	1
276	485	486	1
277	486	487	1
278	487	488	1
279	488	489	1
280	489	490	1
281	490	491	1
282	491	492	1
283	492	493	1
284	493	494	1
285	494	495	1
286	495	496	1
287	496	497	1
288	497	498	1
289	498	499	1
290	499	500	1
291	500	501	1
292	501	502	1
293	502	503	1
294	503	504	1
295	504	505	1
296	505	506	1
297	506	507	1
298	507	508	1
299	508	509	1
300	509	510	1
301	510	511	1
302	511	512	1
303	512	513	1
304	513	514	1
305	514	515	1
306	515	516	1
307	516	517	1
308	517	518	1
309	518	519	1
310	519	520	1
311	520	521	1
312	521	522	1
313	522	523	1
314	523	524	1
315	524	525	1
316	525	526	1
317	526	527	1
318	527	528	1
319	528	529	1
320	529	530	1
321	530	531	1
322	531	532	1
323	532	533	1
324	533	534	1
325	534	535	1
326	535	536	1
327	536	537	1
328	537	538	1
329	538	539	1
330	539	540	1
331	540	541	1
332	541	542	1
333	542	543	1
334	543	544	1
335	544	545	1
336	545	546	1
337	546	547	1
338	547	548	1
339	548	549	1
340	549	550	1
341	550	551	1
342	551	552	1
343	552	553	1
344	553	554	1
345	554	555	1
346	555	556	1
347	556	557	1
348	557	558	1
349	558	559	1
350	559	560	1
351	560	561	1
352	561	562	1
353	562	563	1
354	563	564	1
355	564	565	1
356	565	566	1
357	566	567	1
358	567	568	1
359	568	569	1
360	569	570	1
361	570	571	1
362	571	572	1
363	572	573	1
364	573	574	1
365	574	575	1
366	575	576	1
367	576	577	1
368	577	578	1
369	578	579	1
370	579	580	1
371	580	581	1
372	581	582	1
373	582	583	1
374	583	584	1
375	584	585	1
376	585	586	1
377	586	587	1
378	587	588	1
379	588	589	1
380	589	590	1
381	590	591	1
382	591	592	1
383	592	593	1
384	593	594	1
385	594	595	1
386	595	596	1
387	596	597	1
388	597	598	1
389	598	599	1
390	599	600	1
391	600	601	1
392	601	602	1
393	602	603	1
394	603	604	1
395	604	605	1
396	605	606	1
397	606	607	1
398	607	608	1
399	608	609	1
400	609	610	1
401	610	611	1
402	611	612	1
403	612	613	1
404	613	614	1
405	614	615	1
406	615	616	1
407	616	617	1
408	617	618	1
409	618	619	1
410	619	620	1
411	620	621	1
412	621	622	1
413	622	623	1
414	623	624	1
415	624	625	1
416	625	626	1
417	626	627	1
418	627	628	1
419	628	629	1
420	629	630	1
421	630	631	1
422	631	632	1
423	632	633	1
424	633	634	1
425	634	635	1
426	635	636	1
427	636	637	1
428	637	638	1
429	638	639	1
430	639	640	1
431	640	641	1
432	641	642	1
433	642	643	1
434	643	644	1
435	644	645	1
436	645	646	1
437	646	647	1
438	647	648	1
439	648	649	1
440	649	650	1
441	650	651	1
442	651	652	1
443	652	653	1
444	653	654	1
445	654	655	1
446	655	656	1
447	656	657	1
448	657	658	1
449	658	659	1
450	659	660	1
451	660	661	1
452	661	662	1
453	662	663	1
454	663	664	1
455	664	665	1
456	665	666	1
457	666	667	1
458	667	668	1
459	668	669	1
460	669	670	1
461	670	671	1
462	671	672	1
463	672	673	1
464	673	674	1
465	674	675	1
466	675	676	1
467	676	677	1
468	677	678	1
469	678	679	1
470	679	680	1
471	680	681	1
472	681	682	1
473	682	683	1
474	683	684	1
475	684	685	1
476	685	686	1
477	686	687	1
478	687	688	1
479	688	689	1
480	689	690	1
481	690	691	1
482	691	692	1
483	692	693	1
484	693	694	1
485	694	695	1
486	695	696	1
487	696	697	1
488	697	698	1
489	698	699	1
490	699	700	1
491	700	701	1
492	701	702	1
493	702	703	1
494	703	704	1
495	704	705	1
496	705	706	1
497	706	707	1
498	707	708	1
499	708	709	1
500	709	710	1
501	710	711	1
502	711	712	1
503	712	713	1
504	713	714	1
505	714	715	1
506	715	716	1
507	716	717	1
508	717	718	1
509	718	719	1
510	719	720	1
511	720	721	1
512	721	722	1
513	722	723	1
514	723	724	1
515	724	725	1
516	725	726	1
517	726	727	1
518	727	728	1
519	728	729	1
520	729	730	1
521	730	731	1
522	731	732	1
523	732	733	1
524	733	734	1
525	734	735	1
526	735	736	1
527	736	737	1
528	737	738	1
529	738	739	1
530	739	740	1
531	740	741	1
532	741	742	1
533	742	743	1
534	743	744	1
535	744	745	1
536	745	746	1
537	746	747	1
538	747	748	1
539	748	749	1
540	749	750	1
541	750	751	1
542	751	752	1
543	752	753	1
544	753	754	1
545	754	755	1
546	755	756	1
547	756	757	1
548	757	758	1
549	758	759	1
550	759	760	1
551	760	761	1
552	761	762	1
553	762	763	1
554	763	764	1
555	764	765	1
556	765	766	1
557	766	767	1
558	767	768	1
559	768	769	1
560	769	770	1
561	770	771	1
562	771	772	1
563	772	773	1
564	773	774	1
565	774	775	1
566	775	776	1
567	776	777	1
568	777	778	1
569	778	779	1
570	779	780	1
571	780	781	1
572	781	782	1
573	782	783	1
574	783	784	1
575	784	785	1
576	785	786	1
577	786	787	1
578	787	788	1
579	788	789	1
580	789	790	1
581	790	791	1
582	791	792	1
583	792	793	1
584	793	794	1
585	794	795	1
586	795	796	1
587	796	797	1
588	797	798	1
589	798	799	1
590	799	800	1
591	800	801	1
592	801	802	1
593	802	803	1
594	803	804	1
595	804	805	1
596	805	806	1
597	806	807	1
598	807	808	1
599	808	809	1
600	809	810	1
601	810	811	1
602	811	812	1
603	812	813	1
604	813	814	1
605	814	815	1
606	815	816	1
607	816	817	1
608	817	818	1
609	818	819	1
610	819	820	1
611	820	821	1
612	821	822	1
613	822	823	1
614	823	824	1
615	824	825	1
616	825	826	1
617	826	827	1
618	827	828	1
619	828	829	1
620	829	830	1
621	830	831	1
622	831	832	1
623	832	833	1
624	833	834	1
625	834	835	1
626	835	836	1
627	836	837	1
628	837	838	1
629	838	839	1
630	839	840	1
631	840	841	1
632	841	842	1
633	842	843	1
634	843	844	1
635	844	845	1
636	845	846	1
637	846	847	1
638	847	848	1
639	848	849	1
640	849	850	1
641	850	851	1
642	851	852	1
643	852	853	1
644	853	854	1
645	854	855	1
646	855	856	1
647	856	857	1
648	857	858	1
649	858	859	1
650	859	860	1
651	860	861	1
652	861	862	1
653	862	863	1
654	863	864	1
655	864	865	1
656	865	866	1
657	866	867	1
658	867	868	1
659	868	869	1
660	869	870	1
661	870	871	1
662	871	872	1
663	872	873	1
664	873	874	1
665	874	875	1
666	875	876	1
667	876	877	1
668	877	878	1
669	878	879	1
670	879	880	1
671	880	881	1
672	881	882	1
673	882	883	1
674	883	884	1
675	884	885	1
676	885	886	1
677	886	887	1
678	887	888	1
679	888	889	1
680	889	890	1
681	890	891	1
682	891	892	1
683	892	893	1
684	893	894	1
685	894	895	1
686	895	896	1
687	896	897	1
688	897	898	1
689	898	899	1
690	899	900	1
691	900	901	1
692	901	902	1
693	902	903	1
694	903	904	1
695	904	905	1
696	905	906	1
697	906	907	1
698	907	908	1
699	908	909	1
700	909	910	1
701	910	911	1
702	911	912	1
703	912	913	1
704	913	914	1
705	914	915	1
706	915	916	1
707	916	917	1
708	917	918	1
709	918	919	1
710	919	920	1
711	920	921	1
712	921	922	1
713	922	923	1
714	923	924	1
715	924	925	1
716	925	926	1
717	926	927	1
718	927	928	1
719	928	929	1
720	929	930	1
721	930	931	1
722	931	932	1
723	932	933	1
724	933	934	1
725	934	935	1
726	935	936	1
727	936	937	1
728	937	938	1
729	938	939	1
730	939	940	1
731	940	941	1
732	941	942	1
733	942	943	1
734	943	944	1
735	944	945	1
736	945	946	1
737	946	947	1
738	947	948	1
739	948	949	1
740	949	950	1
741	950	951	1
742	951	952	1
743	952	953	1
744	953	954	1
745	954	955	1
746	955	956	1
747	956	957	1
748	957	958	1
749	958	959	1
750	959	960	1
751	960	961	1
752	961	962	1
753	962	963	1
754	963	964	1
755	964	965	1
756	965	966	1
757	966	967	1
758	967	968	1
759	968	969	1
760	969	970	1
761	970	971	1
762	971	972	1
763	972	973	1
764	973	974	1
765	974	975	1
766	975	976	1
767	976	977	1
768	977	978	1
769	978	979	1
770	979	980	1
771	980	981	1
772	981	982	1
773	982	983	1
774	983	984	1
775	984	985	1
776	985	986	1
777	986	987	1
778	987	988	1
779	988	989	1
780	989	990	1
781	990	991	1
782	991	992	1
783	992	993	1
784	993	994	1
785	994	995	1
786	995	996	1
787	996	997	1
788	997	998	1
789	998	999	1
790	999	1000	1
791	1000	1001	1
792	1001	1002	1
793	1002	1003	1
794	1003	1004	1
795	1004	1005	1
796	1005	1006	1
797	1006	1007	1
798	1007	1008	1
799	1008	1009	1
800	1009	1010	1
801	1010	1011	1
802	1011	1012	1
803	1012	1013	1
804	1013	1014	1
805	1014	1015	1
806	1015	1016	1
807	1016	1017	1
808	1017	1018	1
809	1018	1019	1
810	1019	1020	1
811	1020	1021	1
812	1021	1022	1
813	1022	1023	1
814	1023	1024	1
815	1024	1025	1
816	1025	1026	1
817	1026	1027	1
818	1027	1028	1
819	1028	1029	1
820	1029	1030	1
821	1030	1031	1
822	1031	1032	1
823	1032	1033	1
824	1033	1034	1
825	1034	1035	1
826	1035	1036	1
827	1036	1037	1
828	1037	1038	1
829	1038	1039	1
830	1039	1040	1
831	1040	1041	1
832	1041	1042	1
833	1042	1043	1
834	1043	1044	1
835	1044	1045	1
836	1045	1046	1
837	1046	1047	1
838	1047	1048	1
839	1048	1049	1
840	1049	1050	1
841	1050	1051	1
842	1051	1052	1
843	1052	1053	1
844	1053	1054	1
845	1054	1055	1
846	1055	1056	1
847	1056	1057	1
848	1057	1058	1
849	1058	1059	1
850	1059	1060	1
851	1060	1061	1
852	1061	1062	1
853	1062	1063	1
854	1063	1064	1
855	1064	1065	1
856	1065	1066	1
857	1066	1067	1
858	1067	1068	1
859	1068	1069	1
860	1069	1070	1
861	1070	1071	1
862	1071	1072	1
863	1072	1073	1
864	1073	1074	1
865	1074	1075	1
866	1075	1076	1
867	1076	1077	1
868	1077	1078	1
869	1078	1079	1
870	1079	1080	1
871	1080	1081	1
872	1081	1082	1
873	1082	1083	1
874	1083	1084	1
875	1084	1085	1
876	1085	1086	1
877	1086	1087	1
878	1087	1088	1
879	1088	1089	1
880	1089	1090	1
881	1090	1091	1
882	1091	1092	1
883	1092	1093	1
884	1093	1094	1
885	1094	1095	1
886	1095	1096	1
887	1096	1097	1
888	1097	1098	1
889	1098	1099	1
890	1099	1100	1
891	1100	1101	1
892	1101	1102	1
893	1102	1103	1
894	1103	1104	1
895	1104	1105	1
896	1105	1106	1
897	1106	1107	1
898	1107	1108	1
899	1108	1109	1
900	1109	1110	1
901	1110	1111	1
902	1111	1112	1
903	1112	1113	1
904	1113	1114	1
905	1114	1115	1
906	1115	1116	1
907	1116	1117	1
908	1117	1118	1
909	1118	1119	1
910	1119	1120	1
911	1120	1121	1
912	1121	1122	1
913	1122	1123	1
914	1123	1124	1
915	1124	1125	1
916	1125	1126	1
917	1126	1127	1
918	1127	1128	1
919	1128	1129	1
920	1129	1130	1
921	1130	1131	1
922	1131	1132	1
923	1132	1133	1
924	1133	1134	1
925	1134	1135	1
926	1135	1136	1
927	1136	1137	1
928	1137	1138	1
929	1138	1139	1
930	1139	1140	1
931	1140	1141	1
932	1141	1142	1
933	1142	1143	1
934	1143	1144	1
935	1144	1145	1
936	1145	1146	1
937	1146	1147	1
938	1147	1148	1
939	1148	1149	1
940	1149	1150	1
941	1150	1151	1
942	1151	1152	1
943	1152	1153	1
944	1153	1154	1
945	1154	1155	1
946	1155	1156	1
947	1156	1157	1
948	1157	1158	1
949	1158	1159	1
950	1159	1160	1
951	1160	1161	1
952	1161	1162	1
953	1162	1163	1
954	1163	1164	1
955	1164	1165	1
956	1165	1166	1
957	1166	1167	1
958	1167	1168	1
959	1168	1169	1
960	1169	1170	1
961	1170	1171	1
962	1171	1172	1
963	1172	1173	1
964	1173	1174	1
965	1174	1175	1
966	1175	1176	1
967	1176	1177	1
968	1177	1178	1
969	1178	1179	1
970	1179	1180	1
971	1180	1181	1
972	1181	1182	1
973	1182	1183	1
974	1183	1184	1
975	1184	1185	1
976	1185	1186	1
977	1186	1187	1
978	1187	1188	1
979	1188	1189	1
980	1189	1190	1
981	1190	1191	1
982	1191	1192	1
983	1192	1193	1
984	1193	1194	1
985	1194	1195	1
986	1195	1196	1
987	1196	1197	1
988	1197	1198	1
989	1198	1199	1
990	1199	1200	1
991	1200	1201	1
992	1201	1202	1
993	1202	1203	1
994	1203	1204	1
995	1204	1205	1
996	1205	1206	1
997	1206	1207	1
998	1207	1208	1
999	1208	1209	1
1000	1209	1210	1
1001	1210	1211	1
1002	1211	1212	1
1003	1212	1213	1
1004	1213	1214	1
1005	1214	1215	1
1006	1215	1216	1
1007	1216	1217	1
1008	1217	1218	1
1009	1218	1219	1
1010	1219	1220	1
1011	1220	1221	1
1012	1221	1222	1
1013	1222	1223	1
1014	1223	1224	1
1015	1224	1225	1
1016	1225	1226	1
1017	1226	1227	1
1018	1227	1228	1
1019	1228	1229	1
1020	1229	1230	1
1021	1230	1231	1
1022	1231	1232	1
1023	1232	1233	1
1024	1233	1234	1
1025	1234	1235	1
1026	1235	1236	1
1027	1236	1237	1
1028	1237	1238	1
1029	1238	1239	1
1030	1239	1240	1
1031	1240	1241	1
1032	1241	1242	1
1033	1242	1243	1
1034	1243	1244	1
1035	1244	1245	1
1036	1245	1246	1
1037	1246	1247	1
1038	1247	1248	1
1039	1248	1249	1
1040	1249	1250	1
1041	1250	1251	1
1042	1251	1252	1
1043	1252	1253	1
1044	1253	1254	1
1045	1254	1255	1
1046	1255	1256	1
1047	1256	1257	1
1048	1257	1258	1
1049	1258	1259	1
1050	1259	1260	1
1051	1260	1261	1
1052	1261	1262	1
1053	1262	1263	1
1054	1263	1264	1
1055	1264	1265	1
1056	1265	1266	1
1057	1266	1267	1
1058	1267	1268	1
1059	1268	1269	1
1060	1269	1270	1
1061	1270	1271	1
1062	1271	1272	1
1063	1272	1273	1
1064	1273	1274	1
1065	1274	1275	1
1066	1275	1276	1
1067	1276	1277	1
1068	1277	1278	1
1069	1278	1279	1
1070	1279	1280	1
1071	1280	1281	1
1072	1281	1282	1
1073	1282	1283	1
1074	1283	1284	1
1075	1284	1285	1
1076	1285	1286	1
1077	1286	1287	1
1078	1287	1288	1
1079	1288	1289	1
1080	1289	1290	1
1081	1290	1291	1
1082	1291	1292	1
1083	1292	1293	1
1084	1293	1294	1
1085	1294	1295	1
1086	1295	1296	1
1087	1296	1297	1
1088	1297	1298	1
1089	1298	1299	1
1090	1299	1300	1
1091	1300	1301	1
1092	1301	1302	1
1093	1302	1303	1
1094	1303	1304	1
1095	1304	1305	1
1096	1305	1306	1
1097	1306	1307	1
1098	1307	1308	1
1099	1308	1309	1
1100	1309	1310	1
1101	1310	1311	1
1102	1311	1312	1
1103	1312	1313	1
1104	1313	1314	1
1105	1314	1315	1
1106	1315	1316	1
1107	1316	1317	1
1108	1317	1318	1
1109	1318	1319	1
1110	1319	1320	1
1111	1320	1321	1
1112	1321	1322	1
1113	1322	1323	1
1114	1323	1324	1
1115	1324	1325	1
1116	1325	1326	1
1117	1326	1327	1
1118	1327	1328	1
1119	1328	1329	1
1120	1329	1330	1
1121	1330	1331	1
1122	1331	1332	1
1123	1332	1333	1
1124	1333	1334	1
1125	1334	1335	1
1126	1335	1336	1
1127	1336	1337	1
1128	1337	1338	1
1129	1338	1339	1
1130	1339	1340	1
1131	1340	1341	1
1132	1341	1342	1
1133	1342	1343	1
1134	1343	1344	1
1135	1344	1345	1
1136	1345	1346	1
1137	1346	1347	1
1138	1347	1348	1
1139	1348	1349	1
1140	1349	1350	1
1141	1350	1351	1
1142	1351	1352	1
1143	1352	1353	1
1144	1353	1354	1
1145	1354	1355	1
1146	1355	1356	1
1147	1356	1357	1
1148	1357	1358	1
1149	1358	1359	1
1150	1359	1360	1
1151	1360	1361	1
1152	1361	1362	1
1153	1362	1363	1
1154	1363	1364	1
1155	1364	1365	1
1156	1365	1366	1
1157	1366	1367	1
1158	1367	1368	1
1159	1368	1369	1
1160	1369	1370	1
1161	1370	1371	1
1162	1371	1372	1
1163	1372	1373	1
1164	1373	1374	1
1165	1374	1375	1
1166	1375	1376	1
1167	1376	1377	1
1168	1377	1378	1
1169	1378	1379	1
1170	1379	1380	1
1171	1380	1381	1
1172	1381	1382	1
1173	1382	1383	1
1174	1383	1384	1
1175	1384	1385	1
1176	1385	1386	1
1177	1386	1387	1
1178	1387	1388	1
1179	1388	1389	1
1180	1389	1390	1
1181	1390	1391	1
1182	1391	1392	1
1183	1392	1393	1
1184	1393	1394	1
1185	1394	1395	1
1186	1395	1396	1
1187	1396	1397	1
1188	1397	1398	1
1189	1398	1399	1
1190	1399	1400	1
1191	1400	1401	1
1192	1401	1402	1
1193	1402	1403	1
1194	1403	1404	1
1195	1404	1405	1
1196	1405	1406	1
1197	1406	1407	1
1198	1407	1408	1
1199	1408	1409	1
1200	1409	1410	1
1201	1410	1411	1
1202	1411	1412	1
1203	1412	1413	1
1204	1413	1414	1
1205	1414	1415	1
1206	1415	1416	1
1207	1416	1417	1
1208	1417	1418	1
1209	1418	1419	1
1210	1419	1420	1
1211	1420	1421	1
1212	1421	1422	1
1213	1422	1423	1
1214	1423	1424	1
1215	1424	1425	1
1216	1425	1426	1
1217	1426	1427	1
1218	1427	1428	1
1219	1428	1429	1
1220	1429	1430	1
1221	1430	1431	1
1222	1431	1432	1
1223	1432	1433	1
1224	1433	1434	1
1225	1434	1435	1
1226	1435	1436	1
1227	1436	1437	1
1228	1437	1438	1
1229	1438	1439	1
1230	1439	1440	1
1231	1440	1441	1
1232	1441	1442	1
1233	1442	1443	1
1234	1443	1444	1
1235	1444	1445	1
1236	1445	1446	1
1237	1446	1447	1
1238	1447	1448	1
1239	1448	1449	1
1240	1449	1450	1
1241	1450	1451	1
1242	1451	1452	1
1243	1452	1453	1
1244	1453	1454	1
1245	1454	1455	1
1246	1455	1456	1
1247	1456	1457	1
1248	1457	1458	1
1249	1458	1459	1
1250	1459	1460	1
1251	1460	1461	1
1252	1461	1462	1
1253	1462	1463	1
1254	1463	1464	1
1255	1464	1465	1
1256	1465	1466	1
1257	1466	1467	1
1258	1467	1468	1
1259	1468	1469	1
1260	1469	1470	1
1261	1470	1471	1
1262	1471	1472	1
1263	1472	1473	1
1264	1473	1474	1
1265	1474	1475	1
1266	1475	1476	1
1267	1476	1477	1
1268	1477	1478	1
1269	1478	1479	1
1270	1479	1480	1
1271	1480	1481	1
1272	1481	1482	1
1273	1482	1483	1
1274	1483	1484	1
1275	1484	1485	1
1276	1485	1486	1
1277	1486	1487	1
1278	1487	1488	1
1279	1488	1489	1
1280	1489	1490	1
1281	1490	1491	1
1282	1491	1492	1
1283	1492	1493	1
1284	1493	1494	1
1285	1494	1495	1
1286	1495	1496	1
1287	1496	1497	1
1288	1497	1498	1
1289	1498	1499	1
1290	1499	1500	1
1291	1500	1501	1
1292	1501	1502	1
1293	1502	1503	1
1294	1503	1504	1
1295	1504	1505	1
1296	1505	1506	1
1297	1506	1507	1
1298	1507	1508	1
1299	1508	1509	1
1300	1509	1510	1
1301	1510	1511	1
1302	1511	1512	1
1303	1512	1513	1
1304	1513	1514	1
1305	1514	1515	1
1306	1515	1516	1
1307	1516	1517	1
1308	1517	1518	1
1309	1518	1519	1
1310	1519	1520	1
1311	1520	1521	1
1312	1521	1522	1
1313	1522	1523	1
1314	1523	1524	1
1315	1524	1525	1
1316	1525	1526	1
1317	1526	1527	1
1318	1527	1528	1
1319	1528	1529	1
1320	1529	1530	1
1321	1530	1531	1
1322	1531	1532	1
1323	1532	1533	1
1324	1533	1534	1
1325	1534	1535	1
1326	1535	1536	1
1327	1536	1537	1
1328	1537	1538	1
1329	1538	1539	1
1330	1539	1540	1
1331	1540	1541	1
1332	1541	1542	1
1333	1542	1543	1
1334	1543	1544	1
1335	1544	1545	1
1336	1545	1546	1
1337	1546	1547	1
1338	1547	1548	1
1339	1548	1549	1
1340	1549	1550	1
1341	1550	1551	1
1342	1551	1552	1
1343	1552	1553	1
1344	1553	1554	1
1345	1554	1555	1
1346	1555	1556	1
1347	1556	1557	1
1348	1557	1558	1
1349	1558	1559	1
1350	1559	1560	1
1351	1560	1561	1
1352	1561	1562	1
1353	1562	1563	1
1354	1563	1564	1
1355	1564	1565	1
1356	1565	1566	1
1357	1566	1567	1
1358	1567	1568	1
1359	1568	1569	1
1360	1569	1570	1
1361	1570	1571	1
1362	1571	1572	1
1363	1572	1573	1
1364	1573	1574	1
1365	1574	1575	1
1366	1575	1576	1
1367	1576	1577	1
1368	1577	1578	1
1369	1578	1579	1
1370	1579	1580	1
1371	1580	1581	1
1372	1581	1582	1
1373	1582	1583	1
1374	1583	1584	1
1375	1584	1585	1
1376	1585	1586	1
1377	1586	1587	1
1378	1587	1588	1
1379	1588	1590	2
1380	1590	1592	2
1381	1592	1594	2
1382	1594	1596	2
1383	1596	1598	2
1384	1598	1600	2
1385	1600	1602	2
1386	1602	1604	2
1387	1604	1606	2
1388	1606	1608	2
1389	1608	1610	2
1390	1610	1612	2
1391	1612	1614	2
1392	1614	1616	2
1393	1616	1618	2
1394	1618	1620	2
1395	1620	1622	2
1396	1622	1624	2
1397	1624	1626	2
1398	1626	1628	2
1399	1628	1630	2
1400	1630	1632	2
1401	1632	1634	2
1402	1634	1636	2
1403	1636	1638	2
1404	1638	1640	2
1405	1640	1642	2
1406	1642	1644	2
1407	1644	1646	2
1408	1646	1648	2
1409	1648	1650	2
1410	1650	1652	2
1411	1652	1654	2
1412	1654	1656	2
1413	1656	1658	2
1414	1658	1660	2
1415	1660	1662	2
1416	1662	1664	2
1417	1664	1666	2
1418	1666	1668	2
1419	1668	1670	2
1420	1670	1672	2
1421	1672	1674	2
1422	1674	1676	2
1423	1676	1678	2
1424	1678	1680	2
1425	1680	1682	2
1426	1682	1684	2
1427	1684	1686	2
1428	1686	1688	2
1429	1688	1690	2
1430	1690	1692	2
1431	1692	1694	2
1432	1694	1696	2
1433	1696	1698	2
1434	1698	1700	2
1435	1700	1702	2
1436	1702	1704	2
1437	1704	1706	2
1438	1706	1708	2
1439	1708	1710	2
1440	1710	1712	2
1441	1712	1714	2
1442	1714	1716	2
1443	1716	1718	2
1444	1718	1720	2
1445	1720	1722	2
1446	1722	1724	2
1447	1724	1726	2
1448	1726	1728	2
1449	1728	1730	2
1450	1730	1732	2
1451	1732	1734	2
1452	1734	1736	2
1453	1736	1738	2
1454	1738	1740	2
1455	1740	1742	2
1456	1742	1744	2
1457	1744	1746	2
1458	1746	1748	2
1459	1748	1750	2
1460	1750	1752	2
1461	1752	1754	2
1462	1754	1756	2
1463	1756	1758	2
1464	1758	1760	2
1465	1760	1762	2
1466	1762	1764	2
1467	1764	1766	2
1468	1766	1768	2
1469	1768	1770	2
1470	1770	1772	2
1471	1772	1774	2
1472	1774	1776	2
1473	1776	1778	2
1474	1778	1780	2
1475	1780	1782	2
1476	1782	1784	2
1477	1784	1786	2
1478	1786	1788	2
1479	1788	1790	2
1480	1790	1792	2
1481	1792	1794	2
1482	1794	1796	2
1483	1796	1798	2
1484	1798	1800	2
1485	1800	1802	2
1486	1802	1804	2
1487	1804	1806	2
1488	1806	1808	2
1489	1808	1810	2
1490	1810	1812	2
1491	1812	1814	2
1492	1814	1816	2
1493	1816	1818	2
1494	1818	1820	2
1495	1820	1822	2
1496	1822	1824	2
1497	1824	1826	2
1498	1826	1828	2
1499	1828	1830	2
1500	1830	1832	2
1501	1832	1834	2
1502	1834	1836	2
1503	1836	1838	2
1504	1838	1840	2
1505	1840	1842	2
1506	1842	1844	2
1507	1844	1846	2
1508	1846	1848	2
1509	1848	1850	2
1510	1850	1852	2
1511	1852	1854	2
1512	1854	1856	2
1513	1856	1858	2
1514	1858	1860	2
1515	1860	1862	2
1516	1862	1864	2
1517	1864	1866	2
1518	1866	1868	2
1519	1868	1870	2
1520	1870	1872	2
1521	1872	1874	2
1522	1874	1876	2
1523	1876	1878	2
1524	1878	1880	2
1525	1880	1882	2
1526	1882	1884	2
1527	1884	1886	2
1528	1886	1888	2
1529	1888	1890	2
1530	1890	1892	2
1531	1892	1894	2
1532	1894	1896	2
1533	1896	1898	2
1534	1898	1900	2
1535	1900	1902	2
1536	1902	1904	2
1537	1904	1906	2
1538	1906	1908	2
1539	1908	1910	2
1540	1910	1912	2
1541	1912	1914	2
1542	1914	1916	2
1543	1916	1918	2
1544	1918	1920	2
1545	1920	1922	2
1546	1922	1924	2
1547	1924	1926	2
1548	1926	1928	2
1549	1928	1930	2
1550	1930	1932	2
1551	1932	1934	2
1552	1934	1936	2
1553	1936	1938	2
1554	1938	1940	2
1555	1940	1942	2
1556	1942	1944	2
1557	1944	1946	2
1558	1946	1948	2
1559	1948	1950	2
1560	1950	1952	2
1561	1952	1954	2
1562	1954	1956	2
1563	1956	1958	2
1564	1958	1960	2
1565	1960	1962	2
1566	1962	1964	2
1567	1964	1966	2
1568	1966	1968	2
1569	1968	1970	2
1570	1970	1972	2
1571	1972	1974	2
1572	1974	1976	2
1573	1976	1978	2
1574	1978	1980	2
1575	1980	1982	2
1576	1982	1984	2
1577	1984	1986	2
1578	1986	1988	2
1579	1988	1990	2
1580	1990	1992	2
1581	1992	1994	2
1582	1994	1996	2
1583	1996	1998	2
1584	1998	2000	2
1585	2000	2002	2
1586	2002	2004	2
1587	2004	2006	2
1588	2006	2008	2
1589	2008	2010	2
1590	2010	2012	2
1591	2012	2014	2
1592	2014	2016	2
1593	2016	2018	2
1594	2018	2020	2
1595	2020	2022	2
1596	2022	2024	2
1597	2024	2026	2
1598	2026	2028	2
1599	2028	2030	2
1600	2030	2032	2
1601	2032	2034	2
1602	2034	2036	2
1603	2036	2038	2
1604	2038	2040	2
1605	2040	2042	2
1606	2042	2044	2
1607	2044	2046	2
1608	2046	2048	2
1609	2048	2050	2
1610	2050	2052	2
1611	2052	2054	2
1612	2054	2056	2
1613	2056	2058	2
1614	2058	2060	2
1615	2060	2062	2
1616	2062	2064	2
1617	2064	2066	2
1618	2066	2068	2
1619	2068	2070	2
1620	2070	2072	2
1621	2072	2074	2
1622	2074	2076	2
1623	2076	2078	2
1624	2078	2080	2
1625	2080	2082	2
1626	2082	2084	2
1627	2084	2086	2
1628	2086	2088	2
1629	2088	2090	2
1630	2090	2092	2
1631	2092	2094	2
1632	2094	2096	2
1633	2096	2098	2
1634	2098	2100	2
1635	2100	2102	2
1636	2102	2104	2
1637	2104	2106	2
1638	2106	2108	2
1639	2108	2110	2
1640	2110	2112	2
1641	2112	2114	2
1642	2114	2116	2
1643	2116	2118	2
1644	2118	2120	2
1645	2120	2122	2
1646	2122	2124	2
1647	2124	2126	2
1648	2126	2128	2
1649	2128	2130	2
1650	2130	2132	2
1651	2132	2134	2
1652	2134	2136	2
1653	2136	2138	2
1654	2138	2140	2
1655	2140	2142	2
1656	2142	2144	2
1657	2144	2146	2
1658	2146	2148	2
1659	2148	2150	2
1660	2150	2152	2
1661	2152	2154	2
1662	2154	2156	2
1663	2156	2158	2
1664	2158	2160	2
1665	2160	2162	2
1666	2162	2164	2
1667	2164	2166	2
1668	2166	2168	2
1669	2168	2170	2
1670	2170	2172	2
1671	2172	2174	2
1672	2174	2176	2
1673	2176	2178	2
1674	2178	2180	2
1675	2180	2182	2
1676	2182	2184	2
1677	2184	2186	2
1678	2186	2188	2
1679	2188	2190	2
1680	2190	2192	2
1681	2192	2194	2
1682	2194	2196	2
1683	2196	2198	2
1684	2198	2200	2
1685	2200	2202	2
1686	2202	2204	2
1687	2204	2206	2
1688	2206	2208	2
1689	2208	2210	2
1690	2210	2212	2
1691	2212	2214	2
1692	2214	2216	2
1693	2216	2218	2
1694	2218	2220	2
1695	2220	2222	2
1696	2222	2224	2
1697	2224	2226	2
1698	2226	2228	2
1699	2228	2230	2
1700	2230	2232	2
1701	2232	2234	2
1702	2234	2236	2
1703	2236	2238	2
1704	2238	2240	2
1705	2240	2242	2
1706	2242	2244	2
1707	2244	2246	2
1708	2246	2248	2
1709	2248	2250	2
1710	2250	2252	2
1711	2252	2254	2
1712	2254	2256	2
1713	2256	2258	2
1714	2258	2260	2
1715	2260	2262	2
1716	2262	2264	2
1717	2264	2266	2
1718	2266	2268	2
1719	2268	2270	2
1720	2270	2272	2
1721	2272	2274	2
1722	2274	2276	2
1723	2276	2278	2
1724	2278	2280	2
1725	2280	2282	2
1726	2282	2284	2
1727	2284	2286	2
1728	2286	2288	2
1729	2288	2290	2
1730	2290	2292	2
1731	2292	2294	2
1732	2294	2296	2
1733	2296	2298	2
1734	2298	2300	2
1735	2300	2302	2
1736	2302	2304	2
1737	2304	2306	2
1738	2306	2308	2
1739	2308	2310	2
1740	2310	2312	2
1741	2312	2314	2
1742	2314	2316	2
1743	2316	2318	2
1744	2318	2320	2
1745	2320	2322	2
1746	2322	2324	2
1747	2324	2326	2
1748	2326	2328	2
1749	2328	2330	2
1750	2330	2332	2
1751	2332	2334	2
1752	2334	2336	2
1753	2336	2338	2
1754	2338	2340	2
1755	2340	2342	2
1756	2342	2344	2
1757	2344	2346	2
1758	2346	2348	2
1759	2348	2350	2
1760	2350	2352	2
1761	2352	2354	2
1762	2354	2356	2
1763	2356	2358	2
1764	2358	2360	2
1765	2360	2362	2
1766	2362	2364	2
1767	2364	2366	2
1768	2366	2368	2
1769	2368	2370	2
1770	2370	2372	2
1771	2372	2374	2
1772	2374	2376	2
1773	2376	2378	2
1774	2378	2380	2
1775	2380	2382	2
1776	2382	2384	2
1777	2384	2386	2
1778	2386	2388	2
1779	2388	2390	2
1780	2390	2392	2
1781	2392	2394	2
1782	2394	2396	2
1783	2396	2398	2
1784	2398	2400	2
1785	2400	2402	2
1786	2402	2404	2
1787	2404	2406	2
1788	2406	2408	2
1789	2408	2410	2
1790	2410	2412	2
1791	2412	2414	2
1792	2414	2416	2
1793	2416	2418	2
1794	2418	2420	2
1795	2420	2422	2
1796	2422	2424	2
1797	2424	2426	2
1798	2426	2428	2
1799	2428	2430	2
1800	2430	2432	2
1801	2432	2434	2
1802	2434	2436	2
1803	2436	2438	2
1804	2438	2440	2
1805	2440	2442	2
1806	2442	2444	2
1807	2444	2446	2
1808	2446	2448	2
1809	2448	2450	2
1810	2450	2452	2
1811	2452	2454	2
1812	2454	2456	2
1813	2456	2458	2
1814	2458	2460	2
1815	2460	2462	2
1816	2462	2464	2
1817	2464	2466	2
1818	2466	2468	2
1819	2468	2470	2
1820	2470	2472	2
1821	2472	2474	2
1822	2474	2476	2
1823	2476	2478	2
1824	2478	2480	2
1825	2480	2482	2
1826	2482	2484	2
1827	2484	2486	2
1828	2486	2488	2
1829	2488	2490	2
1830	2490	2492	2
1831	2492	2494	2
1832	2494	2496	2
1833	2496	2498	2
1834	2498	2500	2
1835	2500	2502	2
1836	2502	2504	2
1837	2504	2506	2
1838	2506	2508	2
1839	2508	2510	2
1840	2510	2512	2
1841	2512	2514	2
1842	2514	2516	2
1843	2516	2518	2
1844	2518	2520	2
1845	2520	2522	2
1846	2522	2524	2
1847	2524	2526	2
1848	2526	2528	2
1849	2528	2530	2
1850	2530	2532	2
1851	2532	2534	2
1852	2534	2536	2
1853	2536	2538	2
1854	2538	2540	2
1855	2540	2542	2
1856	2542	2544	2
1857	2544	2546	2
1858	2546	2548	2
1859	2548	2550	2
1860	2550	2552	2
1861	2552	2554	2
1862	2554	2556	2
1863	2556	2558	2
1864	2558	2560	2
1865	2560	2562	2
1866	2562	2564	2
1867	2564	2566	2
1868	2566	2568	2
1869	2568	2570	2
1870	2570	2572	2
1871	2572	2574	2
1872	2574	2576	2
1873	2576	2578	2
1874	2578	2580	2
1875	2580	2582	2
1876	2582	2584	2
1877	2584	2586	2
1878	2586	2588	2
1879	2588	2590	2
1880	2590	2592	2
1881	2592	2594	2
1882	2594	2596	2
1883	2596	2598	2
1884	2598	2600	2
1885	2600	2602	2
1886	2602	2604	2
1887	2604	2606	2
1888	2606	2608	2
1889	2608	2610	2
1890	2610	2612	2
1891	2612	2614	2
1892	2614	2616	2
1893	2616	2618	2
1894	2618	2620	2
1895	2620	2622	2
1896	2622	2624	2
1897	2624	2626	2
1898	2626	2628	2
1899	2628	2630	2
1900	2630	2632	2
1901	2632	2634	2
1902	2634	2636	2
1903	2636	2638	2
1904	2638	2640	2
1905	2640	2642	2
1906	2642	2644	2
1907	2644	2646	2
1908	2646	2648	2
1909	2648	2650	2
1910	2650	2652	2
1911	2652	2654	2
1912	2654	2656	2
1913	2656	2658	2
1914	2658	2660	2
1915	2660	2662	2
1916	2662	2664	2
1917	2664	2666	2
1918	2666	2668	2
1919	2668	2670	2
1920	2670	2672	2
1921	2672	2674	2
1922	2674	2676	2
1923	2676	2678	2
1924	2678	2680	2
1925	2680	2682	2
1926	2682	2684	2
1927	2684	2686	2
1928	2686	2688	2
1929	2688	2690	2
1930	2690	2692	2
1931	2692	2694	2
1932	2694	2696	2
1933	2696	2698	2
1934	2698	2700	2
1935	2700	2702	2
1936	2702	2704	2
1937	2704	2706	2
1938	2706	2708	2
1939	2708	2710	2
1940	2710	2712	2
1941	2712	2714	2
1942	2714	2716	2
1943	2716	2718	2
1944	2718	2720	2
1945	2720	2722	2
1946	2722	2724	2
1947	2724	2726	2
1948	2726	2728	2
1949	2728	2730	2
1950	2730	2732	2
1951	2732	2734	2
1952	2734	2736	2
1953	2736	2738	2
1954	2738	2740	2
1955	2740	2742	2
1956	2742	2744	2
1957	2744	2746	2
1958	2746	2748	2
1959	2748	2750	2
1960	2750	2752	2
1961	2752	2754	2
1962	2754	2756	2
1963	2756	2758	2
1964	2758	2760	2
1965	2760	2762	2
1966	2762	2764	2
1967	2764	2766	2
1968	2766	2768	2
1969	2768	2770	2
1970	2770	2772	2
1971	2772	2774	2
1972	2774	2776	2
1973	2776	2778	2
1974	2778	2780	2
1975	2780	2782	2
1976	2782	2784	2
1977	2784	2786	2
1978	2786	2788	2
1979	2788	2790	2
1980	2790	2792	2
1981	2792	2794	2
1982	2794	2796	2
1983	2796	2798	2
1984	2798	2800	2
1985	2800	2802	2
1986	2802	2804	2
1987	2804	2806	2
1988	2806	2808	2
1989	2808	2810	2
1990	2810	2812	2
1991	2812	2814	2
1992	2814	2816	2
1993	2816	2818	2
1994	2818	2820	2
1995	2820	2822	2
1996	2822	2824	2
1997	2824	2826	2
1998	2826	2828	2
1999	2828	2830	2
2000	2830	2832	2
2001	2832	2834	2
2002	2834	2836	2
2003	2836	2838	2
2004	2838	2840	2
2005	2840	2842	2
2006	2842	2844	2
2007	2844	2846	2
2008	2846	2848	2
2009	2848	2850	2
2010	2850	2852	2
2011	2852	2854	2
2012	2854	2856	2
2013	2856	2858	2
2014	2858	2860	2
2015	2860	2862	2
2016	2862	2864	2
2017	2864	2866	2
2018	2866	2868	2
2019	2868	2870	2
2020	2870	2872	2
2021	2872	2874	2
2022	2874	2876	2
2023	2876	2878	2
2024	2878	2880	2
2025	2880	2882	2
2026	2882	2884	2
2027	2884	2886	2
2028	2886	2888	2
2029	2888	2890	2
2030	2890	2892	2
2031	2892	2894	2
2032	2894	2896	2
2033	2896	2898	2
2034	2898	2900	2
2035	2900	2902	2
2036	2902	2904	2
2037	2904	2906	2
2038	2906	2908	2
2039	2908	2910	2
2040	2910	2912	2
2041	2912	2914	2
2042	2914	2916	2
2043	2916	2918	2
2044	2918	2921	3
2045	2921	2924	3
2046	2924	2927	3
2047	2927	2930	3
2048	2930	2933	3
2049	2933	2936	3
2050	2936	2939	3
2051	2939	2942	3
2052	2942	2945	3
2053	2945	2948	3
2054	2948	2951	3
2055	2951	2954	3
2056	2954	2957	3
2057	2957	2960	3
2058	2960	2963	3
2059	2963	2966	3
2060	2966	2969	3
2061	2969	2972	3
2062	2972	2975	3
2063	2975	2978	3
2064	2978	2981	3
2065	2981	2984	3
2066	2984	2987	3
2067	2987	2990	3
2068	2990	2993	3
2069	2993	2996	3
2070	2996	2999	3
2071	2999	3002	3
2072	3002	3005	3
2073	3005	3008	3
2074	3008	3011	3
2075	3011	3014	3
2076	3014	3017	3
2077	3017	3020	3
2078	3020	3023	3
2079	3023	3026	3
2080	3026	3029	3
2081	3029	3032	3
2082	3032	3035	3
2083	3035	3038	3
2084	3038	3041	3
2085	3041	3044	3
2086	3044	3047	3
2087	3047	3050	3
2088	3050	3053	3
2089	3053	3056	3
2090	3056	3059	3
2091	3059	3062	3
2092	3062	3065	3
2093	3065	3068	3
2094	3068	3071	3
2095	3071	3074	3
2096	3074	3077	3
2097	3077	3080	3
2098	3080	3083	3
2099	3083	3086	3
2100	3086	3089	3
2101	3089	3092	3
2102	3092	3095	3
2103	3095	3098	3
2104	3098	3101	3
2105	3101	3104	3
2106	3104	3107	3
2107	3107	3110	3
2108	3110	3113	3
2109	3113	3116	3
2110	3116	3119	3
2111	3119	3122	3
2112	3122	3125	3
2113	3125	3128	3
2114	3128	3131	3
2115	3131	3134	3
2116	3134	3137	3
2117	3137	3140	3
2118	3140	3143	3
2119	3143	3146	3
2120	3146	3149	3
2121	3149	3152	3
2122	3152	3155	3
2123	3155	3158	3
2124	3158	3161	3
2125	3161	3164	3
2126	3164	3167	3
2127	3167	3170	3
2128	3170	3173	3
2129	3173	3176	3
2130	3176	3179	3
2131	3179	3182	3
2132	3182	3185	3
2133	3185	3188	3
2134	3188	3191	3
2135	3191	3194	3
2136	3194	3197	3
2137	3197	3200	3
2138	3200	3203	3
2139	3203	3206	3
2140	3206	3209	3
2141	3209	3212	3
2142	3212	3215	3
2143	3215	3218	3
2144	3218	3221	3
2145	3221	3224	3
2146	3224	3227	3
2147	3227	3230	3
2148	3230	3233	3
2149	3233	3236	3
2150	3236	3239	3
2151	3239	3242	3
2152	3242	3245	3
2153	3245	3248	3
2154	3248	3251	3
2155	3251	3254	3
2156	3254	3257	3
2157	3257	3260	3
2158	3260	3263	3
2159	3263	3266	3
2160	3266	3269	3
2161	3269	3272	3
2162	3272	3275	3
2163	3275	3278	3
2164	3278	3281	3
2165	3281	3284	3
2166	3284	3287	3
2167	3287	3290	3
2168	3290	3293	3
2169	3293	3296	3
2170	3296	3299	3
2171	3299	3302	3
2172	3302	3305	3
2173	3305	3308	3
2174	3308	3311	3
2175	3311	3314	3
2176	3314	3317	3
2177	3317	3320	3
2178	3320	3323	3
2179	3323	3326	3
2180	3326	3329	3
2181	3329	3332	3
2182	3332	3335	3
2183	3335	3338	3
2184	3338	3341	3
2185	3341	3344	3
2186	3344	3347	3
2187	3347	3350	3
2188	3350	3353	3
2189	3353	3356	3
2190	3356	3359	3
2191	3359	3362	3
2192	3362	3365	3
2193	3365	3368	3
2194	3368	3371	3
2195	3371	3374	3
2196	3374	3377	3
2197	3377	3380	3
2198	3380	3383	3
2199	3383	3386	3
2200	3386	3389	3
2201	3389	3392	3
2202	3392	3395	3
2203	3395	3398	3
2204	3398	3401	3
2205	3401	3404	3
2206	3404	3407	3
2207	3407	3410	3
2208	3410	3413	3
2209	3413	3416	3
2210	3416	3419	3
2211	3419	3422	3
2212	3422	3425	3
2213	3425	3428	3
2214	3428	3431	3
2215	3431	3434	3
2216	3434	3437	3
2217	3437	3440	3
2218	3440	3443	3
2219	3443	3446	3
2220	3446	3449	3
2221	3449	3452	3
2222	3452	3455	3
2223	3455	3458	3
2224	3458	3461	3
2225	3461	3464	3
2226	3464	3467	3
2227	3467	3470	3
2228	3470	3473	3
2229	3473	3476	3
2230	3476	3479	3
2231	3479	3482	3
2232	3482	3485	3
2233	3485	3488	3
2234	3488	3491	3
2235	3491	3494	3
2236	3494	3497	3
2237	3497	3500	3
2238	3500	3503	3
2239	3503	3506	3
2240	3506	3509	3
2241	3509	3512	3
2242	3512	3515	3
2243	3515	3518	3
2244	3518	3521	3
2245	3521	3524	3
2246	3524	3527	3
2247	3527	3530	3
2248	3530	3533	3
2249	3533	3536	3
2250	3536	3539	3
2251	3539	3542	3
2252	3542	3545	3
2253	3545	3548	3
2254	3548	3551	3
2255	3551	3554	3
2256	3554	3557	3
2257	3557	3560	3
2258	3560	3563	3
2259	3563	3566	3
2260	3566	3569	3
2261	3569	3572	3
2262	3572	3575	3
2263	3575	3578	3
2264	3578	3581	3
2265	3581	3584	3
2266	3584	3587	3
2267	3587	3590	3
2268	3590	3593	3
2269	3593	3596	3
2270	3596	3599	3
2271	3599	3602	3
2272	3602	3605	3
2273	3605	3608	3
2274	3608	3611	3
2275	3611	3614	3
2276	3614	3617	3
2277	3617	3620	3
2278	3620	3623	3
2279	3623	3626	3
2280	3626	3629	3
2281	3629	3632	3
2282	3632	3635	3
2283	3635	3638	3
2284	3638	3641	3
2285	3641	3644	3
2286	3644	3647	3
2287	3647	3650	3
2288	3650	3653	3
2289	3653	3656	3
2290	3656	3659	3
2291	3659	3662	3
2292	3662	3665	3
2293	3665	3668	3
2294	3668	3671	3
2295	3671	3674	3
2296	3674	3677	3
2297	3677	3680	3
2298	3680	3683	3
2299	3683	3686	3
2300	3686	3689	3
2301	3689	3692	3
2302	3692	3695	3
2303	3695	3698	3
2304	3698	3701	3
2305	3701	3704	3
2306	3704	3707	3
2307	3707	3710	3
2308	3710	3713	3
2309	3713	3716	3
2310	3716	3719	3
2311	3719	3722	3
2312	3722	3725	3
2313	3725	3728	3
2314	3728	3731	3
2315	3731	3734	3
2316	3734	3737	3
2317	3737	3740	3
2318	3740	3743	3
2319	3743	3746	3
2320	3746	3749	3
2321	3749	3752	3
2322	3752	3755	3
2323	3755	3758	3
2324	3758	3761	3
2325	3761	3764	3
2326	3764	3767	3
2327	3767	3770	3
2328	3770	3773	3
2329	3773	3776	3
2330	3776	3779	3
2331	3779	3782	3
2332	3782	3785	3
2333	3785	3788	3
2334	3788	3791	3
2335	3791	3794	3
2336	3794	3797	3
2337	3797	3800	3
2338	3800	3803	3
2339	3803	3806	3
2340	3806	3809	3
2341	3809	3812	3
2342	3812	3816	4
2343	3816	3820	4
2344	3820	3824	4
2345	3824	3828	4
2346	3828	3832	4
2347	3832	3836	4
2348	3836	3840	4
2349	3840	3844	4
2350	3844	3848	4
2351	3848	3852	4
2352	3852	3856	4
2353	3856	3860	4
2354	3860	3864	4
2355	3864	3868	4
2356	3868	3872	4
2357	3872	3876	4
2358	3876	3880	4
2359	3880	3884	4
2360	3884	3888	4
2361	3888	3892	4
2362	3892	3896	4
2363	3896	3900	4
2364	3900	3904	4
2365	3904	3908	4
2366	3908	3912	4
2367	3912	3916	4
2368	3916	3920	4
2369	3920	3924	4
2370	3924	3928	4
2371	3928	3932	4
2372	3932	3936	4
2373	3936	3940	4
2374	3940	3944	4
2375	3944	3948	4
2376	3948	3952	4
2377	3952	3956	4
2378	3956	3960	4
2379	3960	3964	4
2380	3964	3968	4
2381	3968	3972	4
2382	3972	3976	4
2383	3976	3980	4
2384	3980	3984	4
2385	3984	3988	4
2386	3988	3992	4
2387	3992	3996	4
2388	3996	4000	4
2389	4000	4004	4
2390	4004	4008	4
2391	4008	4012	4
2392	4012	4016	4
2393	4016	4020	4
2394	4020	4024	4
2395	4024	4028	4
2396	4028	4032	4
2397	4032	4036	4
2398	4036	4040	4
2399	4040	4044	4
2400	4044	4048	4
2401	4048	4052	4
2402	4052	4056	4
2403	4056	4060	4
2404	4060	4064	4
2405	4064	4068	4
2406	4068	4072	4
2407	4072	4076	4
2408	4076	4080	4
2409	4080	4084	4
2410	4084	4088	4
2411	4088	4092	4
2412	4092	4096	4
2413	4096	4100	4
2414	4100	4104	4
2415	4104	4108	4
2416	4108	4112	4
2417	4112	4116	4
2418	4116	4120	4
2419	4120	4124	4
2420	4124	4128	4
2421	4128	4132	4
2422	4132	4136	4
2423	4136	4140	4
2424	4140	4144	4
2425	4144	4148	4
2426	4148	4152	4
2427	4152	4156	4
2428	4156	4160	4
2429	4160	4164	4
2430	4164	4168	4
2431	4168	4172	4
2432	4172	4176	4
2433	4176	4180	4
2434	4180	4184	4
2435	4184	4188	4
2436	4188	4192	4
2437	4192	4196	4
2438	4196	4200	4
2439	4200	4204	4
2440	4204	4208	4
2441	4208	4212	4
2442	4212	4216	4
2443	4216	4220	4
2444	4220	4224	4
2445	4224	4228	4
2446	4228	4232	4
2447	4232	4236	4
2448	4236	4240	4
2449	4240	4244	4
2450	4244	4248	4
2451	4248	4252	4
2452	4252	4256	4
2453	4256	4260	4
2454	4260	4264	4
2455	4264	4268	4
2456	4268	4272	4
2457	4272	4276	4
2458	4276	4280	4
2459	4280	4284	4
2460	4284	4288	4
2461	4288	4292	4
2462	4292	4296	4
2463	4296	4300	4
2464	4300	4304	4
2465	4304	4308	4
2466	4308	4312	4
2467	4312	4316	4
2468	4316	4320	4
2469	4320	4324	4
2470	4324	4328	4
2471	4328	4332	4
2472	4332	4336	4
2473	4336	4340	4
2474	4340	4344	4
2475	4344	4348	4
2476	4348	4352	4
2477	4352	4356	4
2478	4356	4360	4
2479	4360	4364	4
2480	4364	4368	4
2481	4368	4372	4
2482	4372	4376	4
2483	4376	4380	4
2484	4380	4384	4
2485	4384	4388	4
2486	4388	4392	4
2487	4392	4396	4
2488	4396	4400	4
2489	4400	4404	4
2490	4404	4408	4
2491	4408	4412	4
2492	4412	4416	4
2493	4416	4420	4
2494	4420	4424	4
2495	4424	4428	4
2496	4428	4432	4
2497	4432	4436	4
2498	4436	4440	4
2499	4440	4444	4
2500	4444	4448	4
2501	4448	4452	4
2502	4452	4456	4
2503	4456	4460	4
2504	4460	4464	4
2505	4464	4468	4
2506	4468	4472	4
2507	4472	4476	4
2508	4476	4480	4
2509	4480	4484	4
2510	4484	4488	4
2511	4488	4492	4
2512	4492	4496	4
2513	4496	4500	4
2514	4500	4504	4
2515	4504	4508	4
2516	4508	4512	4
2517	4512	4516	4
2518	4516	4520	4
2519	4520	4524	4
2520	4524	4528	4
2521	4528	4532	4
2522	4532	4536	4
2523	4536	4540	4
2524	4540	4544	4
2525	4544	4548	4
2526	4548	4552	4
2527	4552	4556	4
2528	4556	4561	5
2529	4561	4566	5
2530	4566	4571	5
2531	4571	4576	5
2532	4576	4581	5
2533	4581	4586	5
2534	4586	4591	5
2535	4591	4596	5
2536	4596	4601	5
2537	4601	4606	5
2538	4606	4611	5
2539	4611	4616	5
2540	4616	4621	5
2541	4621	4626	5
2542	4626	4631	5
2543	4631	4636	5
2544	4636	4641	5
2545	4641	4646	5
2546	4646	4651	5
2547	4651	4656	5
2548	4656	4661	5
2549	4661	4666	5
2550	4666	4671	5
2551	4671	4676	5
2552	4676	4681	5
2553	4681	4686	5
2554	4686	4691	5
2555	4691	4696	5
2556	4696	4701	5
2557	4701	4706	5
2558	4706	4711	5
2559	4711	4716	5
2560	4716	4721	5
2561	4721	4726	5
2562	4726	4731	5
2563	4731	4736	5
2564	4736	4741	5
2565	4741	4746	5
2566	4746	4751	5
2567	4751	4756	5
2568	4756	4761	5
2569	4761	4766	5
2570	4766	4771	5
2571	4771	4776	5
2572	4776	4781	5
2573	4781	4786	5
2574	4786	4791	5
2575	4791	4796	5
2576	4796	4801	5
2577	4801	4806	5
2578	4806	4811	5
2579	4811	4816	5
2580	4816	4821	5
2581	4821	4826	5
2582	4826	4831	5
2583	4831	4836	5
2584	4836	4841	5
2585	4841	4846	5
2586	4846	4851	5
2587	4851	4856	5
2588	4856	4861	5
2589	4861	4866	5
2590	4866	4871	5
2591	4871	4876	5
2592	4876	4881	5
2593	4881	4886	5
2594	4886	4891	5
2595	4891	4896	5
2596	4896	4901	5
2597	4901	4906	5
2598	4906	4911	5
2599	4911	4916	5
2600	4916	4921	5
2601	4921	4926	5
2602	4926	4931	5
2603	4931	4936	5
2604	4936	4941	5
2605	4941	4946	5
2606	4946	4951	5
2607	4951	4956	5
2608	4956	4961	5
2609	4961	4966	5
2610	4966	4971	5
2611	4971	4976	5
2612	4976	4981	5
2613	4981	4986	5
2614	4986	4991	5
2615	4991	4996	5
2616	4996	5001	5
2617	5001	5006	5
2618	5006	5011	5
2619	5011	5016	5
2620	5016	5021	5
2621	5021	5026	5
2622	5026	5031	5
2623	5031	5036	5
2624	5036	5041	5
2625	5041	5046	5
2626	5046	5051	5
2627	5051	5056	5
2628	5056	5061	5
2629	5061	5066	5
2630	5066	5071	5
2631	5071	5076	5
2632	5076	5081	5
2633	5081	5086	5
2634	5086	5091	5
2635	5091	5096	5
2636	5096	5101	5
2637	5101	5106	5
2638	5106	5111	5
2639	5111	5116	5
2640	5116	5121	5
2641	5121	5127	6
2642	5127	5133	6
2643	5133	5139	6
2644	5139	5145	6
2645	5145	5151	6
2646	5151	5157	6
2647	5157	5163	6
2648	5163	5169	6
2649	5169	5175	6
2650	5175	5181	6
2651	5181	5187	6
2652	5187	5193	6
2653	5193	5199	6
2654	5199	5205	6
2655	5205	5211	6
2656	5211	5217	6
2657	5217	5223	6
2658	5223	5229	6
2659	5229	5235	6
2660	5235	5241	6
2661	5241	5247	6
2662	5247	5253	6
2663	5253	5259	6
2664	5259	5265	6
2665	5265	5271	6
2666	5271	5277	6
2667	5277	5283	6
2668	5283	5289	6
2669	5289	5295	6
2670	5295	5301	6
2671	5301	5307	6
2672	5307	5313	6
2673	5313	5319	6
2674	5319	5325	6
2675	5325	5331	6
2676	5331	5337	6
2677	5337	5343	6
2678	5343	5349	6
2679	5349	5355	6
2680	5355	5361	6
2681	5361	5367	6
2682	5367	5373	6
2683	5373	5379	6
2684	5379	5385	6
2685	5385	5391	6
2686	5391	5397	6
2687	5397	5403	6
2688	5403	5409	6
2689	5409	5415	6
2690	5415	5421	6
2691	5421	5427	6
2692	5427	5433	6
2693	5433	5439	6
2694	5439	5445	6
2695	5445	5451	6
2696	5451	5457	6
2697	5457	5463	6
2698	5463	5469	6
2699	5469	5475	6
2700	5475	5481	6
2701	5481	5487	6
2702	5487	5493	6
2703	5493	5499	6
2704	5499	5505	6
2705	5505	5511	6
2706	5511	5517	6
2707	5517	5523	6
2708	5523	5529	6
2709	5529	5535	6
2710	5535	5541	6
2711	5541	5547	6
2712	5547	5553	6
2713	5553	5559	6
2714	5559	5565	6
2715	5565	5571	6
2716	5571	5577	6
2717	5577	5583	6
2718	5583	5589	6
2719	5589	5595	6
2720	5595	5601	6
2721	5601	5607	6
2722	5607	5613	6
2723	5613	5619	6
2724	5619	5625	6
2725	5625	5631	6
2726	5631	5637	6
2727	5637	5643	6
2728	5643	5649	6
2729	5649	5655	6
2730	5655	5661	6
2731	5661	5667	6
2732	5667	5673	6
2733	5673	5679	6
2734	5679	5685	6
2735	5685	5691	6
2736	5691	5697	6
2737	5697	5703	6
2738	5703	5709	6
2739	5709	5715	6
2740	5715	5721	6
2741	5721	5728	7
2742	5728	5735	7
2743	5735	5742	7
2744	5742	5749	7
2745	5749	5756	7
2746	5756	5763	7
2747	5763	5770	7
2748	5770	5777	7
2749	5777	5784	7
2750	5784	5791	7
2751	5791	5798	7
2752	5798	5805	7
2753	5805	5812	7
2754	5812	5819	7
2755	5819	5826	7
2756	5826	5833	7
2757	5833	5840	7
2758	5840	5847	7
2759	5847	5854	7
2760	5854	5861	7
2761	5861	5868	7
2762	5868	5875	7
2763	5875	5882	7
2764	5882	5889	7
2765	5889	5896	7
2766	5896	5903	7
2767	5903	5910	7
2768	5910	5917	7
2769	5917	5924	7
2770	5924	5931	7
2771	5931	5938	7
2772	5938	5945	7
2773	5945	5952	7
2774	5952	5959	7
2775	5959	5966	7
2776	5966	5973	7
2777	5973	5980	7
2778	5980	5987	7
2779	5987	5994	7
2780	5994	6001	7
2781	6001	6008	7
2782	6008	6015	7
2783	6015	6022	7
2784	6022	6029	7
2785	6029	6036	7
2786	6036	6043	7
2787	6043	6050	7
2788	6050	6057	7
2789	6057	6064	7
2790	6064	6071	7
2791	6071	6078	7
2792	6078	6085	7
2793	6085	6092	7
2794	6092	6099	7
2795	6099	6106	7
2796	6106	6113	7
2797	6113	6120	7
2798	6120	6127	7
2799	6127	6134	7
2800	6134	6141	7
2801	6141	6148	7
2802	6148	6155	7
2803	6155	6162	7
2804	6162	6170	8
2805	6170	6178	8
2806	6178	6186	8
2807	6186	6194	8
2808	6194	6202	8
2809	6202	6210	8
2810	6210	6218	8
2811	6218	6226	8
2812	6226	6234	8
2813	6234	6242	8
2814	6242	6250	8
2815	6250	6258	8
2816	6258	6266	8
2817	6266	6274	8
2818	6274	6282	8
2819	6282	6290	8
2820	6290	6298	8
2821	6298	6306	8
2822	6306	6314	8
2823	6314	6322	8
2824	6322	6330	8
2825	6330	6338	8
2826	6338	6346	8
2827	6346	6354	8
2828	6354	6362	8
2829	6362	6370	8
2830	6370	6378	8
2831	6378	6386	8
2832	6386	6394	8
2833	6394	6402	8
2834	6402	6410	8
2835	6410	6418	8
2836	6418	6426	8
2837	6426	6434	8
2838	6434	6442	8
2839	6442	6450	8
2840	6450	6458	8
2841	6458	6466	8
2842	6466	6474	8
2843	6474	6482	8
2844	6482	6490	8
2845	6490	6498	8
2846	6498	6506	8
2847	6506	6514	8
2848	6514	6522	8
2849	6522	6530	8
2850	6530	6538	8
2851	6538	6546	8
2852	6546	6554	8
2853	6554	6562	8
2854	6562	6570	8
2855	6570	6578	8
2856	6578	6586	8
2857	6586	6594	8
2858	6594	6602	8
2859	6602	6610	8
2860	6610	6618	8
2861	6618	6626	8
2862	6626	6635	9
2863	6635	6644	9
2864	6644	6653	9
2865	6653	6662	9
2866	6662	6671	9
2867	6671	6680	9
2868	6680	6689	9
2869	6689	6698	9
2870	6698	6707	9
2871	6707	6716	9
2872	6716	6725	9
2873	6725	6734	9
2874	6734	6743	9
2875	6743	6752	9
2876	6752	6761	9
2877	6761	6770	9
2878	6770	6779	9
2879	6779	6788	9
2880	6788	6797	9
2881	6797	6806	9
2882	6806	6815	9
2883	6815	6824	9
2884	6824	6833	9
2885	6833	6842	9
2886	6842	6851	9
2887	6851	6860	9
2888	6860	6869	9
2889	6869	6878	9
2890	6878	6887	9
2891	6887	6896	9
2892	6896	6905	9
2893	6905	6914	9
2894	6914	6923	9
2895	6923	6932	9
2896	6932	6941	9
2897	6941	6950	9
2898	6950	6959	9
2899	6959	6968	9
2900	6968	6977	9
2901	6977	6986	9
2902	6986	6995	9
2903	6995	7004	9
2904	7004	7013	9
2905	7013	7022	9
2906	7022	7031	9
2907	7031	7040	9
2908	7040	7049	9
2909	7049	7058	9
2910	7058	7067	9
2911	7067	7076	9
2912	7076	7085	9
2913	7085	7095	10
2914	7095	7105	10
2915	7105	7115	10
2916	7115	7125	10
2917	7125	7135	10
2918	7135	7145	10
2919	7145	7155	10
2920	7155	7165	10
2921	7165	7175	10
2922	7175	7185	10
2923	7185	7195	10
2924	7195	7205	10
2925	7205	7215	10
2926	7215	7225	10
2927	7225	7235	10
2928	7235	7245	10
2929	7245	7255	10
2930	7255	7265	10
2931	7265	7275	10
2932	7275	7285	10
2933	7285	7295	10
2934	7295	7305	10
2935	7305	7315	10
2936	7315	7325	10
2937	7325	7335	10
2938	7335	7345	10
2939	7345	7355	10
2940	7355	7365	10
2941	7365	7375	10
2942	7375	7385	10
2943	7385	7395	10
2944	7395	7405	10
2945	7405	7415	10
2946	7415	7425	10
2947	7425	7435	10
2948	7435	7445	10
2949	7445	7455	10
2950	7455	7465	10
2951	7465	7476	11
2952	7476	7487	11
2953	7487	7498	11
2954	7498	7509	11
2955	7509	7520	11
2956	7520	7531	11
2957	7531	7542	11
2958	7542	7553	11
2959	7553	7564	11
2960	7564	7575	11
2961	7575	7586	11
2962	7586	7597	11
2963	7597	7608	11
2964	7608	7619	11
2965	7619	7630	11
2966	7630	7641	11
2967	7641	7652	11
2968	7652	7663	11
2969	7663	7674	11
2970	7674	7685	11
2971	7685	7696	11
2972	7696	7707	11
2973	7707	7718	11
2974	7718	7729	11
2975	7729	7740	11
2976	7740	7751	11
2977	7751	7762	11
2978	7762	7773	11
2979	7773	7784	11
2980	7784	7796	12
2981	7796	7808	12
2982	7808	7820	12
2983	7820	7832	12
2984	7832	7844	12
2985	7844	7856	12
2986	7856	7868	12
2987	7868	7880	12
2988	7880	7892	12
2989	7892	7904	12
2990	7904	7916	12
2991	7916	7928	12
2992	7928	7940	12
2993	7940	7952	12
2994	7952	7964	12
2995	7964	7976	12
2996	7976	7988	12
2997	7988	8000	12
2998	8000	8012	12
2999	8012	8024	12
3000	8024	8036	12
3001	8036	8048	12
3002	8048	8060	12
3003	8060	8072	12
3004	8072	8084	12
3005	8084	8096	12
3006	8096	8108	12
3007	8108	8120	12
3008	8120	8132	12
3009	8132	8145	13
3010	8145	8158	13
3011	8158	8171	13
3012	8171	8184	13
3013	8184	8197	13
3014	8197	8210	13
3015	8210	8223	13
3016	8223	8236	13
3017	8236	8249	13
3018	8249	8262	13
3019	8262	8275	13
3020	8275	8288	13
3021	8288	8301	13
3022	8301	8314	13
3023	8314	8327	13
3024	8327	8340	13
3025	8340	8353	13
3026	8353	8366	13
3027	8366	8379	13
3028	8379	8392	13
3029	8392	8405	13
3030	8405	8418	13
3031	8418	8431	13
3032	8431	8444	13
3033	8444	8457	13
3034	8457	8470	13
3035	8470	8483	13
3036	8483	8496	13
3037	8496	8509	13
3038	8509	8522	13
3039	8522	8535	13
3040	8535	8549	14
3041	8549	8563	14
3042	8563	8577	14
3043	8577	8591	14
3044	8591	8605	14
3045	8605	8619	14
3046	8619	8633	14
3047	8633	8647	14
3048	8647	8661	14
3049	8661	8675	14
3050	8675	8689	14
3051	8689	8703	14
3052	8703	8717	14
3053	8717	8731	14
3054	8731	8745	14
3055	8745	8759	14
3056	8759	8773	14
3057	8773	8787	14
3058	8787	8801	14
3059	8801	8815	14
3060	8815	8829	14
3061	8829	8843	14
3062	8843	8857	14
3063	8857	8871	14
3064	8871	8885	14
3065	8885	8900	15
3066	8900	8915	15
3067	8915	8930	15
3068	8930	8945	15
3069	8945	8960	15
3070	8960	8975	15
3071	8975	8990	15
3072	8990	9005	15
3073	9005	9020	15
3074	9020	9035	15
3075	9035	9050	15
3076	9050	9065	15
3077	9065	9080	15
3078	9080	9095	15
3079	9095	9110	15
3080	9110	9125	15
3081	9125	9140	15
3082	9140	9155	15
3083	9155	9170	15
3084	9170	9185	15
3085	9185	9201	16
3086	9201	9217	16
3087	9217	9233	16
3088	9233	9249	16
3089	9249	9265	16
3090	9265	9281	16
3091	9281	9297	16
3092	9297	9313	16
3093	9313	9329	16
3094	9329	9345	16
3095	9345	9361	16
3096	9361	9377	16
3097	9377	9393	16
3098	9393	9409	16
3099	9409	9425	16
3100	9425	9441	16
3101	9441	9457	16
3102	9457	9474	17
3103	9474	9491	17
3104	9491	9508	17
3105	9508	9525	17
3106	9525	9542	17
3107	9542	9559	17
3108	9559	9576	17
3109	9576	9593	17
3110	9593	9610	17
3111	9610	9627	17
3112	9627	9644	17
3113	9644	9661	17
3114	9661	9678	17
3115	9678	9695	17
3116	9695	9712	17
3117	9712	9730	18
3118	9730	9748	18
3119	9748	9766	18
3120	9766	9784	18
3121	9784	9802	18
3122	9802	9820	18
3123	9820	9838	18
3124	9838	9856	18
3125	9856	9874	18
3126	9874	9892	18
3127	9892	9910	18
3128	9910	9928	18
3129	9928	9947	19
3130	9947	9966	19
3131	9966	9985	19
3132	9985	10004	19
3133	10004	10023	19
3134	10023	10042	19
3135	10042	10061	19
3136	10061	10080	19
3137	10080	10099	19
3138	10099	10118	19
3139	10118	10137	19
3140	10137	10156	19
3141	10156	10175	19
3142	10175	10194	19
