#
#N Pointing	tstart	tend	Obs time
#		s
1	210	215	5
2	215	220	5
3	220	225	5
4	225	230	5
5	230	235	5
6	235	240	5
7	240	245	5
8	245	250	5
9	250	255	5
10	255	260	5
11	260	265	5
12	265	270	5
13	270	275	5
14	275	280	5
15	280	285	5
16	285	290	5
17	290	295	5
18	295	300	5
19	300	305	5
20	305	310	5
21	310	315	5
22	315	320	5
23	320	325	5
24	325	330	5
25	330	335	5
26	335	340	5
27	340	345	5
28	345	350	5
29	350	355	5
30	355	360	5
31	360	365	5
32	365	370	5
33	370	375	5
34	375	380	5
35	380	385	5
36	385	390	5
37	390	395	5
38	395	400	5
39	400	405	5
40	405	410	5
41	410	415	5
42	415	420	5
43	420	425	5
44	425	430	5
45	430	435	5
46	435	440	5
47	440	445	5
48	445	450	5
49	450	455	5
50	455	460	5
51	460	465	5
52	465	470	5
53	470	475	5
54	475	480	5
55	480	486	6
56	486	492	6
57	492	498	6
58	498	504	6
59	504	510	6
60	510	516	6
61	516	522	6
62	522	528	6
63	528	534	6
64	534	540	6
65	540	546	6
66	546	552	6
67	552	558	6
68	558	564	6
69	564	570	6
70	570	576	6
71	576	582	6
72	582	588	6
73	588	594	6
74	594	600	6
75	600	606	6
76	606	612	6
77	612	618	6
78	618	624	6
79	624	630	6
80	630	636	6
81	636	642	6
82	642	648	6
83	648	654	6
84	654	660	6
85	660	666	6
86	666	672	6
87	672	678	6
88	678	684	6
89	684	690	6
90	690	696	6
91	696	702	6
92	702	708	6
93	708	714	6
94	714	720	6
95	720	726	6
96	726	733	7
97	733	740	7
98	740	747	7
99	747	754	7
100	754	761	7
101	761	768	7
102	768	775	7
103	775	782	7
104	782	789	7
105	789	796	7
106	796	803	7
107	803	810	7
108	810	817	7
109	817	824	7
110	824	831	7
111	831	838	7
112	838	845	7
113	845	852	7
114	852	859	7
115	859	866	7
116	866	873	7
117	873	880	7
118	880	887	7
119	887	894	7
120	894	901	7
121	901	908	7
122	908	915	7
123	915	922	7
124	922	930	8
125	930	938	8
126	938	946	8
127	946	954	8
128	954	962	8
129	962	970	8
130	970	978	8
131	978	986	8
132	986	994	8
133	994	1002	8
134	1002	1010	8
135	1010	1018	8
136	1018	1026	8
137	1026	1034	8
138	1034	1042	8
139	1042	1050	8
140	1050	1058	8
141	1058	1066	8
142	1066	1074	8
143	1074	1082	8
144	1082	1090	8
145	1090	1098	8
146	1098	1106	8
147	1106	1114	8
148	1114	1122	8
149	1122	1130	8
150	1130	1138	8
151	1138	1146	8
152	1146	1154	8
153	1154	1163	9
154	1163	1172	9
155	1172	1181	9
156	1181	1190	9
157	1190	1199	9
158	1199	1208	9
159	1208	1217	9
160	1217	1226	9
161	1226	1235	9
162	1235	1244	9
163	1244	1253	9
164	1253	1262	9
165	1262	1271	9
166	1271	1280	9
167	1280	1289	9
168	1289	1298	9
169	1298	1307	9
170	1307	1316	9
171	1316	1325	9
172	1325	1335	10
173	1335	1345	10
174	1345	1355	10
175	1355	1365	10
176	1365	1375	10
177	1375	1385	10
178	1385	1395	10
179	1395	1405	10
180	1405	1415	10
181	1415	1425	10
182	1425	1435	10
183	1435	1445	10
184	1445	1456	11
185	1456	1467	11
186	1467	1478	11
187	1478	1489	11
188	1489	1500	11
189	1500	1511	11
190	1511	1522	11
191	1522	1533	11
192	1533	1544	11
193	1544	1556	12
194	1556	1568	12
195	1568	1580	12
196	1580	1592	12
197	1592	1604	12
198	1604	1616	12
199	1616	1628	12
200	1628	1640	12
201	1640	1652	12
202	1652	1664	12
203	1664	1676	12
204	1676	1688	12
205	1688	1701	13
206	1701	1714	13
207	1714	1727	13
208	1727	1740	13
209	1740	1753	13
210	1753	1766	13
211	1766	1779	13
212	1779	1792	13
213	1792	1805	13
214	1805	1818	13
215	1818	1831	13
216	1831	1845	14
217	1845	1859	14
218	1859	1873	14
219	1873	1887	14
220	1887	1901	14
221	1901	1915	14
222	1915	1929	14
223	1929	1943	14
224	1943	1957	14
225	1957	1971	14
226	1971	1986	15
227	1986	2001	15
228	2001	2016	15
229	2016	2031	15
230	2031	2046	15
231	2046	2061	15
232	2061	2076	15
233	2076	2091	15
234	2091	2106	15
235	2106	2121	15
236	2121	2137	16
237	2137	2153	16
238	2153	2169	16
239	2169	2185	16
240	2185	2201	16
241	2201	2217	16
242	2217	2233	16
243	2233	2249	16
244	2249	2266	17
245	2266	2283	17
246	2283	2300	17
247	2300	2317	17
248	2317	2334	17
249	2334	2351	17
250	2351	2368	17
251	2368	2386	18
252	2386	2404	18
253	2404	2422	18
254	2422	2440	18
255	2440	2458	18
256	2458	2476	18
257	2476	2495	19
258	2495	2514	19
259	2514	2533	19
260	2533	2552	19
261	2552	2571	19
262	2571	2590	19
263	2590	2609	19
264	2609	2629	20
265	2629	2649	20
266	2649	2669	20
267	2669	2689	20
268	2689	2709	20
269	2709	2729	20
270	2729	2750	21
271	2750	2771	21
272	2771	2792	21
273	2792	2813	21
274	2813	2834	21
275	2834	2855	21
276	2855	2877	22
277	2877	2899	22
278	2899	2921	22
279	2921	2943	22
280	2943	2965	22
281	2965	2988	23
282	2988	3011	23
283	3011	3034	23
284	3034	3057	23
285	3057	3081	24
286	3081	3105	24
287	3105	3129	24
288	3129	3153	24
289	3153	3178	25
290	3178	3203	25
291	3203	3228	25
292	3228	3253	25
293	3253	3279	26
294	3279	3305	26
295	3305	3331	26
296	3331	3357	26
297	3357	3383	26
298	3383	3410	27
299	3410	3437	27
300	3437	3464	27
301	3464	3492	28
302	3492	3520	28
303	3520	3548	28
304	3548	3576	28
305	3576	3605	29
306	3605	3634	29
307	3634	3663	29
308	3663	3693	30
309	3693	3723	30
310	3723	3753	30
311	3753	3784	31
312	3784	3815	31
313	3815	3846	31
314	3846	3878	32
315	3878	3910	32
316	3910	3943	33
317	3943	3976	33
318	3976	4010	34
319	4010	4044	34
320	4044	4078	34
321	4078	4113	35
322	4113	4148	35
323	4148	4184	36
324	4184	4220	36
325	4220	4257	37
326	4257	4294	37
327	4294	4332	38
328	4332	4370	38
329	4370	4409	39
330	4409	4449	40
331	4449	4489	40
332	4489	4530	41
333	4530	4572	42
334	4572	4614	42
335	4614	4657	43
336	4657	4701	44
337	4701	4746	45
338	4746	4792	46
339	4792	4839	47
340	4839	4887	48
341	4887	4936	49
342	4936	4986	50
343	4986	5037	51
344	5037	5089	52
345	5089	5142	53
346	5142	5195	53
347	5195	5249	54
348	5249	5304	55
349	5304	5360	56
350	5360	5417	57
351	5417	5474	57
352	5474	5532	58
353	5532	5591	59
354	5591	5651	60
355	5651	5712	61
356	5712	5774	62
357	5774	5837	63
358	5837	5901	64
359	5901	5966	65
360	5966	6033	67
361	6033	6101	68
362	6101	6170	69
363	6170	6241	71
364	6241	6313	72
365	6313	6387	74
366	6387	6462	75
367	6462	6538	76
368	6538	6615	77
369	6615	6694	79
370	6694	6774	80
371	6774	6855	81
372	6855	6938	83
373	6938	7022	84
374	7022	7108	86
375	7108	7196	88
376	7196	7285	89
377	7285	7376	91
378	7376	7469	93
379	7469	7564	95
380	7564	7662	98
381	7662	7762	100
382	7762	7865	103
383	7865	7970	105
384	7970	8078	108
385	8078	8188	110
386	8188	8300	112
387	8300	8414	114
388	8414	8530	116
389	8530	8649	119
390	8649	8770	121
391	8770	8894	124
392	8894	9021	127
393	9021	9151	130
394	9151	9285	134
395	9285	9422	137
396	9422	9563	141
397	9563	9708	145
398	9708	9858	150
399	9858	10013	155
400	10013	10172	159
