#
#N Pointing	tstart	tend	Obs time
#		s
1	210	211	1
2	211	212	1
3	212	213	1
4	213	214	1
5	214	215	1
6	215	216	1
7	216	217	1
8	217	218	1
9	218	219	1
10	219	220	1
11	220	221	1
12	221	222	1
13	222	223	1
14	223	224	1
15	224	225	1
16	225	226	1
17	226	227	1
18	227	228	1
19	228	229	1
20	229	230	1
21	230	231	1
22	231	232	1
23	232	233	1
24	233	234	1
25	234	235	1
26	235	236	1
27	236	237	1
28	237	238	1
29	238	239	1
30	239	240	1
31	240	241	1
32	241	242	1
33	242	243	1
34	243	244	1
35	244	245	1
36	245	246	1
37	246	247	1
38	247	248	1
39	248	249	1
40	249	250	1
41	250	251	1
42	251	252	1
43	252	253	1
44	253	254	1
45	254	255	1
46	255	256	1
47	256	257	1
48	257	258	1
49	258	259	1
50	259	260	1
51	260	261	1
52	261	262	1
53	262	263	1
54	263	264	1
55	264	265	1
56	265	266	1
57	266	267	1
58	267	268	1
59	268	269	1
60	269	270	1
61	270	271	1
62	271	272	1
63	272	273	1
64	273	274	1
65	274	275	1
66	275	276	1
67	276	277	1
68	277	278	1
69	278	279	1
70	279	280	1
71	280	281	1
72	281	282	1
73	282	283	1
74	283	284	1
75	284	285	1
76	285	286	1
77	286	287	1
78	287	288	1
79	288	289	1
80	289	290	1
81	290	291	1
82	291	292	1
83	292	293	1
84	293	294	1
85	294	295	1
86	295	296	1
87	296	297	1
88	297	298	1
89	298	299	1
90	299	300	1
91	300	301	1
92	301	302	1
93	302	303	1
94	303	304	1
95	304	305	1
96	305	306	1
97	306	307	1
98	307	308	1
99	308	309	1
100	309	310	1
101	310	311	1
102	311	312	1
103	312	313	1
104	313	314	1
105	314	315	1
106	315	316	1
107	316	317	1
108	317	318	1
109	318	319	1
110	319	320	1
111	320	321	1
112	321	322	1
113	322	323	1
114	323	324	1
115	324	325	1
116	325	326	1
117	326	327	1
118	327	328	1
119	328	329	1
120	329	330	1
121	330	331	1
122	331	332	1
123	332	333	1
124	333	334	1
125	334	335	1
126	335	336	1
127	336	337	1
128	337	338	1
129	338	339	1
130	339	340	1
131	340	341	1
132	341	342	1
133	342	343	1
134	343	344	1
135	344	345	1
136	345	346	1
137	346	347	1
138	347	348	1
139	348	349	1
140	349	350	1
141	350	351	1
142	351	352	1
143	352	353	1
144	353	354	1
145	354	355	1
146	355	356	1
147	356	357	1
148	357	358	1
149	358	359	1
150	359	360	1
151	360	361	1
152	361	362	1
153	362	363	1
154	363	364	1
155	364	365	1
156	365	366	1
157	366	367	1
158	367	368	1
159	368	369	1
160	369	370	1
161	370	371	1
162	371	372	1
163	372	373	1
164	373	374	1
165	374	375	1
166	375	376	1
167	376	377	1
168	377	378	1
169	378	379	1
170	379	380	1
171	380	381	1
172	381	382	1
173	382	383	1
174	383	384	1
175	384	385	1
176	385	386	1
177	386	387	1
178	387	388	1
179	388	389	1
180	389	390	1
181	390	391	1
182	391	392	1
183	392	393	1
184	393	394	1
185	394	395	1
186	395	396	1
187	396	397	1
188	397	398	1
189	398	399	1
190	399	400	1
191	400	401	1
192	401	402	1
193	402	403	1
194	403	404	1
195	404	405	1
196	405	406	1
197	406	407	1
198	407	408	1
199	408	409	1
200	409	410	1
201	410	411	1
202	411	412	1
203	412	413	1
204	413	414	1
205	414	415	1
206	415	416	1
207	416	417	1
208	417	418	1
209	418	419	1
210	419	420	1
211	420	421	1
212	421	422	1
213	422	423	1
214	423	424	1
215	424	425	1
216	425	426	1
217	426	427	1
218	427	428	1
219	428	429	1
220	429	430	1
221	430	431	1
222	431	432	1
223	432	433	1
224	433	434	1
225	434	435	1
226	435	436	1
227	436	437	1
228	437	438	1
229	438	439	1
230	439	440	1
231	440	441	1
232	441	442	1
233	442	443	1
234	443	444	1
235	444	445	1
236	445	446	1
237	446	447	1
238	447	448	1
239	448	449	1
240	449	450	1
241	450	451	1
242	451	452	1
243	452	453	1
244	453	454	1
245	454	455	1
246	455	456	1
247	456	457	1
248	457	458	1
249	458	459	1
250	459	460	1
251	460	461	1
252	461	462	1
253	462	463	1
254	463	464	1
255	464	465	1
256	465	466	1
257	466	467	1
258	467	468	1
259	468	469	1
260	469	470	1
261	470	471	1
262	471	472	1
263	472	473	1
264	473	474	1
265	474	475	1
266	475	476	1
267	476	477	1
268	477	478	1
269	478	479	1
270	479	480	1
271	480	481	1
272	481	482	1
273	482	483	1
274	483	484	1
275	484	485	1
276	485	486	1
277	486	487	1
278	487	488	1
279	488	489	1
280	489	490	1
281	490	491	1
282	491	492	1
283	492	493	1
284	493	494	1
285	494	495	1
286	495	496	1
287	496	497	1
288	497	498	1
289	498	499	1
290	499	500	1
291	500	501	1
292	501	502	1
293	502	503	1
294	503	504	1
295	504	505	1
296	505	506	1
297	506	507	1
298	507	508	1
299	508	509	1
300	509	510	1
301	510	511	1
302	511	512	1
303	512	513	1
304	513	514	1
305	514	515	1
306	515	516	1
307	516	517	1
308	517	518	1
309	518	519	1
310	519	520	1
311	520	521	1
312	521	522	1
313	522	523	1
314	523	524	1
315	524	525	1
316	525	526	1
317	526	527	1
318	527	528	1
319	528	529	1
320	529	530	1
321	530	531	1
322	531	532	1
323	532	533	1
324	533	534	1
325	534	535	1
326	535	536	1
327	536	537	1
328	537	538	1
329	538	539	1
330	539	540	1
331	540	541	1
332	541	542	1
333	542	543	1
334	543	544	1
335	544	545	1
336	545	546	1
337	546	547	1
338	547	548	1
339	548	549	1
340	549	550	1
341	550	551	1
342	551	552	1
343	552	553	1
344	553	554	1
345	554	555	1
346	555	556	1
347	556	557	1
348	557	558	1
349	558	559	1
350	559	560	1
351	560	561	1
352	561	562	1
353	562	563	1
354	563	564	1
355	564	565	1
356	565	566	1
357	566	567	1
358	567	568	1
359	568	569	1
360	569	570	1
361	570	571	1
362	571	572	1
363	572	573	1
364	573	574	1
365	574	575	1
366	575	576	1
367	576	577	1
368	577	578	1
369	578	579	1
370	579	580	1
371	580	581	1
372	581	582	1
373	582	583	1
374	583	584	1
375	584	585	1
376	585	586	1
377	586	587	1
378	587	588	1
379	588	589	1
380	589	590	1
381	590	591	1
382	591	592	1
383	592	593	1
384	593	594	1
385	594	595	1
386	595	596	1
387	596	597	1
388	597	598	1
389	598	599	1
390	599	600	1
391	600	601	1
392	601	602	1
393	602	603	1
394	603	604	1
395	604	605	1
396	605	606	1
397	606	607	1
398	607	608	1
399	608	609	1
400	609	610	1
401	610	611	1
402	611	612	1
403	612	613	1
404	613	614	1
405	614	615	1
406	615	616	1
407	616	617	1
408	617	618	1
409	618	619	1
410	619	620	1
411	620	621	1
412	621	622	1
413	622	623	1
414	623	624	1
415	624	625	1
416	625	626	1
417	626	627	1
418	627	628	1
419	628	629	1
420	629	630	1
421	630	631	1
422	631	632	1
423	632	633	1
424	633	634	1
425	634	635	1
426	635	636	1
427	636	637	1
428	637	638	1
429	638	639	1
430	639	640	1
431	640	641	1
432	641	642	1
433	642	643	1
434	643	644	1
435	644	645	1
436	645	646	1
437	646	647	1
438	647	648	1
439	648	649	1
440	649	650	1
441	650	651	1
442	651	652	1
443	652	653	1
444	653	654	1
445	654	655	1
446	655	656	1
447	656	657	1
448	657	658	1
449	658	659	1
450	659	660	1
451	660	661	1
452	661	662	1
453	662	663	1
454	663	664	1
455	664	665	1
456	665	666	1
457	666	667	1
458	667	668	1
459	668	669	1
460	669	670	1
461	670	671	1
462	671	672	1
463	672	673	1
464	673	674	1
465	674	675	1
466	675	676	1
467	676	677	1
468	677	678	1
469	678	679	1
470	679	680	1
471	680	681	1
472	681	682	1
473	682	683	1
474	683	684	1
475	684	685	1
476	685	686	1
477	686	687	1
478	687	688	1
479	688	689	1
480	689	690	1
481	690	691	1
482	691	692	1
483	692	693	1
484	693	694	1
485	694	695	1
486	695	696	1
487	696	697	1
488	697	698	1
489	698	699	1
490	699	700	1
491	700	701	1
492	701	702	1
493	702	703	1
494	703	704	1
495	704	705	1
496	705	706	1
497	706	707	1
498	707	708	1
499	708	709	1
500	709	710	1
501	710	711	1
502	711	712	1
503	712	713	1
504	713	714	1
505	714	715	1
506	715	716	1
507	716	717	1
508	717	718	1
509	718	719	1
510	719	720	1
511	720	721	1
512	721	722	1
513	722	723	1
514	723	724	1
515	724	725	1
516	725	726	1
517	726	727	1
518	727	728	1
519	728	729	1
520	729	730	1
521	730	731	1
522	731	732	1
523	732	733	1
524	733	734	1
525	734	735	1
526	735	736	1
527	736	737	1
528	737	738	1
529	738	739	1
530	739	740	1
531	740	741	1
532	741	742	1
533	742	743	1
534	743	744	1
535	744	745	1
536	745	746	1
537	746	747	1
538	747	748	1
539	748	749	1
540	749	750	1
541	750	751	1
542	751	752	1
543	752	753	1
544	753	754	1
545	754	755	1
546	755	756	1
547	756	757	1
548	757	758	1
549	758	759	1
550	759	760	1
551	760	761	1
552	761	762	1
553	762	763	1
554	763	764	1
555	764	765	1
556	765	766	1
557	766	767	1
558	767	768	1
559	768	769	1
560	769	770	1
561	770	771	1
562	771	772	1
563	772	773	1
564	773	774	1
565	774	775	1
566	775	776	1
567	776	777	1
568	777	778	1
569	778	779	1
570	779	780	1
571	780	781	1
572	781	782	1
573	782	783	1
574	783	784	1
575	784	785	1
576	785	786	1
577	786	787	1
578	787	788	1
579	788	789	1
580	789	790	1
581	790	791	1
582	791	792	1
583	792	793	1
584	793	794	1
585	794	795	1
586	795	796	1
587	796	797	1
588	797	798	1
589	798	799	1
590	799	800	1
591	800	801	1
592	801	802	1
593	802	803	1
594	803	804	1
595	804	805	1
596	805	806	1
597	806	807	1
598	807	808	1
599	808	809	1
600	809	810	1
601	810	811	1
602	811	812	1
603	812	813	1
604	813	814	1
605	814	815	1
606	815	816	1
607	816	817	1
608	817	818	1
609	818	819	1
610	819	820	1
611	820	821	1
612	821	822	1
613	822	823	1
614	823	824	1
615	824	825	1
616	825	826	1
617	826	827	1
618	827	828	1
619	828	829	1
620	829	830	1
621	830	831	1
622	831	832	1
623	832	833	1
624	833	834	1
625	834	835	1
626	835	836	1
627	836	837	1
628	837	838	1
629	838	839	1
630	839	840	1
631	840	841	1
632	841	842	1
633	842	843	1
634	843	844	1
635	844	845	1
636	845	846	1
637	846	847	1
638	847	848	1
639	848	849	1
640	849	850	1
641	850	851	1
642	851	852	1
643	852	853	1
644	853	854	1
645	854	855	1
646	855	856	1
647	856	857	1
648	857	858	1
649	858	859	1
650	859	860	1
651	860	861	1
652	861	862	1
653	862	863	1
654	863	864	1
655	864	865	1
656	865	866	1
657	866	867	1
658	867	868	1
659	868	869	1
660	869	870	1
661	870	871	1
662	871	872	1
663	872	873	1
664	873	874	1
665	874	875	1
666	875	876	1
667	876	877	1
668	877	878	1
669	878	879	1
670	879	880	1
671	880	881	1
672	881	882	1
673	882	883	1
674	883	884	1
675	884	885	1
676	885	886	1
677	886	887	1
678	887	888	1
679	888	889	1
680	889	890	1
681	890	891	1
682	891	892	1
683	892	893	1
684	893	894	1
685	894	895	1
686	895	896	1
687	896	897	1
688	897	898	1
689	898	899	1
690	899	900	1
691	900	901	1
692	901	902	1
693	902	903	1
694	903	904	1
695	904	905	1
696	905	906	1
697	906	907	1
698	907	908	1
699	908	909	1
700	909	910	1
701	910	911	1
702	911	912	1
703	912	913	1
704	913	914	1
705	914	915	1
706	915	916	1
707	916	917	1
708	917	918	1
709	918	919	1
710	919	920	1
711	920	921	1
712	921	922	1
713	922	923	1
714	923	924	1
715	924	925	1
716	925	926	1
717	926	927	1
718	927	928	1
719	928	929	1
720	929	930	1
721	930	931	1
722	931	932	1
723	932	933	1
724	933	934	1
725	934	935	1
726	935	936	1
727	936	937	1
728	937	938	1
729	938	939	1
730	939	940	1
731	940	941	1
732	941	942	1
733	942	943	1
734	943	944	1
735	944	945	1
736	945	946	1
737	946	947	1
738	947	948	1
739	948	949	1
740	949	950	1
741	950	951	1
742	951	952	1
743	952	953	1
744	953	954	1
745	954	955	1
746	955	956	1
747	956	957	1
748	957	958	1
749	958	959	1
750	959	960	1
751	960	961	1
752	961	962	1
753	962	963	1
754	963	964	1
755	964	965	1
756	965	966	1
757	966	967	1
758	967	968	1
759	968	969	1
760	969	970	1
761	970	971	1
762	971	972	1
763	972	973	1
764	973	974	1
765	974	975	1
766	975	976	1
767	976	977	1
768	977	978	1
769	978	979	1
770	979	980	1
771	980	981	1
772	981	982	1
773	982	983	1
774	983	984	1
775	984	985	1
776	985	986	1
777	986	987	1
778	987	988	1
779	988	989	1
780	989	990	1
781	990	991	1
782	991	992	1
783	992	993	1
784	993	994	1
785	994	995	1
786	995	996	1
787	996	998	2
788	998	1000	2
789	1000	1002	2
790	1002	1004	2
791	1004	1006	2
792	1006	1008	2
793	1008	1010	2
794	1010	1012	2
795	1012	1014	2
796	1014	1016	2
797	1016	1018	2
798	1018	1020	2
799	1020	1022	2
800	1022	1024	2
801	1024	1026	2
802	1026	1028	2
803	1028	1030	2
804	1030	1032	2
805	1032	1034	2
806	1034	1036	2
807	1036	1038	2
808	1038	1040	2
809	1040	1042	2
810	1042	1044	2
811	1044	1046	2
812	1046	1048	2
813	1048	1050	2
814	1050	1052	2
815	1052	1054	2
816	1054	1056	2
817	1056	1058	2
818	1058	1060	2
819	1060	1062	2
820	1062	1064	2
821	1064	1066	2
822	1066	1068	2
823	1068	1070	2
824	1070	1072	2
825	1072	1074	2
826	1074	1076	2
827	1076	1078	2
828	1078	1080	2
829	1080	1082	2
830	1082	1084	2
831	1084	1086	2
832	1086	1088	2
833	1088	1090	2
834	1090	1092	2
835	1092	1094	2
836	1094	1096	2
837	1096	1098	2
838	1098	1100	2
839	1100	1102	2
840	1102	1104	2
841	1104	1106	2
842	1106	1108	2
843	1108	1110	2
844	1110	1112	2
845	1112	1114	2
846	1114	1116	2
847	1116	1118	2
848	1118	1120	2
849	1120	1122	2
850	1122	1124	2
851	1124	1126	2
852	1126	1128	2
853	1128	1130	2
854	1130	1132	2
855	1132	1134	2
856	1134	1136	2
857	1136	1138	2
858	1138	1140	2
859	1140	1142	2
860	1142	1144	2
861	1144	1146	2
862	1146	1148	2
863	1148	1150	2
864	1150	1152	2
865	1152	1154	2
866	1154	1156	2
867	1156	1158	2
868	1158	1160	2
869	1160	1162	2
870	1162	1164	2
871	1164	1166	2
872	1166	1168	2
873	1168	1170	2
874	1170	1172	2
875	1172	1174	2
876	1174	1176	2
877	1176	1178	2
878	1178	1180	2
879	1180	1182	2
880	1182	1184	2
881	1184	1186	2
882	1186	1188	2
883	1188	1190	2
884	1190	1192	2
885	1192	1194	2
886	1194	1196	2
887	1196	1198	2
888	1198	1200	2
889	1200	1202	2
890	1202	1204	2
891	1204	1206	2
892	1206	1208	2
893	1208	1210	2
894	1210	1212	2
895	1212	1214	2
896	1214	1216	2
897	1216	1218	2
898	1218	1220	2
899	1220	1222	2
900	1222	1224	2
901	1224	1226	2
902	1226	1228	2
903	1228	1230	2
904	1230	1232	2
905	1232	1234	2
906	1234	1236	2
907	1236	1238	2
908	1238	1240	2
909	1240	1242	2
910	1242	1244	2
911	1244	1246	2
912	1246	1248	2
913	1248	1250	2
914	1250	1252	2
915	1252	1254	2
916	1254	1256	2
917	1256	1258	2
918	1258	1260	2
919	1260	1262	2
920	1262	1264	2
921	1264	1266	2
922	1266	1268	2
923	1268	1270	2
924	1270	1272	2
925	1272	1274	2
926	1274	1276	2
927	1276	1278	2
928	1278	1280	2
929	1280	1282	2
930	1282	1284	2
931	1284	1286	2
932	1286	1288	2
933	1288	1290	2
934	1290	1292	2
935	1292	1294	2
936	1294	1296	2
937	1296	1298	2
938	1298	1300	2
939	1300	1302	2
940	1302	1304	2
941	1304	1306	2
942	1306	1308	2
943	1308	1310	2
944	1310	1312	2
945	1312	1314	2
946	1314	1316	2
947	1316	1318	2
948	1318	1320	2
949	1320	1322	2
950	1322	1324	2
951	1324	1326	2
952	1326	1328	2
953	1328	1330	2
954	1330	1332	2
955	1332	1334	2
956	1334	1336	2
957	1336	1338	2
958	1338	1340	2
959	1340	1342	2
960	1342	1344	2
961	1344	1346	2
962	1346	1348	2
963	1348	1350	2
964	1350	1352	2
965	1352	1354	2
966	1354	1356	2
967	1356	1358	2
968	1358	1360	2
969	1360	1362	2
970	1362	1364	2
971	1364	1366	2
972	1366	1368	2
973	1368	1370	2
974	1370	1372	2
975	1372	1374	2
976	1374	1376	2
977	1376	1378	2
978	1378	1380	2
979	1380	1382	2
980	1382	1384	2
981	1384	1386	2
982	1386	1388	2
983	1388	1390	2
984	1390	1392	2
985	1392	1394	2
986	1394	1396	2
987	1396	1398	2
988	1398	1400	2
989	1400	1402	2
990	1402	1404	2
991	1404	1406	2
992	1406	1408	2
993	1408	1410	2
994	1410	1412	2
995	1412	1414	2
996	1414	1416	2
997	1416	1418	2
998	1418	1420	2
999	1420	1422	2
1000	1422	1424	2
1001	1424	1426	2
1002	1426	1428	2
1003	1428	1430	2
1004	1430	1432	2
1005	1432	1434	2
1006	1434	1436	2
1007	1436	1438	2
1008	1438	1440	2
1009	1440	1442	2
1010	1442	1444	2
1011	1444	1446	2
1012	1446	1448	2
1013	1448	1450	2
1014	1450	1452	2
1015	1452	1454	2
1016	1454	1456	2
1017	1456	1458	2
1018	1458	1460	2
1019	1460	1462	2
1020	1462	1464	2
1021	1464	1466	2
1022	1466	1468	2
1023	1468	1470	2
1024	1470	1472	2
1025	1472	1474	2
1026	1474	1476	2
1027	1476	1478	2
1028	1478	1480	2
1029	1480	1482	2
1030	1482	1484	2
1031	1484	1486	2
1032	1486	1488	2
1033	1488	1490	2
1034	1490	1492	2
1035	1492	1494	2
1036	1494	1496	2
1037	1496	1498	2
1038	1498	1500	2
1039	1500	1502	2
1040	1502	1504	2
1041	1504	1506	2
1042	1506	1508	2
1043	1508	1510	2
1044	1510	1512	2
1045	1512	1514	2
1046	1514	1516	2
1047	1516	1518	2
1048	1518	1520	2
1049	1520	1522	2
1050	1522	1524	2
1051	1524	1526	2
1052	1526	1528	2
1053	1528	1530	2
1054	1530	1532	2
1055	1532	1534	2
1056	1534	1536	2
1057	1536	1538	2
1058	1538	1540	2
1059	1540	1542	2
1060	1542	1544	2
1061	1544	1546	2
1062	1546	1548	2
1063	1548	1550	2
1064	1550	1552	2
1065	1552	1554	2
1066	1554	1556	2
1067	1556	1558	2
1068	1558	1560	2
1069	1560	1562	2
1070	1562	1564	2
1071	1564	1566	2
1072	1566	1568	2
1073	1568	1570	2
1074	1570	1572	2
1075	1572	1574	2
1076	1574	1576	2
1077	1576	1578	2
1078	1578	1580	2
1079	1580	1582	2
1080	1582	1584	2
1081	1584	1586	2
1082	1586	1588	2
1083	1588	1590	2
1084	1590	1592	2
1085	1592	1594	2
1086	1594	1596	2
1087	1596	1598	2
1088	1598	1600	2
1089	1600	1602	2
1090	1602	1604	2
1091	1604	1606	2
1092	1606	1608	2
1093	1608	1610	2
1094	1610	1612	2
1095	1612	1614	2
1096	1614	1616	2
1097	1616	1618	2
1098	1618	1620	2
1099	1620	1622	2
1100	1622	1624	2
1101	1624	1626	2
1102	1626	1628	2
1103	1628	1630	2
1104	1630	1632	2
1105	1632	1634	2
1106	1634	1636	2
1107	1636	1638	2
1108	1638	1640	2
1109	1640	1642	2
1110	1642	1644	2
1111	1644	1646	2
1112	1646	1648	2
1113	1648	1650	2
1114	1650	1652	2
1115	1652	1654	2
1116	1654	1656	2
1117	1656	1658	2
1118	1658	1660	2
1119	1660	1662	2
1120	1662	1664	2
1121	1664	1666	2
1122	1666	1668	2
1123	1668	1670	2
1124	1670	1672	2
1125	1672	1674	2
1126	1674	1676	2
1127	1676	1678	2
1128	1678	1680	2
1129	1680	1682	2
1130	1682	1684	2
1131	1684	1686	2
1132	1686	1688	2
1133	1688	1690	2
1134	1690	1692	2
1135	1692	1694	2
1136	1694	1696	2
1137	1696	1698	2
1138	1698	1700	2
1139	1700	1702	2
1140	1702	1704	2
1141	1704	1706	2
1142	1706	1708	2
1143	1708	1710	2
1144	1710	1712	2
1145	1712	1714	2
1146	1714	1716	2
1147	1716	1718	2
1148	1718	1720	2
1149	1720	1722	2
1150	1722	1724	2
1151	1724	1726	2
1152	1726	1728	2
1153	1728	1730	2
1154	1730	1732	2
1155	1732	1734	2
1156	1734	1736	2
1157	1736	1738	2
1158	1738	1740	2
1159	1740	1742	2
1160	1742	1744	2
1161	1744	1746	2
1162	1746	1748	2
1163	1748	1750	2
1164	1750	1752	2
1165	1752	1754	2
1166	1754	1756	2
1167	1756	1758	2
1168	1758	1760	2
1169	1760	1762	2
1170	1762	1764	2
1171	1764	1766	2
1172	1766	1768	2
1173	1768	1770	2
1174	1770	1772	2
1175	1772	1774	2
1176	1774	1776	2
1177	1776	1778	2
1178	1778	1780	2
1179	1780	1782	2
1180	1782	1784	2
1181	1784	1786	2
1182	1786	1788	2
1183	1788	1790	2
1184	1790	1792	2
1185	1792	1794	2
1186	1794	1796	2
1187	1796	1798	2
1188	1798	1800	2
1189	1800	1802	2
1190	1802	1804	2
1191	1804	1806	2
1192	1806	1808	2
1193	1808	1810	2
1194	1810	1812	2
1195	1812	1814	2
1196	1814	1816	2
1197	1816	1818	2
1198	1818	1820	2
1199	1820	1822	2
1200	1822	1824	2
1201	1824	1826	2
1202	1826	1828	2
1203	1828	1830	2
1204	1830	1832	2
1205	1832	1834	2
1206	1834	1836	2
1207	1836	1838	2
1208	1838	1840	2
1209	1840	1842	2
1210	1842	1844	2
1211	1844	1846	2
1212	1846	1848	2
1213	1848	1850	2
1214	1850	1852	2
1215	1852	1854	2
1216	1854	1856	2
1217	1856	1858	2
1218	1858	1860	2
1219	1860	1862	2
1220	1862	1864	2
1221	1864	1866	2
1222	1866	1868	2
1223	1868	1870	2
1224	1870	1872	2
1225	1872	1874	2
1226	1874	1876	2
1227	1876	1878	2
1228	1878	1880	2
1229	1880	1882	2
1230	1882	1884	2
1231	1884	1886	2
1232	1886	1888	2
1233	1888	1890	2
1234	1890	1892	2
1235	1892	1894	2
1236	1894	1896	2
1237	1896	1898	2
1238	1898	1900	2
1239	1900	1902	2
1240	1902	1904	2
1241	1904	1906	2
1242	1906	1908	2
1243	1908	1910	2
1244	1910	1912	2
1245	1912	1914	2
1246	1914	1916	2
1247	1916	1918	2
1248	1918	1920	2
1249	1920	1922	2
1250	1922	1924	2
1251	1924	1926	2
1252	1926	1928	2
1253	1928	1930	2
1254	1930	1932	2
1255	1932	1934	2
1256	1934	1936	2
1257	1936	1938	2
1258	1938	1940	2
1259	1940	1942	2
1260	1942	1944	2
1261	1944	1946	2
1262	1946	1948	2
1263	1948	1950	2
1264	1950	1952	2
1265	1952	1954	2
1266	1954	1956	2
1267	1956	1958	2
1268	1958	1960	2
1269	1960	1962	2
1270	1962	1964	2
1271	1964	1966	2
1272	1966	1968	2
1273	1968	1970	2
1274	1970	1972	2
1275	1972	1974	2
1276	1974	1976	2
1277	1976	1978	2
1278	1978	1980	2
1279	1980	1982	2
1280	1982	1984	2
1281	1984	1986	2
1282	1986	1988	2
1283	1988	1990	2
1284	1990	1992	2
1285	1992	1994	2
1286	1994	1996	2
1287	1996	1998	2
1288	1998	2000	2
1289	2000	2002	2
1290	2002	2004	2
1291	2004	2006	2
1292	2006	2008	2
1293	2008	2010	2
1294	2010	2012	2
1295	2012	2014	2
1296	2014	2016	2
1297	2016	2018	2
1298	2018	2020	2
1299	2020	2022	2
1300	2022	2024	2
1301	2024	2026	2
1302	2026	2028	2
1303	2028	2030	2
1304	2030	2032	2
1305	2032	2034	2
1306	2034	2036	2
1307	2036	2038	2
1308	2038	2040	2
1309	2040	2042	2
1310	2042	2044	2
1311	2044	2046	2
1312	2046	2048	2
1313	2048	2050	2
1314	2050	2052	2
1315	2052	2054	2
1316	2054	2056	2
1317	2056	2058	2
1318	2058	2060	2
1319	2060	2062	2
1320	2062	2064	2
1321	2064	2066	2
1322	2066	2068	2
1323	2068	2070	2
1324	2070	2072	2
1325	2072	2074	2
1326	2074	2076	2
1327	2076	2078	2
1328	2078	2080	2
1329	2080	2082	2
1330	2082	2084	2
1331	2084	2086	2
1332	2086	2088	2
1333	2088	2090	2
1334	2090	2092	2
1335	2092	2094	2
1336	2094	2096	2
1337	2096	2098	2
1338	2098	2100	2
1339	2100	2102	2
1340	2102	2104	2
1341	2104	2106	2
1342	2106	2108	2
1343	2108	2110	2
1344	2110	2112	2
1345	2112	2114	2
1346	2114	2116	2
1347	2116	2118	2
1348	2118	2120	2
1349	2120	2122	2
1350	2122	2124	2
1351	2124	2126	2
1352	2126	2128	2
1353	2128	2130	2
1354	2130	2132	2
1355	2132	2134	2
1356	2134	2136	2
1357	2136	2138	2
1358	2138	2140	2
1359	2140	2142	2
1360	2142	2144	2
1361	2144	2146	2
1362	2146	2148	2
1363	2148	2150	2
1364	2150	2152	2
1365	2152	2154	2
1366	2154	2156	2
1367	2156	2158	2
1368	2158	2160	2
1369	2160	2162	2
1370	2162	2164	2
1371	2164	2166	2
1372	2166	2168	2
1373	2168	2170	2
1374	2170	2172	2
1375	2172	2174	2
1376	2174	2176	2
1377	2176	2178	2
1378	2178	2180	2
1379	2180	2182	2
1380	2182	2184	2
1381	2184	2186	2
1382	2186	2188	2
1383	2188	2190	2
1384	2190	2192	2
1385	2192	2194	2
1386	2194	2196	2
1387	2196	2198	2
1388	2198	2200	2
1389	2200	2202	2
1390	2202	2204	2
1391	2204	2206	2
1392	2206	2208	2
1393	2208	2210	2
1394	2210	2212	2
1395	2212	2214	2
1396	2214	2216	2
1397	2216	2218	2
1398	2218	2220	2
1399	2220	2222	2
1400	2222	2224	2
1401	2224	2226	2
1402	2226	2228	2
1403	2228	2230	2
1404	2230	2232	2
1405	2232	2234	2
1406	2234	2236	2
1407	2236	2238	2
1408	2238	2240	2
1409	2240	2242	2
1410	2242	2244	2
1411	2244	2246	2
1412	2246	2248	2
1413	2248	2250	2
1414	2250	2252	2
1415	2252	2254	2
1416	2254	2256	2
1417	2256	2258	2
1418	2258	2260	2
1419	2260	2262	2
1420	2262	2264	2
1421	2264	2266	2
1422	2266	2268	2
1423	2268	2270	2
1424	2270	2272	2
1425	2272	2274	2
1426	2274	2276	2
1427	2276	2278	2
1428	2278	2280	2
1429	2280	2282	2
1430	2282	2284	2
1431	2284	2286	2
1432	2286	2288	2
1433	2288	2290	2
1434	2290	2292	2
1435	2292	2294	2
1436	2294	2296	2
1437	2296	2298	2
1438	2298	2300	2
1439	2300	2302	2
1440	2302	2304	2
1441	2304	2306	2
1442	2306	2308	2
1443	2308	2310	2
1444	2310	2312	2
1445	2312	2314	2
1446	2314	2316	2
1447	2316	2318	2
1448	2318	2320	2
1449	2320	2322	2
1450	2322	2324	2
1451	2324	2326	2
1452	2326	2328	2
1453	2328	2330	2
1454	2330	2332	2
1455	2332	2334	2
1456	2334	2336	2
1457	2336	2338	2
1458	2338	2340	2
1459	2340	2342	2
1460	2342	2344	2
1461	2344	2346	2
1462	2346	2348	2
1463	2348	2350	2
1464	2350	2352	2
1465	2352	2354	2
1466	2354	2356	2
1467	2356	2358	2
1468	2358	2360	2
1469	2360	2362	2
1470	2362	2364	2
1471	2364	2366	2
1472	2366	2368	2
1473	2368	2370	2
1474	2370	2372	2
1475	2372	2374	2
1476	2374	2377	3
1477	2377	2380	3
1478	2380	2383	3
1479	2383	2386	3
1480	2386	2389	3
1481	2389	2392	3
1482	2392	2395	3
1483	2395	2398	3
1484	2398	2401	3
1485	2401	2404	3
1486	2404	2407	3
1487	2407	2410	3
1488	2410	2413	3
1489	2413	2416	3
1490	2416	2419	3
1491	2419	2422	3
1492	2422	2425	3
1493	2425	2428	3
1494	2428	2431	3
1495	2431	2434	3
1496	2434	2437	3
1497	2437	2440	3
1498	2440	2443	3
1499	2443	2446	3
1500	2446	2449	3
1501	2449	2452	3
1502	2452	2455	3
1503	2455	2458	3
1504	2458	2461	3
1505	2461	2464	3
1506	2464	2467	3
1507	2467	2470	3
1508	2470	2473	3
1509	2473	2476	3
1510	2476	2479	3
1511	2479	2482	3
1512	2482	2485	3
1513	2485	2488	3
1514	2488	2491	3
1515	2491	2494	3
1516	2494	2497	3
1517	2497	2500	3
1518	2500	2503	3
1519	2503	2506	3
1520	2506	2509	3
1521	2509	2512	3
1522	2512	2515	3
1523	2515	2518	3
1524	2518	2521	3
1525	2521	2524	3
1526	2524	2527	3
1527	2527	2530	3
1528	2530	2533	3
1529	2533	2536	3
1530	2536	2539	3
1531	2539	2542	3
1532	2542	2545	3
1533	2545	2548	3
1534	2548	2551	3
1535	2551	2554	3
1536	2554	2557	3
1537	2557	2560	3
1538	2560	2563	3
1539	2563	2566	3
1540	2566	2569	3
1541	2569	2572	3
1542	2572	2575	3
1543	2575	2578	3
1544	2578	2581	3
1545	2581	2584	3
1546	2584	2587	3
1547	2587	2590	3
1548	2590	2593	3
1549	2593	2596	3
1550	2596	2599	3
1551	2599	2602	3
1552	2602	2605	3
1553	2605	2608	3
1554	2608	2611	3
1555	2611	2614	3
1556	2614	2617	3
1557	2617	2620	3
1558	2620	2623	3
1559	2623	2626	3
1560	2626	2629	3
1561	2629	2632	3
1562	2632	2635	3
1563	2635	2638	3
1564	2638	2641	3
1565	2641	2644	3
1566	2644	2647	3
1567	2647	2650	3
1568	2650	2653	3
1569	2653	2656	3
1570	2656	2659	3
1571	2659	2662	3
1572	2662	2665	3
1573	2665	2668	3
1574	2668	2671	3
1575	2671	2674	3
1576	2674	2677	3
1577	2677	2680	3
1578	2680	2683	3
1579	2683	2686	3
1580	2686	2689	3
1581	2689	2692	3
1582	2692	2695	3
1583	2695	2698	3
1584	2698	2701	3
1585	2701	2704	3
1586	2704	2707	3
1587	2707	2710	3
1588	2710	2713	3
1589	2713	2716	3
1590	2716	2719	3
1591	2719	2722	3
1592	2722	2725	3
1593	2725	2728	3
1594	2728	2731	3
1595	2731	2734	3
1596	2734	2737	3
1597	2737	2740	3
1598	2740	2743	3
1599	2743	2746	3
1600	2746	2749	3
1601	2749	2752	3
1602	2752	2755	3
1603	2755	2758	3
1604	2758	2761	3
1605	2761	2764	3
1606	2764	2767	3
1607	2767	2770	3
1608	2770	2773	3
1609	2773	2776	3
1610	2776	2779	3
1611	2779	2782	3
1612	2782	2785	3
1613	2785	2788	3
1614	2788	2791	3
1615	2791	2794	3
1616	2794	2797	3
1617	2797	2800	3
1618	2800	2803	3
1619	2803	2806	3
1620	2806	2809	3
1621	2809	2812	3
1622	2812	2815	3
1623	2815	2818	3
1624	2818	2821	3
1625	2821	2824	3
1626	2824	2827	3
1627	2827	2830	3
1628	2830	2833	3
1629	2833	2836	3
1630	2836	2839	3
1631	2839	2842	3
1632	2842	2845	3
1633	2845	2848	3
1634	2848	2851	3
1635	2851	2854	3
1636	2854	2857	3
1637	2857	2860	3
1638	2860	2863	3
1639	2863	2866	3
1640	2866	2869	3
1641	2869	2872	3
1642	2872	2875	3
1643	2875	2878	3
1644	2878	2881	3
1645	2881	2884	3
1646	2884	2887	3
1647	2887	2890	3
1648	2890	2893	3
1649	2893	2896	3
1650	2896	2899	3
1651	2899	2902	3
1652	2902	2905	3
1653	2905	2908	3
1654	2908	2911	3
1655	2911	2914	3
1656	2914	2917	3
1657	2917	2920	3
1658	2920	2923	3
1659	2923	2926	3
1660	2926	2929	3
1661	2929	2932	3
1662	2932	2935	3
1663	2935	2938	3
1664	2938	2941	3
1665	2941	2944	3
1666	2944	2947	3
1667	2947	2950	3
1668	2950	2953	3
1669	2953	2956	3
1670	2956	2959	3
1671	2959	2962	3
1672	2962	2965	3
1673	2965	2968	3
1674	2968	2971	3
1675	2971	2974	3
1676	2974	2977	3
1677	2977	2980	3
1678	2980	2983	3
1679	2983	2986	3
1680	2986	2989	3
1681	2989	2992	3
1682	2992	2995	3
1683	2995	2998	3
1684	2998	3001	3
1685	3001	3004	3
1686	3004	3007	3
1687	3007	3010	3
1688	3010	3013	3
1689	3013	3016	3
1690	3016	3019	3
1691	3019	3022	3
1692	3022	3025	3
1693	3025	3028	3
1694	3028	3032	4
1695	3032	3036	4
1696	3036	3040	4
1697	3040	3044	4
1698	3044	3048	4
1699	3048	3052	4
1700	3052	3056	4
1701	3056	3060	4
1702	3060	3064	4
1703	3064	3068	4
1704	3068	3072	4
1705	3072	3076	4
1706	3076	3080	4
1707	3080	3084	4
1708	3084	3088	4
1709	3088	3092	4
1710	3092	3096	4
1711	3096	3100	4
1712	3100	3104	4
1713	3104	3108	4
1714	3108	3112	4
1715	3112	3116	4
1716	3116	3120	4
1717	3120	3124	4
1718	3124	3128	4
1719	3128	3132	4
1720	3132	3136	4
1721	3136	3140	4
1722	3140	3144	4
1723	3144	3148	4
1724	3148	3152	4
1725	3152	3156	4
1726	3156	3160	4
1727	3160	3164	4
1728	3164	3168	4
1729	3168	3172	4
1730	3172	3176	4
1731	3176	3180	4
1732	3180	3184	4
1733	3184	3188	4
1734	3188	3192	4
1735	3192	3196	4
1736	3196	3200	4
1737	3200	3204	4
1738	3204	3208	4
1739	3208	3212	4
1740	3212	3216	4
1741	3216	3220	4
1742	3220	3224	4
1743	3224	3228	4
1744	3228	3232	4
1745	3232	3236	4
1746	3236	3240	4
1747	3240	3244	4
1748	3244	3248	4
1749	3248	3252	4
1750	3252	3256	4
1751	3256	3260	4
1752	3260	3264	4
1753	3264	3268	4
1754	3268	3272	4
1755	3272	3276	4
1756	3276	3280	4
1757	3280	3284	4
1758	3284	3288	4
1759	3288	3292	4
1760	3292	3296	4
1761	3296	3300	4
1762	3300	3304	4
1763	3304	3308	4
1764	3308	3312	4
1765	3312	3316	4
1766	3316	3320	4
1767	3320	3324	4
1768	3324	3328	4
1769	3328	3332	4
1770	3332	3336	4
1771	3336	3340	4
1772	3340	3344	4
1773	3344	3348	4
1774	3348	3352	4
1775	3352	3356	4
1776	3356	3360	4
1777	3360	3364	4
1778	3364	3368	4
1779	3368	3372	4
1780	3372	3376	4
1781	3376	3380	4
1782	3380	3384	4
1783	3384	3388	4
1784	3388	3392	4
1785	3392	3396	4
1786	3396	3400	4
1787	3400	3404	4
1788	3404	3408	4
1789	3408	3412	4
1790	3412	3416	4
1791	3416	3420	4
1792	3420	3424	4
1793	3424	3428	4
1794	3428	3432	4
1795	3432	3436	4
1796	3436	3440	4
1797	3440	3444	4
1798	3444	3448	4
1799	3448	3452	4
1800	3452	3456	4
1801	3456	3460	4
1802	3460	3464	4
1803	3464	3468	4
1804	3468	3472	4
1805	3472	3476	4
1806	3476	3480	4
1807	3480	3484	4
1808	3484	3488	4
1809	3488	3492	4
1810	3492	3496	4
1811	3496	3500	4
1812	3500	3504	4
1813	3504	3508	4
1814	3508	3512	4
1815	3512	3516	4
1816	3516	3520	4
1817	3520	3524	4
1818	3524	3528	4
1819	3528	3532	4
1820	3532	3536	4
1821	3536	3540	4
1822	3540	3544	4
1823	3544	3548	4
1824	3548	3552	4
1825	3552	3556	4
1826	3556	3560	4
1827	3560	3564	4
1828	3564	3568	4
1829	3568	3572	4
1830	3572	3576	4
1831	3576	3580	4
1832	3580	3584	4
1833	3584	3588	4
1834	3588	3592	4
1835	3592	3596	4
1836	3596	3601	5
1837	3601	3606	5
1838	3606	3611	5
1839	3611	3616	5
1840	3616	3621	5
1841	3621	3626	5
1842	3626	3631	5
1843	3631	3636	5
1844	3636	3641	5
1845	3641	3646	5
1846	3646	3651	5
1847	3651	3656	5
1848	3656	3661	5
1849	3661	3666	5
1850	3666	3671	5
1851	3671	3676	5
1852	3676	3681	5
1853	3681	3686	5
1854	3686	3691	5
1855	3691	3696	5
1856	3696	3701	5
1857	3701	3706	5
1858	3706	3711	5
1859	3711	3716	5
1860	3716	3721	5
1861	3721	3726	5
1862	3726	3731	5
1863	3731	3736	5
1864	3736	3741	5
1865	3741	3746	5
1866	3746	3751	5
1867	3751	3756	5
1868	3756	3761	5
1869	3761	3766	5
1870	3766	3771	5
1871	3771	3776	5
1872	3776	3781	5
1873	3781	3786	5
1874	3786	3791	5
1875	3791	3796	5
1876	3796	3801	5
1877	3801	3806	5
1878	3806	3811	5
1879	3811	3816	5
1880	3816	3821	5
1881	3821	3826	5
1882	3826	3831	5
1883	3831	3836	5
1884	3836	3841	5
1885	3841	3846	5
1886	3846	3851	5
1887	3851	3856	5
1888	3856	3861	5
1889	3861	3866	5
1890	3866	3871	5
1891	3871	3876	5
1892	3876	3881	5
1893	3881	3886	5
1894	3886	3891	5
1895	3891	3896	5
1896	3896	3901	5
1897	3901	3906	5
1898	3906	3911	5
1899	3911	3916	5
1900	3916	3921	5
1901	3921	3926	5
1902	3926	3931	5
1903	3931	3936	5
1904	3936	3941	5
1905	3941	3946	5
1906	3946	3951	5
1907	3951	3956	5
1908	3956	3961	5
1909	3961	3966	5
1910	3966	3971	5
1911	3971	3976	5
1912	3976	3981	5
1913	3981	3986	5
1914	3986	3991	5
1915	3991	3996	5
1916	3996	4001	5
1917	4001	4006	5
1918	4006	4011	5
1919	4011	4016	5
1920	4016	4021	5
1921	4021	4026	5
1922	4026	4031	5
1923	4031	4036	5
1924	4036	4042	6
1925	4042	4048	6
1926	4048	4054	6
1927	4054	4060	6
1928	4060	4066	6
1929	4066	4072	6
1930	4072	4078	6
1931	4078	4084	6
1932	4084	4090	6
1933	4090	4096	6
1934	4096	4102	6
1935	4102	4108	6
1936	4108	4114	6
1937	4114	4120	6
1938	4120	4126	6
1939	4126	4132	6
1940	4132	4138	6
1941	4138	4144	6
1942	4144	4150	6
1943	4150	4156	6
1944	4156	4162	6
1945	4162	4168	6
1946	4168	4174	6
1947	4174	4180	6
1948	4180	4186	6
1949	4186	4192	6
1950	4192	4198	6
1951	4198	4204	6
1952	4204	4210	6
1953	4210	4216	6
1954	4216	4222	6
1955	4222	4228	6
1956	4228	4234	6
1957	4234	4240	6
1958	4240	4246	6
1959	4246	4252	6
1960	4252	4258	6
1961	4258	4264	6
1962	4264	4270	6
1963	4270	4276	6
1964	4276	4282	6
1965	4282	4288	6
1966	4288	4294	6
1967	4294	4300	6
1968	4300	4306	6
1969	4306	4312	6
1970	4312	4318	6
1971	4318	4324	6
1972	4324	4330	6
1973	4330	4336	6
1974	4336	4342	6
1975	4342	4348	6
1976	4348	4354	6
1977	4354	4360	6
1978	4360	4366	6
1979	4366	4372	6
1980	4372	4378	6
1981	4378	4384	6
1982	4384	4390	6
1983	4390	4396	6
1984	4396	4402	6
1985	4402	4408	6
1986	4408	4414	6
1987	4414	4420	6
1988	4420	4426	6
1989	4426	4432	6
1990	4432	4438	6
1991	4438	4444	6
1992	4444	4450	6
1993	4450	4456	6
1994	4456	4462	6
1995	4462	4468	6
1996	4468	4474	6
1997	4474	4480	6
1998	4480	4486	6
1999	4486	4492	6
2000	4492	4498	6
2001	4498	4504	6
2002	4504	4510	6
2003	4510	4516	6
2004	4516	4523	7
2005	4523	4530	7
2006	4530	4537	7
2007	4537	4544	7
2008	4544	4551	7
2009	4551	4558	7
2010	4558	4565	7
2011	4565	4572	7
2012	4572	4579	7
2013	4579	4586	7
2014	4586	4593	7
2015	4593	4600	7
2016	4600	4607	7
2017	4607	4614	7
2018	4614	4621	7
2019	4621	4628	7
2020	4628	4635	7
2021	4635	4642	7
2022	4642	4649	7
2023	4649	4656	7
2024	4656	4663	7
2025	4663	4670	7
2026	4670	4677	7
2027	4677	4684	7
2028	4684	4691	7
2029	4691	4698	7
2030	4698	4705	7
2031	4705	4712	7
2032	4712	4719	7
2033	4719	4726	7
2034	4726	4733	7
2035	4733	4740	7
2036	4740	4747	7
2037	4747	4754	7
2038	4754	4761	7
2039	4761	4768	7
2040	4768	4775	7
2041	4775	4782	7
2042	4782	4789	7
2043	4789	4796	7
2044	4796	4803	7
2045	4803	4810	7
2046	4810	4817	7
2047	4817	4824	7
2048	4824	4831	7
2049	4831	4838	7
2050	4838	4845	7
2051	4845	4852	7
2052	4852	4859	7
2053	4859	4866	7
2054	4866	4873	7
2055	4873	4880	7
2056	4880	4888	8
2057	4888	4896	8
2058	4896	4904	8
2059	4904	4912	8
2060	4912	4920	8
2061	4920	4928	8
2062	4928	4936	8
2063	4936	4944	8
2064	4944	4952	8
2065	4952	4960	8
2066	4960	4968	8
2067	4968	4976	8
2068	4976	4984	8
2069	4984	4992	8
2070	4992	5000	8
2071	5000	5008	8
2072	5008	5016	8
2073	5016	5024	8
2074	5024	5032	8
2075	5032	5040	8
2076	5040	5048	8
2077	5048	5056	8
2078	5056	5064	8
2079	5064	5072	8
2080	5072	5080	8
2081	5080	5088	8
2082	5088	5096	8
2083	5096	5104	8
2084	5104	5112	8
2085	5112	5120	8
2086	5120	5128	8
2087	5128	5136	8
2088	5136	5144	8
2089	5144	5152	8
2090	5152	5160	8
2091	5160	5168	8
2092	5168	5176	8
2093	5176	5184	8
2094	5184	5192	8
2095	5192	5200	8
2096	5200	5208	8
2097	5208	5216	8
2098	5216	5224	8
2099	5224	5232	8
2100	5232	5240	8
2101	5240	5248	8
2102	5248	5256	8
2103	5256	5265	9
2104	5265	5274	9
2105	5274	5283	9
2106	5283	5292	9
2107	5292	5301	9
2108	5301	5310	9
2109	5310	5319	9
2110	5319	5328	9
2111	5328	5337	9
2112	5337	5346	9
2113	5346	5355	9
2114	5355	5364	9
2115	5364	5373	9
2116	5373	5382	9
2117	5382	5391	9
2118	5391	5400	9
2119	5400	5409	9
2120	5409	5418	9
2121	5418	5427	9
2122	5427	5436	9
2123	5436	5445	9
2124	5445	5454	9
2125	5454	5463	9
2126	5463	5472	9
2127	5472	5481	9
2128	5481	5490	9
2129	5490	5499	9
2130	5499	5508	9
2131	5508	5517	9
2132	5517	5526	9
2133	5526	5535	9
2134	5535	5544	9
2135	5544	5553	9
2136	5553	5562	9
2137	5562	5571	9
2138	5571	5580	9
2139	5580	5589	9
2140	5589	5598	9
2141	5598	5607	9
2142	5607	5616	9
2143	5616	5625	9
2144	5625	5635	10
2145	5635	5645	10
2146	5645	5655	10
2147	5655	5665	10
2148	5665	5675	10
2149	5675	5685	10
2150	5685	5695	10
2151	5695	5705	10
2152	5705	5715	10
2153	5715	5725	10
2154	5725	5735	10
2155	5735	5745	10
2156	5745	5755	10
2157	5755	5765	10
2158	5765	5775	10
2159	5775	5785	10
2160	5785	5795	10
2161	5795	5805	10
2162	5805	5815	10
2163	5815	5825	10
2164	5825	5835	10
2165	5835	5845	10
2166	5845	5855	10
2167	5855	5865	10
2168	5865	5875	10
2169	5875	5885	10
2170	5885	5895	10
2171	5895	5905	10
2172	5905	5915	10
2173	5915	5925	10
2174	5925	5935	10
2175	5935	5946	11
2176	5946	5957	11
2177	5957	5968	11
2178	5968	5979	11
2179	5979	5990	11
2180	5990	6001	11
2181	6001	6012	11
2182	6012	6023	11
2183	6023	6034	11
2184	6034	6045	11
2185	6045	6056	11
2186	6056	6067	11
2187	6067	6078	11
2188	6078	6089	11
2189	6089	6100	11
2190	6100	6111	11
2191	6111	6122	11
2192	6122	6133	11
2193	6133	6144	11
2194	6144	6155	11
2195	6155	6166	11
2196	6166	6177	11
2197	6177	6188	11
2198	6188	6199	11
2199	6199	6211	12
2200	6211	6223	12
2201	6223	6235	12
2202	6235	6247	12
2203	6247	6259	12
2204	6259	6271	12
2205	6271	6283	12
2206	6283	6295	12
2207	6295	6307	12
2208	6307	6319	12
2209	6319	6331	12
2210	6331	6343	12
2211	6343	6355	12
2212	6355	6367	12
2213	6367	6379	12
2214	6379	6391	12
2215	6391	6403	12
2216	6403	6415	12
2217	6415	6427	12
2218	6427	6439	12
2219	6439	6451	12
2220	6451	6463	12
2221	6463	6475	12
2222	6475	6487	12
2223	6487	6500	13
2224	6500	6513	13
2225	6513	6526	13
2226	6526	6539	13
2227	6539	6552	13
2228	6552	6565	13
2229	6565	6578	13
2230	6578	6591	13
2231	6591	6604	13
2232	6604	6617	13
2233	6617	6630	13
2234	6630	6643	13
2235	6643	6656	13
2236	6656	6669	13
2237	6669	6682	13
2238	6682	6695	13
2239	6695	6708	13
2240	6708	6721	13
2241	6721	6734	13
2242	6734	6747	13
2243	6747	6760	13
2244	6760	6773	13
2245	6773	6786	13
2246	6786	6799	13
2247	6799	6812	13
2248	6812	6826	14
2249	6826	6840	14
2250	6840	6854	14
2251	6854	6868	14
2252	6868	6882	14
2253	6882	6896	14
2254	6896	6910	14
2255	6910	6924	14
2256	6924	6938	14
2257	6938	6952	14
2258	6952	6966	14
2259	6966	6980	14
2260	6980	6994	14
2261	6994	7008	14
2262	7008	7022	14
2263	7022	7036	14
2264	7036	7050	14
2265	7050	7064	14
2266	7064	7078	14
2267	7078	7092	14
2268	7092	7107	15
2269	7107	7122	15
2270	7122	7137	15
2271	7137	7152	15
2272	7152	7167	15
2273	7167	7182	15
2274	7182	7197	15
2275	7197	7212	15
2276	7212	7227	15
2277	7227	7242	15
2278	7242	7257	15
2279	7257	7272	15
2280	7272	7287	15
2281	7287	7302	15
2282	7302	7317	15
2283	7317	7332	15
2284	7332	7347	15
2285	7347	7363	16
2286	7363	7379	16
2287	7379	7395	16
2288	7395	7411	16
2289	7411	7427	16
2290	7427	7443	16
2291	7443	7459	16
2292	7459	7475	16
2293	7475	7491	16
2294	7491	7507	16
2295	7507	7523	16
2296	7523	7539	16
2297	7539	7555	16
2298	7555	7571	16
2299	7571	7588	17
2300	7588	7605	17
2301	7605	7622	17
2302	7622	7639	17
2303	7639	7656	17
2304	7656	7673	17
2305	7673	7690	17
2306	7690	7707	17
2307	7707	7724	17
2308	7724	7741	17
2309	7741	7758	17
2310	7758	7775	17
2311	7775	7793	18
2312	7793	7811	18
2313	7811	7829	18
2314	7829	7847	18
2315	7847	7865	18
2316	7865	7883	18
2317	7883	7901	18
2318	7901	7919	18
2319	7919	7937	18
2320	7937	7955	18
2321	7955	7974	19
2322	7974	7993	19
2323	7993	8012	19
2324	8012	8031	19
2325	8031	8050	19
2326	8050	8069	19
2327	8069	8088	19
2328	8088	8107	19
2329	8107	8126	19
2330	8126	8145	19
2331	8145	8164	19
2332	8164	8183	19
2333	8183	8202	19
2334	8202	8221	19
2335	8221	8241	20
2336	8241	8261	20
2337	8261	8281	20
2338	8281	8301	20
2339	8301	8321	20
2340	8321	8341	20
2341	8341	8361	20
2342	8361	8381	20
2343	8381	8401	20
2344	8401	8421	20
2345	8421	8441	20
2346	8441	8461	20
2347	8461	8481	20
2348	8481	8502	21
2349	8502	8523	21
2350	8523	8544	21
2351	8544	8565	21
2352	8565	8586	21
2353	8586	8607	21
2354	8607	8628	21
2355	8628	8649	21
2356	8649	8670	21
2357	8670	8691	21
2358	8691	8712	21
2359	8712	8734	22
2360	8734	8756	22
2361	8756	8778	22
2362	8778	8800	22
2363	8800	8822	22
2364	8822	8844	22
2365	8844	8866	22
2366	8866	8888	22
2367	8888	8910	22
2368	8910	8932	22
2369	8932	8955	23
2370	8955	8978	23
2371	8978	9001	23
2372	9001	9024	23
2373	9024	9047	23
2374	9047	9070	23
2375	9070	9093	23
2376	9093	9116	23
2377	9116	9139	23
2378	9139	9163	24
2379	9163	9187	24
2380	9187	9211	24
2381	9211	9235	24
2382	9235	9259	24
2383	9259	9283	24
2384	9283	9307	24
2385	9307	9332	25
2386	9332	9357	25
2387	9357	9382	25
2388	9382	9407	25
2389	9407	9432	25
2390	9432	9457	25
2391	9457	9482	25
2392	9482	9508	26
2393	9508	9534	26
2394	9534	9560	26
2395	9560	9586	26
2396	9586	9612	26
2397	9612	9638	26
2398	9638	9665	27
2399	9665	9692	27
2400	9692	9719	27
2401	9719	9746	27
2402	9746	9773	27
2403	9773	9800	27
2404	9800	9828	28
2405	9828	9856	28
2406	9856	9884	28
2407	9884	9912	28
2408	9912	9940	28
2409	9940	9969	29
2410	9969	9998	29
2411	9998	10027	29
2412	10027	10056	29
2413	10056	10085	29
2414	10085	10114	29
2415	10114	10144	30
2416	10144	10174	30
2417	10174	10204	30
