#
#N Pointing	tstart	tend	Obs time
#		s
1	210	211	1
2	211	212	1
3	212	213	1
4	213	214	1
5	214	215	1
6	215	216	1
7	216	217	1
8	217	218	1
9	218	219	1
10	219	220	1
11	220	221	1
12	221	222	1
13	222	223	1
14	223	224	1
15	224	225	1
16	225	226	1
17	226	227	1
18	227	228	1
19	228	229	1
20	229	230	1
21	230	231	1
22	231	232	1
23	232	233	1
24	233	234	1
25	234	235	1
26	235	236	1
27	236	237	1
28	237	238	1
29	238	239	1
30	239	240	1
31	240	241	1
32	241	242	1
33	242	243	1
34	243	244	1
35	244	245	1
36	245	246	1
37	246	247	1
38	247	248	1
39	248	249	1
40	249	250	1
41	250	251	1
42	251	252	1
43	252	253	1
44	253	254	1
45	254	255	1
46	255	256	1
47	256	257	1
48	257	258	1
49	258	259	1
50	259	260	1
51	260	261	1
52	261	262	1
53	262	263	1
54	263	264	1
55	264	265	1
56	265	266	1
57	266	267	1
58	267	268	1
59	268	269	1
60	269	270	1
61	270	271	1
62	271	272	1
63	272	273	1
64	273	274	1
65	274	275	1
66	275	276	1
67	276	277	1
68	277	278	1
69	278	279	1
70	279	280	1
71	280	281	1
72	281	282	1
73	282	283	1
74	283	284	1
75	284	285	1
76	285	286	1
77	286	287	1
78	287	288	1
79	288	289	1
80	289	290	1
81	290	291	1
82	291	292	1
83	292	293	1
84	293	294	1
85	294	295	1
86	295	296	1
87	296	297	1
88	297	298	1
89	298	299	1
90	299	300	1
91	300	301	1
92	301	302	1
93	302	303	1
94	303	304	1
95	304	305	1
96	305	306	1
97	306	307	1
98	307	308	1
99	308	309	1
100	309	310	1
101	310	311	1
102	311	312	1
103	312	313	1
104	313	314	1
105	314	315	1
106	315	316	1
107	316	317	1
108	317	318	1
109	318	319	1
110	319	320	1
111	320	321	1
112	321	322	1
113	322	323	1
114	323	324	1
115	324	325	1
116	325	326	1
117	326	327	1
118	327	328	1
119	328	329	1
120	329	330	1
121	330	331	1
122	331	332	1
123	332	333	1
124	333	334	1
125	334	335	1
126	335	336	1
127	336	337	1
128	337	338	1
129	338	339	1
130	339	340	1
131	340	341	1
132	341	342	1
133	342	343	1
134	343	344	1
135	344	345	1
136	345	346	1
137	346	347	1
138	347	348	1
139	348	349	1
140	349	350	1
141	350	351	1
142	351	352	1
143	352	353	1
144	353	354	1
145	354	355	1
146	355	356	1
147	356	357	1
148	357	358	1
149	358	359	1
150	359	360	1
151	360	361	1
152	361	362	1
153	362	363	1
154	363	364	1
155	364	365	1
156	365	366	1
157	366	367	1
158	367	368	1
159	368	369	1
160	369	370	1
161	370	371	1
162	371	372	1
163	372	373	1
164	373	374	1
165	374	375	1
166	375	376	1
167	376	377	1
168	377	378	1
169	378	379	1
170	379	380	1
171	380	381	1
172	381	382	1
173	382	383	1
174	383	384	1
175	384	385	1
176	385	386	1
177	386	387	1
178	387	388	1
179	388	389	1
180	389	390	1
181	390	391	1
182	391	392	1
183	392	393	1
184	393	394	1
185	394	395	1
186	395	396	1
187	396	397	1
188	397	398	1
189	398	399	1
190	399	400	1
191	400	401	1
192	401	402	1
193	402	403	1
194	403	404	1
195	404	405	1
196	405	406	1
197	406	407	1
198	407	408	1
199	408	409	1
200	409	410	1
201	410	411	1
202	411	412	1
203	412	413	1
204	413	414	1
205	414	415	1
206	415	416	1
207	416	417	1
208	417	418	1
209	418	419	1
210	419	420	1
211	420	421	1
212	421	422	1
213	422	423	1
214	423	424	1
215	424	425	1
216	425	426	1
217	426	427	1
218	427	428	1
219	428	429	1
220	429	430	1
221	430	431	1
222	431	432	1
223	432	433	1
224	433	434	1
225	434	435	1
226	435	436	1
227	436	437	1
228	437	438	1
229	438	439	1
230	439	440	1
231	440	441	1
232	441	442	1
233	442	443	1
234	443	444	1
235	444	445	1
236	445	446	1
237	446	447	1
238	447	448	1
239	448	449	1
240	449	450	1
241	450	451	1
242	451	452	1
243	452	453	1
244	453	454	1
245	454	455	1
246	455	456	1
247	456	457	1
248	457	458	1
249	458	459	1
250	459	460	1
251	460	461	1
252	461	462	1
253	462	463	1
254	463	464	1
255	464	465	1
256	465	466	1
257	466	467	1
258	467	468	1
259	468	469	1
260	469	470	1
261	470	471	1
262	471	472	1
263	472	473	1
264	473	474	1
265	474	475	1
266	475	476	1
267	476	477	1
268	477	478	1
269	478	479	1
270	479	480	1
271	480	481	1
272	481	482	1
273	482	483	1
274	483	484	1
275	484	485	1
276	485	486	1
277	486	487	1
278	487	488	1
279	488	489	1
280	489	490	1
281	490	491	1
282	491	492	1
283	492	493	1
284	493	494	1
285	494	495	1
286	495	496	1
287	496	497	1
288	497	498	1
289	498	499	1
290	499	500	1
291	500	501	1
292	501	502	1
293	502	503	1
294	503	504	1
295	504	505	1
296	505	506	1
297	506	507	1
298	507	508	1
299	508	509	1
300	509	510	1
301	510	511	1
302	511	512	1
303	512	513	1
304	513	514	1
305	514	515	1
306	515	516	1
307	516	517	1
308	517	518	1
309	518	519	1
310	519	520	1
311	520	521	1
312	521	522	1
313	522	523	1
314	523	524	1
315	524	525	1
316	525	526	1
317	526	527	1
318	527	528	1
319	528	529	1
320	529	530	1
321	530	531	1
322	531	532	1
323	532	533	1
324	533	534	1
325	534	535	1
326	535	536	1
327	536	537	1
328	537	538	1
329	538	539	1
330	539	540	1
331	540	541	1
332	541	542	1
333	542	543	1
334	543	544	1
335	544	545	1
336	545	546	1
337	546	547	1
338	547	548	1
339	548	549	1
340	549	550	1
341	550	551	1
342	551	552	1
343	552	553	1
344	553	554	1
345	554	555	1
346	555	556	1
347	556	557	1
348	557	558	1
349	558	559	1
350	559	560	1
351	560	561	1
352	561	562	1
353	562	563	1
354	563	564	1
355	564	565	1
356	565	566	1
357	566	567	1
358	567	568	1
359	568	569	1
360	569	570	1
361	570	571	1
362	571	572	1
363	572	573	1
364	573	574	1
365	574	575	1
366	575	576	1
367	576	577	1
368	577	578	1
369	578	579	1
370	579	580	1
371	580	581	1
372	581	582	1
373	582	583	1
374	583	584	1
375	584	585	1
376	585	586	1
377	586	587	1
378	587	588	1
379	588	589	1
380	589	590	1
381	590	591	1
382	591	592	1
383	592	593	1
384	593	594	1
385	594	595	1
386	595	596	1
387	596	597	1
388	597	598	1
389	598	599	1
390	599	600	1
391	600	601	1
392	601	602	1
393	602	603	1
394	603	604	1
395	604	605	1
396	605	606	1
397	606	607	1
398	607	608	1
399	608	609	1
400	609	610	1
401	610	611	1
402	611	612	1
403	612	613	1
404	613	614	1
405	614	615	1
406	615	616	1
407	616	617	1
408	617	618	1
409	618	619	1
410	619	620	1
411	620	621	1
412	621	622	1
413	622	623	1
414	623	624	1
415	624	625	1
416	625	626	1
417	626	627	1
418	627	628	1
419	628	629	1
420	629	630	1
421	630	631	1
422	631	632	1
423	632	633	1
424	633	634	1
425	634	635	1
426	635	636	1
427	636	637	1
428	637	638	1
429	638	639	1
430	639	640	1
431	640	641	1
432	641	642	1
433	642	643	1
434	643	644	1
435	644	645	1
436	645	646	1
437	646	647	1
438	647	648	1
439	648	649	1
440	649	650	1
441	650	651	1
442	651	652	1
443	652	653	1
444	653	654	1
445	654	655	1
446	655	656	1
447	656	657	1
448	657	658	1
449	658	659	1
450	659	660	1
451	660	661	1
452	661	662	1
453	662	663	1
454	663	664	1
455	664	665	1
456	665	666	1
457	666	667	1
458	667	668	1
459	668	669	1
460	669	670	1
461	670	671	1
462	671	672	1
463	672	673	1
464	673	674	1
465	674	675	1
466	675	676	1
467	676	677	1
468	677	678	1
469	678	679	1
470	679	680	1
471	680	681	1
472	681	682	1
473	682	683	1
474	683	684	1
475	684	685	1
476	685	686	1
477	686	687	1
478	687	688	1
479	688	689	1
480	689	690	1
481	690	691	1
482	691	692	1
483	692	693	1
484	693	694	1
485	694	695	1
486	695	696	1
487	696	697	1
488	697	698	1
489	698	699	1
490	699	700	1
491	700	701	1
492	701	702	1
493	702	703	1
494	703	704	1
495	704	705	1
496	705	706	1
497	706	707	1
498	707	708	1
499	708	709	1
500	709	710	1
501	710	711	1
502	711	712	1
503	712	713	1
504	713	714	1
505	714	715	1
506	715	716	1
507	716	717	1
508	717	718	1
509	718	719	1
510	719	720	1
511	720	721	1
512	721	722	1
513	722	723	1
514	723	724	1
515	724	725	1
516	725	726	1
517	726	727	1
518	727	728	1
519	728	729	1
520	729	730	1
521	730	731	1
522	731	732	1
523	732	733	1
524	733	734	1
525	734	735	1
526	735	736	1
527	736	737	1
528	737	738	1
529	738	739	1
530	739	740	1
531	740	741	1
532	741	742	1
533	742	743	1
534	743	744	1
535	744	745	1
536	745	746	1
537	746	747	1
538	747	748	1
539	748	749	1
540	749	750	1
541	750	751	1
542	751	752	1
543	752	753	1
544	753	754	1
545	754	755	1
546	755	756	1
547	756	757	1
548	757	758	1
549	758	759	1
550	759	760	1
551	760	761	1
552	761	762	1
553	762	763	1
554	763	764	1
555	764	765	1
556	765	766	1
557	766	767	1
558	767	768	1
559	768	769	1
560	769	770	1
561	770	771	1
562	771	772	1
563	772	773	1
564	773	774	1
565	774	775	1
566	775	776	1
567	776	777	1
568	777	778	1
569	778	779	1
570	779	780	1
571	780	781	1
572	781	782	1
573	782	783	1
574	783	784	1
575	784	785	1
576	785	786	1
577	786	787	1
578	787	788	1
579	788	789	1
580	789	790	1
581	790	791	1
582	791	792	1
583	792	793	1
584	793	794	1
585	794	795	1
586	795	796	1
587	796	797	1
588	797	798	1
589	798	799	1
590	799	800	1
591	800	801	1
592	801	802	1
593	802	803	1
594	803	804	1
595	804	805	1
596	805	806	1
597	806	807	1
598	807	808	1
599	808	809	1
600	809	810	1
601	810	811	1
602	811	812	1
603	812	813	1
604	813	814	1
605	814	815	1
606	815	816	1
607	816	817	1
608	817	818	1
609	818	819	1
610	819	820	1
611	820	821	1
612	821	822	1
613	822	823	1
614	823	824	1
615	824	825	1
616	825	826	1
617	826	827	1
618	827	828	1
619	828	829	1
620	829	830	1
621	830	831	1
622	831	832	1
623	832	833	1
624	833	834	1
625	834	835	1
626	835	836	1
627	836	837	1
628	837	838	1
629	838	839	1
630	839	840	1
631	840	841	1
632	841	842	1
633	842	843	1
634	843	844	1
635	844	845	1
636	845	846	1
637	846	847	1
638	847	848	1
639	848	849	1
640	849	850	1
641	850	851	1
642	851	852	1
643	852	853	1
644	853	854	1
645	854	855	1
646	855	856	1
647	856	857	1
648	857	858	1
649	858	859	1
650	859	860	1
651	860	861	1
652	861	862	1
653	862	863	1
654	863	864	1
655	864	865	1
656	865	866	1
657	866	867	1
658	867	868	1
659	868	869	1
660	869	870	1
661	870	871	1
662	871	872	1
663	872	873	1
664	873	874	1
665	874	875	1
666	875	876	1
667	876	877	1
668	877	878	1
669	878	879	1
670	879	880	1
671	880	881	1
672	881	882	1
673	882	883	1
674	883	884	1
675	884	885	1
676	885	886	1
677	886	887	1
678	887	888	1
679	888	889	1
680	889	890	1
681	890	891	1
682	891	892	1
683	892	893	1
684	893	894	1
685	894	895	1
686	895	896	1
687	896	897	1
688	897	898	1
689	898	899	1
690	899	900	1
691	900	901	1
692	901	902	1
693	902	903	1
694	903	904	1
695	904	905	1
696	905	906	1
697	906	907	1
698	907	908	1
699	908	909	1
700	909	910	1
701	910	911	1
702	911	912	1
703	912	913	1
704	913	914	1
705	914	915	1
706	915	916	1
707	916	917	1
708	917	918	1
709	918	919	1
710	919	920	1
711	920	921	1
712	921	922	1
713	922	923	1
714	923	924	1
715	924	925	1
716	925	926	1
717	926	927	1
718	927	928	1
719	928	929	1
720	929	930	1
721	930	931	1
722	931	932	1
723	932	933	1
724	933	934	1
725	934	935	1
726	935	936	1
727	936	937	1
728	937	938	1
729	938	939	1
730	939	940	1
731	940	941	1
732	941	942	1
733	942	943	1
734	943	944	1
735	944	945	1
736	945	946	1
737	946	947	1
738	947	948	1
739	948	949	1
740	949	950	1
741	950	951	1
742	951	952	1
743	952	953	1
744	953	954	1
745	954	955	1
746	955	956	1
747	956	957	1
748	957	958	1
749	958	959	1
750	959	960	1
751	960	961	1
752	961	962	1
753	962	963	1
754	963	964	1
755	964	965	1
756	965	966	1
757	966	967	1
758	967	968	1
759	968	969	1
760	969	970	1
761	970	971	1
762	971	972	1
763	972	973	1
764	973	974	1
765	974	975	1
766	975	976	1
767	976	977	1
768	977	978	1
769	978	979	1
770	979	980	1
771	980	981	1
772	981	982	1
773	982	983	1
774	983	984	1
775	984	985	1
776	985	986	1
777	986	987	1
778	987	988	1
779	988	989	1
780	989	990	1
781	990	991	1
782	991	992	1
783	992	993	1
784	993	994	1
785	994	995	1
786	995	996	1
787	996	997	1
788	997	998	1
789	998	999	1
790	999	1000	1
791	1000	1001	1
792	1001	1002	1
793	1002	1003	1
794	1003	1004	1
795	1004	1005	1
796	1005	1006	1
797	1006	1007	1
798	1007	1008	1
799	1008	1009	1
800	1009	1010	1
801	1010	1011	1
802	1011	1012	1
803	1012	1013	1
804	1013	1014	1
805	1014	1015	1
806	1015	1016	1
807	1016	1017	1
808	1017	1018	1
809	1018	1019	1
810	1019	1020	1
811	1020	1021	1
812	1021	1022	1
813	1022	1023	1
814	1023	1024	1
815	1024	1025	1
816	1025	1026	1
817	1026	1027	1
818	1027	1028	1
819	1028	1029	1
820	1029	1030	1
821	1030	1031	1
822	1031	1032	1
823	1032	1033	1
824	1033	1034	1
825	1034	1035	1
826	1035	1036	1
827	1036	1037	1
828	1037	1038	1
829	1038	1039	1
830	1039	1040	1
831	1040	1041	1
832	1041	1042	1
833	1042	1043	1
834	1043	1044	1
835	1044	1045	1
836	1045	1046	1
837	1046	1047	1
838	1047	1048	1
839	1048	1049	1
840	1049	1050	1
841	1050	1051	1
842	1051	1052	1
843	1052	1053	1
844	1053	1054	1
845	1054	1055	1
846	1055	1056	1
847	1056	1057	1
848	1057	1058	1
849	1058	1059	1
850	1059	1060	1
851	1060	1061	1
852	1061	1062	1
853	1062	1063	1
854	1063	1064	1
855	1064	1065	1
856	1065	1066	1
857	1066	1067	1
858	1067	1068	1
859	1068	1069	1
860	1069	1070	1
861	1070	1071	1
862	1071	1072	1
863	1072	1073	1
864	1073	1074	1
865	1074	1075	1
866	1075	1076	1
867	1076	1077	1
868	1077	1078	1
869	1078	1079	1
870	1079	1080	1
871	1080	1081	1
872	1081	1082	1
873	1082	1083	1
874	1083	1084	1
875	1084	1085	1
876	1085	1086	1
877	1086	1087	1
878	1087	1088	1
879	1088	1089	1
880	1089	1090	1
881	1090	1091	1
882	1091	1092	1
883	1092	1093	1
884	1093	1094	1
885	1094	1095	1
886	1095	1096	1
887	1096	1097	1
888	1097	1098	1
889	1098	1099	1
890	1099	1100	1
891	1100	1101	1
892	1101	1102	1
893	1102	1103	1
894	1103	1104	1
895	1104	1105	1
896	1105	1106	1
897	1106	1107	1
898	1107	1108	1
899	1108	1109	1
900	1109	1110	1
901	1110	1111	1
902	1111	1112	1
903	1112	1113	1
904	1113	1114	1
905	1114	1115	1
906	1115	1116	1
907	1116	1117	1
908	1117	1118	1
909	1118	1119	1
910	1119	1120	1
911	1120	1121	1
912	1121	1122	1
913	1122	1123	1
914	1123	1124	1
915	1124	1125	1
916	1125	1126	1
917	1126	1127	1
918	1127	1128	1
919	1128	1129	1
920	1129	1130	1
921	1130	1131	1
922	1131	1132	1
923	1132	1133	1
924	1133	1134	1
925	1134	1135	1
926	1135	1136	1
927	1136	1137	1
928	1137	1138	1
929	1138	1139	1
930	1139	1140	1
931	1140	1141	1
932	1141	1142	1
933	1142	1143	1
934	1143	1144	1
935	1144	1145	1
936	1145	1146	1
937	1146	1147	1
938	1147	1148	1
939	1148	1149	1
940	1149	1150	1
941	1150	1151	1
942	1151	1152	1
943	1152	1153	1
944	1153	1154	1
945	1154	1155	1
946	1155	1156	1
947	1156	1157	1
948	1157	1158	1
949	1158	1159	1
950	1159	1160	1
951	1160	1161	1
952	1161	1162	1
953	1162	1163	1
954	1163	1164	1
955	1164	1165	1
956	1165	1166	1
957	1166	1167	1
958	1167	1168	1
959	1168	1169	1
960	1169	1170	1
961	1170	1171	1
962	1171	1172	1
963	1172	1173	1
964	1173	1174	1
965	1174	1175	1
966	1175	1176	1
967	1176	1177	1
968	1177	1178	1
969	1178	1179	1
970	1179	1180	1
971	1180	1181	1
972	1181	1182	1
973	1182	1183	1
974	1183	1184	1
975	1184	1185	1
976	1185	1186	1
977	1186	1187	1
978	1187	1188	1
979	1188	1189	1
980	1189	1190	1
981	1190	1191	1
982	1191	1192	1
983	1192	1193	1
984	1193	1194	1
985	1194	1195	1
986	1195	1196	1
987	1196	1197	1
988	1197	1198	1
989	1198	1199	1
990	1199	1200	1
991	1200	1201	1
992	1201	1202	1
993	1202	1203	1
994	1203	1204	1
995	1204	1205	1
996	1205	1206	1
997	1206	1207	1
998	1207	1208	1
999	1208	1209	1
1000	1209	1210	1
1001	1210	1211	1
1002	1211	1212	1
1003	1212	1213	1
1004	1213	1214	1
1005	1214	1215	1
1006	1215	1216	1
1007	1216	1217	1
1008	1217	1218	1
1009	1218	1219	1
1010	1219	1220	1
1011	1220	1221	1
1012	1221	1222	1
1013	1222	1223	1
1014	1223	1224	1
1015	1224	1225	1
1016	1225	1226	1
1017	1226	1227	1
1018	1227	1228	1
1019	1228	1229	1
1020	1229	1230	1
1021	1230	1231	1
1022	1231	1232	1
1023	1232	1233	1
1024	1233	1234	1
1025	1234	1235	1
1026	1235	1236	1
1027	1236	1237	1
1028	1237	1238	1
1029	1238	1239	1
1030	1239	1240	1
1031	1240	1241	1
1032	1241	1242	1
1033	1242	1243	1
1034	1243	1244	1
1035	1244	1245	1
1036	1245	1246	1
1037	1246	1247	1
1038	1247	1248	1
1039	1248	1249	1
1040	1249	1250	1
1041	1250	1251	1
1042	1251	1252	1
1043	1252	1253	1
1044	1253	1254	1
1045	1254	1255	1
1046	1255	1256	1
1047	1256	1257	1
1048	1257	1258	1
1049	1258	1259	1
1050	1259	1260	1
1051	1260	1261	1
1052	1261	1262	1
1053	1262	1263	1
1054	1263	1264	1
1055	1264	1265	1
1056	1265	1266	1
1057	1266	1267	1
1058	1267	1268	1
1059	1268	1269	1
1060	1269	1270	1
1061	1270	1271	1
1062	1271	1272	1
1063	1272	1273	1
1064	1273	1274	1
1065	1274	1275	1
1066	1275	1276	1
1067	1276	1277	1
1068	1277	1278	1
1069	1278	1279	1
1070	1279	1280	1
1071	1280	1281	1
1072	1281	1282	1
1073	1282	1283	1
1074	1283	1284	1
1075	1284	1285	1
1076	1285	1286	1
1077	1286	1287	1
1078	1287	1288	1
1079	1288	1289	1
1080	1289	1290	1
1081	1290	1291	1
1082	1291	1292	1
1083	1292	1293	1
1084	1293	1294	1
1085	1294	1295	1
1086	1295	1296	1
1087	1296	1297	1
1088	1297	1298	1
1089	1298	1299	1
1090	1299	1300	1
1091	1300	1301	1
1092	1301	1302	1
1093	1302	1303	1
1094	1303	1304	1
1095	1304	1305	1
1096	1305	1306	1
1097	1306	1307	1
1098	1307	1308	1
1099	1308	1309	1
1100	1309	1310	1
1101	1310	1311	1
1102	1311	1312	1
1103	1312	1313	1
1104	1313	1314	1
1105	1314	1315	1
1106	1315	1316	1
1107	1316	1317	1
1108	1317	1318	1
1109	1318	1319	1
1110	1319	1320	1
1111	1320	1321	1
1112	1321	1322	1
1113	1322	1323	1
1114	1323	1324	1
1115	1324	1325	1
1116	1325	1326	1
1117	1326	1327	1
1118	1327	1328	1
1119	1328	1329	1
1120	1329	1330	1
1121	1330	1331	1
1122	1331	1332	1
1123	1332	1333	1
1124	1333	1334	1
1125	1334	1335	1
1126	1335	1336	1
1127	1336	1337	1
1128	1337	1338	1
1129	1338	1339	1
1130	1339	1340	1
1131	1340	1341	1
1132	1341	1342	1
1133	1342	1343	1
1134	1343	1344	1
1135	1344	1345	1
1136	1345	1346	1
1137	1346	1347	1
1138	1347	1348	1
1139	1348	1349	1
1140	1349	1350	1
1141	1350	1351	1
1142	1351	1352	1
1143	1352	1353	1
1144	1353	1354	1
1145	1354	1355	1
1146	1355	1356	1
1147	1356	1357	1
1148	1357	1358	1
1149	1358	1359	1
1150	1359	1360	1
1151	1360	1361	1
1152	1361	1362	1
1153	1362	1363	1
1154	1363	1364	1
1155	1364	1365	1
1156	1365	1366	1
1157	1366	1367	1
1158	1367	1368	1
1159	1368	1369	1
1160	1369	1370	1
1161	1370	1371	1
1162	1371	1372	1
1163	1372	1373	1
1164	1373	1374	1
1165	1374	1375	1
1166	1375	1376	1
1167	1376	1377	1
1168	1377	1378	1
1169	1378	1379	1
1170	1379	1380	1
1171	1380	1381	1
1172	1381	1382	1
1173	1382	1383	1
1174	1383	1384	1
1175	1384	1385	1
1176	1385	1386	1
1177	1386	1387	1
1178	1387	1388	1
1179	1388	1389	1
1180	1389	1390	1
1181	1390	1391	1
1182	1391	1392	1
1183	1392	1393	1
1184	1393	1394	1
1185	1394	1395	1
1186	1395	1396	1
1187	1396	1397	1
1188	1397	1398	1
1189	1398	1399	1
1190	1399	1400	1
1191	1400	1401	1
1192	1401	1402	1
1193	1402	1403	1
1194	1403	1404	1
1195	1404	1405	1
1196	1405	1406	1
1197	1406	1407	1
1198	1407	1408	1
1199	1408	1409	1
1200	1409	1410	1
1201	1410	1411	1
1202	1411	1412	1
1203	1412	1413	1
1204	1413	1414	1
1205	1414	1415	1
1206	1415	1416	1
1207	1416	1417	1
1208	1417	1418	1
1209	1418	1419	1
1210	1419	1420	1
1211	1420	1421	1
1212	1421	1422	1
1213	1422	1423	1
1214	1423	1424	1
1215	1424	1425	1
1216	1425	1426	1
1217	1426	1427	1
1218	1427	1428	1
1219	1428	1429	1
1220	1429	1430	1
1221	1430	1431	1
1222	1431	1432	1
1223	1432	1433	1
1224	1433	1434	1
1225	1434	1435	1
1226	1435	1436	1
1227	1436	1437	1
1228	1437	1438	1
1229	1438	1439	1
1230	1439	1440	1
1231	1440	1441	1
1232	1441	1442	1
1233	1442	1443	1
1234	1443	1444	1
1235	1444	1445	1
1236	1445	1446	1
1237	1446	1447	1
1238	1447	1448	1
1239	1448	1449	1
1240	1449	1450	1
1241	1450	1451	1
1242	1451	1452	1
1243	1452	1453	1
1244	1453	1454	1
1245	1454	1455	1
1246	1455	1456	1
1247	1456	1457	1
1248	1457	1458	1
1249	1458	1459	1
1250	1459	1460	1
1251	1460	1461	1
1252	1461	1462	1
1253	1462	1463	1
1254	1463	1464	1
1255	1464	1465	1
1256	1465	1466	1
1257	1466	1467	1
1258	1467	1468	1
1259	1468	1469	1
1260	1469	1470	1
1261	1470	1471	1
1262	1471	1472	1
1263	1472	1473	1
1264	1473	1474	1
1265	1474	1475	1
1266	1475	1476	1
1267	1476	1477	1
1268	1477	1478	1
1269	1478	1479	1
1270	1479	1480	1
1271	1480	1481	1
1272	1481	1482	1
1273	1482	1483	1
1274	1483	1484	1
1275	1484	1485	1
1276	1485	1486	1
1277	1486	1487	1
1278	1487	1488	1
1279	1488	1489	1
1280	1489	1490	1
1281	1490	1491	1
1282	1491	1492	1
1283	1492	1493	1
1284	1493	1494	1
1285	1494	1495	1
1286	1495	1496	1
1287	1496	1497	1
1288	1497	1498	1
1289	1498	1499	1
1290	1499	1500	1
1291	1500	1501	1
1292	1501	1502	1
1293	1502	1503	1
1294	1503	1504	1
1295	1504	1505	1
1296	1505	1506	1
1297	1506	1507	1
1298	1507	1508	1
1299	1508	1509	1
1300	1509	1510	1
1301	1510	1511	1
1302	1511	1512	1
1303	1512	1513	1
1304	1513	1514	1
1305	1514	1515	1
1306	1515	1516	1
1307	1516	1517	1
1308	1517	1518	1
1309	1518	1519	1
1310	1519	1520	1
1311	1520	1521	1
1312	1521	1522	1
1313	1522	1523	1
1314	1523	1524	1
1315	1524	1525	1
1316	1525	1526	1
1317	1526	1527	1
1318	1527	1528	1
1319	1528	1529	1
1320	1529	1530	1
1321	1530	1531	1
1322	1531	1532	1
1323	1532	1533	1
1324	1533	1534	1
1325	1534	1535	1
1326	1535	1536	1
1327	1536	1537	1
1328	1537	1538	1
1329	1538	1539	1
1330	1539	1540	1
1331	1540	1541	1
1332	1541	1542	1
1333	1542	1543	1
1334	1543	1544	1
1335	1544	1545	1
1336	1545	1546	1
1337	1546	1547	1
1338	1547	1548	1
1339	1548	1549	1
1340	1549	1550	1
1341	1550	1551	1
1342	1551	1552	1
1343	1552	1553	1
1344	1553	1554	1
1345	1554	1555	1
1346	1555	1556	1
1347	1556	1557	1
1348	1557	1558	1
1349	1558	1559	1
1350	1559	1560	1
1351	1560	1561	1
1352	1561	1562	1
1353	1562	1563	1
1354	1563	1564	1
1355	1564	1565	1
1356	1565	1566	1
1357	1566	1567	1
1358	1567	1568	1
1359	1568	1569	1
1360	1569	1570	1
1361	1570	1571	1
1362	1571	1572	1
1363	1572	1573	1
1364	1573	1574	1
1365	1574	1575	1
1366	1575	1576	1
1367	1576	1578	2
1368	1578	1580	2
1369	1580	1582	2
1370	1582	1584	2
1371	1584	1586	2
1372	1586	1588	2
1373	1588	1590	2
1374	1590	1592	2
1375	1592	1594	2
1376	1594	1596	2
1377	1596	1598	2
1378	1598	1600	2
1379	1600	1602	2
1380	1602	1604	2
1381	1604	1606	2
1382	1606	1608	2
1383	1608	1610	2
1384	1610	1612	2
1385	1612	1614	2
1386	1614	1616	2
1387	1616	1618	2
1388	1618	1620	2
1389	1620	1622	2
1390	1622	1624	2
1391	1624	1626	2
1392	1626	1628	2
1393	1628	1630	2
1394	1630	1632	2
1395	1632	1634	2
1396	1634	1636	2
1397	1636	1638	2
1398	1638	1640	2
1399	1640	1642	2
1400	1642	1644	2
1401	1644	1646	2
1402	1646	1648	2
1403	1648	1650	2
1404	1650	1652	2
1405	1652	1654	2
1406	1654	1656	2
1407	1656	1658	2
1408	1658	1660	2
1409	1660	1662	2
1410	1662	1664	2
1411	1664	1666	2
1412	1666	1668	2
1413	1668	1670	2
1414	1670	1672	2
1415	1672	1674	2
1416	1674	1676	2
1417	1676	1678	2
1418	1678	1680	2
1419	1680	1682	2
1420	1682	1684	2
1421	1684	1686	2
1422	1686	1688	2
1423	1688	1690	2
1424	1690	1692	2
1425	1692	1694	2
1426	1694	1696	2
1427	1696	1698	2
1428	1698	1700	2
1429	1700	1702	2
1430	1702	1704	2
1431	1704	1706	2
1432	1706	1708	2
1433	1708	1710	2
1434	1710	1712	2
1435	1712	1714	2
1436	1714	1716	2
1437	1716	1718	2
1438	1718	1720	2
1439	1720	1722	2
1440	1722	1724	2
1441	1724	1726	2
1442	1726	1728	2
1443	1728	1730	2
1444	1730	1732	2
1445	1732	1734	2
1446	1734	1736	2
1447	1736	1738	2
1448	1738	1740	2
1449	1740	1742	2
1450	1742	1744	2
1451	1744	1746	2
1452	1746	1748	2
1453	1748	1750	2
1454	1750	1752	2
1455	1752	1754	2
1456	1754	1756	2
1457	1756	1758	2
1458	1758	1760	2
1459	1760	1762	2
1460	1762	1764	2
1461	1764	1766	2
1462	1766	1768	2
1463	1768	1770	2
1464	1770	1772	2
1465	1772	1774	2
1466	1774	1776	2
1467	1776	1778	2
1468	1778	1780	2
1469	1780	1782	2
1470	1782	1784	2
1471	1784	1786	2
1472	1786	1788	2
1473	1788	1790	2
1474	1790	1792	2
1475	1792	1794	2
1476	1794	1796	2
1477	1796	1798	2
1478	1798	1800	2
1479	1800	1802	2
1480	1802	1804	2
1481	1804	1806	2
1482	1806	1808	2
1483	1808	1810	2
1484	1810	1812	2
1485	1812	1814	2
1486	1814	1816	2
1487	1816	1818	2
1488	1818	1820	2
1489	1820	1822	2
1490	1822	1824	2
1491	1824	1826	2
1492	1826	1828	2
1493	1828	1830	2
1494	1830	1832	2
1495	1832	1834	2
1496	1834	1836	2
1497	1836	1838	2
1498	1838	1840	2
1499	1840	1842	2
1500	1842	1844	2
1501	1844	1846	2
1502	1846	1848	2
1503	1848	1850	2
1504	1850	1852	2
1505	1852	1854	2
1506	1854	1856	2
1507	1856	1858	2
1508	1858	1860	2
1509	1860	1862	2
1510	1862	1864	2
1511	1864	1866	2
1512	1866	1868	2
1513	1868	1870	2
1514	1870	1872	2
1515	1872	1874	2
1516	1874	1876	2
1517	1876	1878	2
1518	1878	1880	2
1519	1880	1882	2
1520	1882	1884	2
1521	1884	1886	2
1522	1886	1888	2
1523	1888	1890	2
1524	1890	1892	2
1525	1892	1894	2
1526	1894	1896	2
1527	1896	1898	2
1528	1898	1900	2
1529	1900	1902	2
1530	1902	1904	2
1531	1904	1906	2
1532	1906	1908	2
1533	1908	1910	2
1534	1910	1912	2
1535	1912	1914	2
1536	1914	1916	2
1537	1916	1918	2
1538	1918	1920	2
1539	1920	1922	2
1540	1922	1924	2
1541	1924	1926	2
1542	1926	1928	2
1543	1928	1930	2
1544	1930	1932	2
1545	1932	1934	2
1546	1934	1936	2
1547	1936	1938	2
1548	1938	1940	2
1549	1940	1942	2
1550	1942	1944	2
1551	1944	1946	2
1552	1946	1948	2
1553	1948	1950	2
1554	1950	1952	2
1555	1952	1954	2
1556	1954	1956	2
1557	1956	1958	2
1558	1958	1960	2
1559	1960	1962	2
1560	1962	1964	2
1561	1964	1966	2
1562	1966	1968	2
1563	1968	1970	2
1564	1970	1972	2
1565	1972	1974	2
1566	1974	1976	2
1567	1976	1978	2
1568	1978	1980	2
1569	1980	1982	2
1570	1982	1984	2
1571	1984	1986	2
1572	1986	1988	2
1573	1988	1990	2
1574	1990	1992	2
1575	1992	1994	2
1576	1994	1996	2
1577	1996	1998	2
1578	1998	2000	2
1579	2000	2002	2
1580	2002	2004	2
1581	2004	2006	2
1582	2006	2008	2
1583	2008	2010	2
1584	2010	2012	2
1585	2012	2014	2
1586	2014	2016	2
1587	2016	2018	2
1588	2018	2020	2
1589	2020	2022	2
1590	2022	2024	2
1591	2024	2026	2
1592	2026	2028	2
1593	2028	2030	2
1594	2030	2032	2
1595	2032	2034	2
1596	2034	2036	2
1597	2036	2038	2
1598	2038	2040	2
1599	2040	2042	2
1600	2042	2044	2
1601	2044	2046	2
1602	2046	2048	2
1603	2048	2050	2
1604	2050	2052	2
1605	2052	2054	2
1606	2054	2056	2
1607	2056	2058	2
1608	2058	2060	2
1609	2060	2062	2
1610	2062	2064	2
1611	2064	2066	2
1612	2066	2068	2
1613	2068	2070	2
1614	2070	2072	2
1615	2072	2074	2
1616	2074	2076	2
1617	2076	2078	2
1618	2078	2080	2
1619	2080	2082	2
1620	2082	2084	2
1621	2084	2086	2
1622	2086	2088	2
1623	2088	2090	2
1624	2090	2092	2
1625	2092	2094	2
1626	2094	2096	2
1627	2096	2098	2
1628	2098	2100	2
1629	2100	2102	2
1630	2102	2104	2
1631	2104	2106	2
1632	2106	2108	2
1633	2108	2110	2
1634	2110	2112	2
1635	2112	2114	2
1636	2114	2116	2
1637	2116	2118	2
1638	2118	2120	2
1639	2120	2122	2
1640	2122	2124	2
1641	2124	2126	2
1642	2126	2128	2
1643	2128	2130	2
1644	2130	2132	2
1645	2132	2134	2
1646	2134	2136	2
1647	2136	2138	2
1648	2138	2140	2
1649	2140	2142	2
1650	2142	2144	2
1651	2144	2146	2
1652	2146	2148	2
1653	2148	2150	2
1654	2150	2152	2
1655	2152	2154	2
1656	2154	2156	2
1657	2156	2158	2
1658	2158	2160	2
1659	2160	2162	2
1660	2162	2164	2
1661	2164	2166	2
1662	2166	2168	2
1663	2168	2170	2
1664	2170	2172	2
1665	2172	2174	2
1666	2174	2176	2
1667	2176	2178	2
1668	2178	2180	2
1669	2180	2182	2
1670	2182	2184	2
1671	2184	2186	2
1672	2186	2188	2
1673	2188	2190	2
1674	2190	2192	2
1675	2192	2194	2
1676	2194	2196	2
1677	2196	2198	2
1678	2198	2200	2
1679	2200	2202	2
1680	2202	2204	2
1681	2204	2206	2
1682	2206	2208	2
1683	2208	2210	2
1684	2210	2212	2
1685	2212	2214	2
1686	2214	2216	2
1687	2216	2218	2
1688	2218	2220	2
1689	2220	2222	2
1690	2222	2224	2
1691	2224	2226	2
1692	2226	2228	2
1693	2228	2230	2
1694	2230	2232	2
1695	2232	2234	2
1696	2234	2236	2
1697	2236	2238	2
1698	2238	2240	2
1699	2240	2242	2
1700	2242	2244	2
1701	2244	2246	2
1702	2246	2248	2
1703	2248	2250	2
1704	2250	2252	2
1705	2252	2254	2
1706	2254	2256	2
1707	2256	2258	2
1708	2258	2260	2
1709	2260	2262	2
1710	2262	2264	2
1711	2264	2266	2
1712	2266	2268	2
1713	2268	2270	2
1714	2270	2272	2
1715	2272	2274	2
1716	2274	2276	2
1717	2276	2278	2
1718	2278	2280	2
1719	2280	2282	2
1720	2282	2284	2
1721	2284	2286	2
1722	2286	2288	2
1723	2288	2290	2
1724	2290	2292	2
1725	2292	2294	2
1726	2294	2296	2
1727	2296	2298	2
1728	2298	2300	2
1729	2300	2302	2
1730	2302	2304	2
1731	2304	2306	2
1732	2306	2308	2
1733	2308	2310	2
1734	2310	2312	2
1735	2312	2314	2
1736	2314	2316	2
1737	2316	2318	2
1738	2318	2320	2
1739	2320	2322	2
1740	2322	2324	2
1741	2324	2326	2
1742	2326	2328	2
1743	2328	2330	2
1744	2330	2332	2
1745	2332	2334	2
1746	2334	2336	2
1747	2336	2338	2
1748	2338	2340	2
1749	2340	2342	2
1750	2342	2344	2
1751	2344	2346	2
1752	2346	2348	2
1753	2348	2350	2
1754	2350	2352	2
1755	2352	2354	2
1756	2354	2356	2
1757	2356	2358	2
1758	2358	2360	2
1759	2360	2362	2
1760	2362	2364	2
1761	2364	2366	2
1762	2366	2368	2
1763	2368	2370	2
1764	2370	2372	2
1765	2372	2374	2
1766	2374	2376	2
1767	2376	2378	2
1768	2378	2380	2
1769	2380	2382	2
1770	2382	2384	2
1771	2384	2386	2
1772	2386	2388	2
1773	2388	2390	2
1774	2390	2392	2
1775	2392	2394	2
1776	2394	2396	2
1777	2396	2398	2
1778	2398	2400	2
1779	2400	2402	2
1780	2402	2404	2
1781	2404	2406	2
1782	2406	2408	2
1783	2408	2410	2
1784	2410	2412	2
1785	2412	2414	2
1786	2414	2416	2
1787	2416	2418	2
1788	2418	2420	2
1789	2420	2422	2
1790	2422	2424	2
1791	2424	2426	2
1792	2426	2428	2
1793	2428	2430	2
1794	2430	2432	2
1795	2432	2434	2
1796	2434	2436	2
1797	2436	2438	2
1798	2438	2440	2
1799	2440	2442	2
1800	2442	2444	2
1801	2444	2446	2
1802	2446	2448	2
1803	2448	2450	2
1804	2450	2452	2
1805	2452	2454	2
1806	2454	2456	2
1807	2456	2458	2
1808	2458	2460	2
1809	2460	2462	2
1810	2462	2464	2
1811	2464	2466	2
1812	2466	2468	2
1813	2468	2470	2
1814	2470	2472	2
1815	2472	2474	2
1816	2474	2476	2
1817	2476	2478	2
1818	2478	2480	2
1819	2480	2482	2
1820	2482	2484	2
1821	2484	2486	2
1822	2486	2488	2
1823	2488	2490	2
1824	2490	2492	2
1825	2492	2494	2
1826	2494	2496	2
1827	2496	2498	2
1828	2498	2500	2
1829	2500	2502	2
1830	2502	2504	2
1831	2504	2506	2
1832	2506	2508	2
1833	2508	2510	2
1834	2510	2512	2
1835	2512	2514	2
1836	2514	2516	2
1837	2516	2518	2
1838	2518	2520	2
1839	2520	2522	2
1840	2522	2524	2
1841	2524	2526	2
1842	2526	2528	2
1843	2528	2530	2
1844	2530	2532	2
1845	2532	2534	2
1846	2534	2536	2
1847	2536	2538	2
1848	2538	2540	2
1849	2540	2542	2
1850	2542	2544	2
1851	2544	2546	2
1852	2546	2548	2
1853	2548	2550	2
1854	2550	2552	2
1855	2552	2554	2
1856	2554	2556	2
1857	2556	2558	2
1858	2558	2560	2
1859	2560	2562	2
1860	2562	2564	2
1861	2564	2566	2
1862	2566	2568	2
1863	2568	2570	2
1864	2570	2572	2
1865	2572	2574	2
1866	2574	2576	2
1867	2576	2578	2
1868	2578	2580	2
1869	2580	2582	2
1870	2582	2584	2
1871	2584	2586	2
1872	2586	2588	2
1873	2588	2590	2
1874	2590	2592	2
1875	2592	2594	2
1876	2594	2596	2
1877	2596	2598	2
1878	2598	2600	2
1879	2600	2602	2
1880	2602	2604	2
1881	2604	2606	2
1882	2606	2608	2
1883	2608	2610	2
1884	2610	2612	2
1885	2612	2614	2
1886	2614	2616	2
1887	2616	2618	2
1888	2618	2620	2
1889	2620	2622	2
1890	2622	2624	2
1891	2624	2626	2
1892	2626	2628	2
1893	2628	2630	2
1894	2630	2632	2
1895	2632	2634	2
1896	2634	2636	2
1897	2636	2638	2
1898	2638	2640	2
1899	2640	2642	2
1900	2642	2644	2
1901	2644	2646	2
1902	2646	2648	2
1903	2648	2650	2
1904	2650	2652	2
1905	2652	2654	2
1906	2654	2656	2
1907	2656	2658	2
1908	2658	2660	2
1909	2660	2662	2
1910	2662	2664	2
1911	2664	2666	2
1912	2666	2668	2
1913	2668	2670	2
1914	2670	2672	2
1915	2672	2674	2
1916	2674	2676	2
1917	2676	2678	2
1918	2678	2680	2
1919	2680	2682	2
1920	2682	2684	2
1921	2684	2686	2
1922	2686	2688	2
1923	2688	2690	2
1924	2690	2692	2
1925	2692	2694	2
1926	2694	2696	2
1927	2696	2698	2
1928	2698	2700	2
1929	2700	2702	2
1930	2702	2704	2
1931	2704	2706	2
1932	2706	2708	2
1933	2708	2710	2
1934	2710	2712	2
1935	2712	2714	2
1936	2714	2716	2
1937	2716	2718	2
1938	2718	2720	2
1939	2720	2722	2
1940	2722	2724	2
1941	2724	2726	2
1942	2726	2728	2
1943	2728	2730	2
1944	2730	2732	2
1945	2732	2734	2
1946	2734	2736	2
1947	2736	2738	2
1948	2738	2740	2
1949	2740	2742	2
1950	2742	2744	2
1951	2744	2746	2
1952	2746	2748	2
1953	2748	2750	2
1954	2750	2752	2
1955	2752	2754	2
1956	2754	2756	2
1957	2756	2758	2
1958	2758	2760	2
1959	2760	2762	2
1960	2762	2764	2
1961	2764	2766	2
1962	2766	2768	2
1963	2768	2770	2
1964	2770	2772	2
1965	2772	2774	2
1966	2774	2776	2
1967	2776	2778	2
1968	2778	2780	2
1969	2780	2782	2
1970	2782	2784	2
1971	2784	2786	2
1972	2786	2788	2
1973	2788	2790	2
1974	2790	2792	2
1975	2792	2794	2
1976	2794	2796	2
1977	2796	2798	2
1978	2798	2800	2
1979	2800	2802	2
1980	2802	2804	2
1981	2804	2806	2
1982	2806	2808	2
1983	2808	2810	2
1984	2810	2812	2
1985	2812	2814	2
1986	2814	2816	2
1987	2816	2818	2
1988	2818	2820	2
1989	2820	2822	2
1990	2822	2824	2
1991	2824	2826	2
1992	2826	2828	2
1993	2828	2830	2
1994	2830	2832	2
1995	2832	2834	2
1996	2834	2836	2
1997	2836	2838	2
1998	2838	2840	2
1999	2840	2842	2
2000	2842	2844	2
2001	2844	2846	2
2002	2846	2848	2
2003	2848	2850	2
2004	2850	2852	2
2005	2852	2854	2
2006	2854	2856	2
2007	2856	2858	2
2008	2858	2860	2
2009	2860	2862	2
2010	2862	2864	2
2011	2864	2866	2
2012	2866	2868	2
2013	2868	2870	2
2014	2870	2872	2
2015	2872	2874	2
2016	2874	2876	2
2017	2876	2878	2
2018	2878	2880	2
2019	2880	2882	2
2020	2882	2884	2
2021	2884	2886	2
2022	2886	2888	2
2023	2888	2890	2
2024	2890	2892	2
2025	2892	2894	2
2026	2894	2896	2
2027	2896	2898	2
2028	2898	2900	2
2029	2900	2902	2
2030	2902	2904	2
2031	2904	2906	2
2032	2906	2908	2
2033	2908	2910	2
2034	2910	2912	2
2035	2912	2914	2
2036	2914	2916	2
2037	2916	2918	2
2038	2918	2920	2
2039	2920	2922	2
2040	2922	2924	2
2041	2924	2926	2
2042	2926	2928	2
2043	2928	2930	2
2044	2930	2932	2
2045	2932	2934	2
2046	2934	2936	2
2047	2936	2938	2
2048	2938	2940	2
2049	2940	2942	2
2050	2942	2944	2
2051	2944	2946	2
2052	2946	2948	2
2053	2948	2950	2
2054	2950	2952	2
2055	2952	2954	2
2056	2954	2956	2
2057	2956	2958	2
2058	2958	2960	2
2059	2960	2962	2
2060	2962	2964	2
2061	2964	2966	2
2062	2966	2968	2
2063	2968	2970	2
2064	2970	2972	2
2065	2972	2974	2
2066	2974	2976	2
2067	2976	2978	2
2068	2978	2980	2
2069	2980	2982	2
2070	2982	2984	2
2071	2984	2986	2
2072	2986	2988	2
2073	2988	2990	2
2074	2990	2992	2
2075	2992	2994	2
2076	2994	2996	2
2077	2996	2998	2
2078	2998	3000	2
2079	3000	3002	2
2080	3002	3004	2
2081	3004	3006	2
2082	3006	3008	2
2083	3008	3010	2
2084	3010	3012	2
2085	3012	3014	2
2086	3014	3016	2
2087	3016	3018	2
2088	3018	3020	2
2089	3020	3022	2
2090	3022	3024	2
2091	3024	3026	2
2092	3026	3028	2
2093	3028	3030	2
2094	3030	3032	2
2095	3032	3034	2
2096	3034	3036	2
2097	3036	3038	2
2098	3038	3040	2
2099	3040	3042	2
2100	3042	3044	2
2101	3044	3046	2
2102	3046	3048	2
2103	3048	3050	2
2104	3050	3052	2
2105	3052	3054	2
2106	3054	3056	2
2107	3056	3058	2
2108	3058	3060	2
2109	3060	3062	2
2110	3062	3064	2
2111	3064	3066	2
2112	3066	3068	2
2113	3068	3070	2
2114	3070	3072	2
2115	3072	3074	2
2116	3074	3076	2
2117	3076	3078	2
2118	3078	3080	2
2119	3080	3082	2
2120	3082	3084	2
2121	3084	3086	2
2122	3086	3088	2
2123	3088	3090	2
2124	3090	3092	2
2125	3092	3094	2
2126	3094	3096	2
2127	3096	3098	2
2128	3098	3100	2
2129	3100	3102	2
2130	3102	3104	2
2131	3104	3106	2
2132	3106	3108	2
2133	3108	3110	2
2134	3110	3112	2
2135	3112	3114	2
2136	3114	3116	2
2137	3116	3118	2
2138	3118	3120	2
2139	3120	3122	2
2140	3122	3124	2
2141	3124	3126	2
2142	3126	3128	2
2143	3128	3130	2
2144	3130	3132	2
2145	3132	3134	2
2146	3134	3136	2
2147	3136	3138	2
2148	3138	3140	2
2149	3140	3142	2
2150	3142	3144	2
2151	3144	3146	2
2152	3146	3148	2
2153	3148	3150	2
2154	3150	3152	2
2155	3152	3154	2
2156	3154	3156	2
2157	3156	3158	2
2158	3158	3160	2
2159	3160	3162	2
2160	3162	3164	2
2161	3164	3166	2
2162	3166	3168	2
2163	3168	3170	2
2164	3170	3172	2
2165	3172	3174	2
2166	3174	3176	2
2167	3176	3178	2
2168	3178	3180	2
2169	3180	3182	2
2170	3182	3184	2
2171	3184	3186	2
2172	3186	3188	2
2173	3188	3190	2
2174	3190	3192	2
2175	3192	3194	2
2176	3194	3196	2
2177	3196	3198	2
2178	3198	3200	2
2179	3200	3202	2
2180	3202	3204	2
2181	3204	3206	2
2182	3206	3208	2
2183	3208	3210	2
2184	3210	3212	2
2185	3212	3214	2
2186	3214	3216	2
2187	3216	3218	2
2188	3218	3220	2
2189	3220	3222	2
2190	3222	3224	2
2191	3224	3226	2
2192	3226	3228	2
2193	3228	3230	2
2194	3230	3232	2
2195	3232	3234	2
2196	3234	3236	2
2197	3236	3238	2
2198	3238	3240	2
2199	3240	3242	2
2200	3242	3244	2
2201	3244	3246	2
2202	3246	3248	2
2203	3248	3250	2
2204	3250	3252	2
2205	3252	3254	2
2206	3254	3256	2
2207	3256	3258	2
2208	3258	3260	2
2209	3260	3262	2
2210	3262	3264	2
2211	3264	3266	2
2212	3266	3268	2
2213	3268	3270	2
2214	3270	3272	2
2215	3272	3274	2
2216	3274	3276	2
2217	3276	3278	2
2218	3278	3280	2
2219	3280	3282	2
2220	3282	3284	2
2221	3284	3286	2
2222	3286	3289	3
2223	3289	3292	3
2224	3292	3295	3
2225	3295	3298	3
2226	3298	3301	3
2227	3301	3304	3
2228	3304	3307	3
2229	3307	3310	3
2230	3310	3313	3
2231	3313	3316	3
2232	3316	3319	3
2233	3319	3322	3
2234	3322	3325	3
2235	3325	3328	3
2236	3328	3331	3
2237	3331	3334	3
2238	3334	3337	3
2239	3337	3340	3
2240	3340	3343	3
2241	3343	3346	3
2242	3346	3349	3
2243	3349	3352	3
2244	3352	3355	3
2245	3355	3358	3
2246	3358	3361	3
2247	3361	3364	3
2248	3364	3367	3
2249	3367	3370	3
2250	3370	3373	3
2251	3373	3376	3
2252	3376	3379	3
2253	3379	3382	3
2254	3382	3385	3
2255	3385	3388	3
2256	3388	3391	3
2257	3391	3394	3
2258	3394	3397	3
2259	3397	3400	3
2260	3400	3403	3
2261	3403	3406	3
2262	3406	3409	3
2263	3409	3412	3
2264	3412	3415	3
2265	3415	3418	3
2266	3418	3421	3
2267	3421	3424	3
2268	3424	3427	3
2269	3427	3430	3
2270	3430	3433	3
2271	3433	3436	3
2272	3436	3439	3
2273	3439	3442	3
2274	3442	3445	3
2275	3445	3448	3
2276	3448	3451	3
2277	3451	3454	3
2278	3454	3457	3
2279	3457	3460	3
2280	3460	3463	3
2281	3463	3466	3
2282	3466	3469	3
2283	3469	3472	3
2284	3472	3475	3
2285	3475	3478	3
2286	3478	3481	3
2287	3481	3484	3
2288	3484	3487	3
2289	3487	3490	3
2290	3490	3493	3
2291	3493	3496	3
2292	3496	3499	3
2293	3499	3502	3
2294	3502	3505	3
2295	3505	3508	3
2296	3508	3511	3
2297	3511	3514	3
2298	3514	3517	3
2299	3517	3520	3
2300	3520	3523	3
2301	3523	3526	3
2302	3526	3529	3
2303	3529	3532	3
2304	3532	3535	3
2305	3535	3538	3
2306	3538	3541	3
2307	3541	3544	3
2308	3544	3547	3
2309	3547	3550	3
2310	3550	3553	3
2311	3553	3556	3
2312	3556	3559	3
2313	3559	3562	3
2314	3562	3565	3
2315	3565	3568	3
2316	3568	3571	3
2317	3571	3574	3
2318	3574	3577	3
2319	3577	3580	3
2320	3580	3583	3
2321	3583	3586	3
2322	3586	3589	3
2323	3589	3592	3
2324	3592	3595	3
2325	3595	3598	3
2326	3598	3601	3
2327	3601	3604	3
2328	3604	3607	3
2329	3607	3610	3
2330	3610	3613	3
2331	3613	3616	3
2332	3616	3619	3
2333	3619	3622	3
2334	3622	3625	3
2335	3625	3628	3
2336	3628	3631	3
2337	3631	3634	3
2338	3634	3637	3
2339	3637	3640	3
2340	3640	3643	3
2341	3643	3646	3
2342	3646	3649	3
2343	3649	3652	3
2344	3652	3655	3
2345	3655	3658	3
2346	3658	3661	3
2347	3661	3664	3
2348	3664	3667	3
2349	3667	3670	3
2350	3670	3673	3
2351	3673	3676	3
2352	3676	3679	3
2353	3679	3682	3
2354	3682	3685	3
2355	3685	3688	3
2356	3688	3691	3
2357	3691	3694	3
2358	3694	3697	3
2359	3697	3700	3
2360	3700	3703	3
2361	3703	3706	3
2362	3706	3709	3
2363	3709	3712	3
2364	3712	3715	3
2365	3715	3718	3
2366	3718	3721	3
2367	3721	3724	3
2368	3724	3727	3
2369	3727	3730	3
2370	3730	3733	3
2371	3733	3736	3
2372	3736	3739	3
2373	3739	3742	3
2374	3742	3745	3
2375	3745	3748	3
2376	3748	3751	3
2377	3751	3754	3
2378	3754	3757	3
2379	3757	3760	3
2380	3760	3763	3
2381	3763	3766	3
2382	3766	3769	3
2383	3769	3772	3
2384	3772	3775	3
2385	3775	3778	3
2386	3778	3781	3
2387	3781	3784	3
2388	3784	3787	3
2389	3787	3790	3
2390	3790	3793	3
2391	3793	3796	3
2392	3796	3799	3
2393	3799	3802	3
2394	3802	3805	3
2395	3805	3808	3
2396	3808	3811	3
2397	3811	3814	3
2398	3814	3817	3
2399	3817	3820	3
2400	3820	3823	3
2401	3823	3826	3
2402	3826	3829	3
2403	3829	3832	3
2404	3832	3835	3
2405	3835	3838	3
2406	3838	3841	3
2407	3841	3844	3
2408	3844	3847	3
2409	3847	3850	3
2410	3850	3853	3
2411	3853	3856	3
2412	3856	3859	3
2413	3859	3862	3
2414	3862	3865	3
2415	3865	3868	3
2416	3868	3871	3
2417	3871	3874	3
2418	3874	3877	3
2419	3877	3880	3
2420	3880	3883	3
2421	3883	3886	3
2422	3886	3889	3
2423	3889	3892	3
2424	3892	3895	3
2425	3895	3898	3
2426	3898	3901	3
2427	3901	3904	3
2428	3904	3907	3
2429	3907	3910	3
2430	3910	3913	3
2431	3913	3916	3
2432	3916	3919	3
2433	3919	3922	3
2434	3922	3925	3
2435	3925	3928	3
2436	3928	3931	3
2437	3931	3934	3
2438	3934	3937	3
2439	3937	3940	3
2440	3940	3943	3
2441	3943	3946	3
2442	3946	3949	3
2443	3949	3952	3
2444	3952	3955	3
2445	3955	3958	3
2446	3958	3961	3
2447	3961	3964	3
2448	3964	3967	3
2449	3967	3970	3
2450	3970	3973	3
2451	3973	3976	3
2452	3976	3979	3
2453	3979	3982	3
2454	3982	3985	3
2455	3985	3988	3
2456	3988	3991	3
2457	3991	3994	3
2458	3994	3997	3
2459	3997	4000	3
2460	4000	4003	3
2461	4003	4006	3
2462	4006	4009	3
2463	4009	4012	3
2464	4012	4015	3
2465	4015	4018	3
2466	4018	4021	3
2467	4021	4024	3
2468	4024	4027	3
2469	4027	4030	3
2470	4030	4033	3
2471	4033	4036	3
2472	4036	4039	3
2473	4039	4042	3
2474	4042	4045	3
2475	4045	4048	3
2476	4048	4051	3
2477	4051	4054	3
2478	4054	4057	3
2479	4057	4060	3
2480	4060	4063	3
2481	4063	4066	3
2482	4066	4069	3
2483	4069	4072	3
2484	4072	4075	3
2485	4075	4078	3
2486	4078	4081	3
2487	4081	4084	3
2488	4084	4087	3
2489	4087	4090	3
2490	4090	4094	4
2491	4094	4098	4
2492	4098	4102	4
2493	4102	4106	4
2494	4106	4110	4
2495	4110	4114	4
2496	4114	4118	4
2497	4118	4122	4
2498	4122	4126	4
2499	4126	4130	4
2500	4130	4134	4
2501	4134	4138	4
2502	4138	4142	4
2503	4142	4146	4
2504	4146	4150	4
2505	4150	4154	4
2506	4154	4158	4
2507	4158	4162	4
2508	4162	4166	4
2509	4166	4170	4
2510	4170	4174	4
2511	4174	4178	4
2512	4178	4182	4
2513	4182	4186	4
2514	4186	4190	4
2515	4190	4194	4
2516	4194	4198	4
2517	4198	4202	4
2518	4202	4206	4
2519	4206	4210	4
2520	4210	4214	4
2521	4214	4218	4
2522	4218	4222	4
2523	4222	4226	4
2524	4226	4230	4
2525	4230	4234	4
2526	4234	4238	4
2527	4238	4242	4
2528	4242	4246	4
2529	4246	4250	4
2530	4250	4254	4
2531	4254	4258	4
2532	4258	4262	4
2533	4262	4266	4
2534	4266	4270	4
2535	4270	4274	4
2536	4274	4278	4
2537	4278	4282	4
2538	4282	4286	4
2539	4286	4290	4
2540	4290	4294	4
2541	4294	4298	4
2542	4298	4302	4
2543	4302	4306	4
2544	4306	4310	4
2545	4310	4314	4
2546	4314	4318	4
2547	4318	4322	4
2548	4322	4326	4
2549	4326	4330	4
2550	4330	4334	4
2551	4334	4338	4
2552	4338	4342	4
2553	4342	4346	4
2554	4346	4350	4
2555	4350	4354	4
2556	4354	4358	4
2557	4358	4362	4
2558	4362	4366	4
2559	4366	4370	4
2560	4370	4374	4
2561	4374	4378	4
2562	4378	4382	4
2563	4382	4386	4
2564	4386	4390	4
2565	4390	4394	4
2566	4394	4398	4
2567	4398	4402	4
2568	4402	4406	4
2569	4406	4410	4
2570	4410	4414	4
2571	4414	4418	4
2572	4418	4422	4
2573	4422	4426	4
2574	4426	4430	4
2575	4430	4434	4
2576	4434	4438	4
2577	4438	4442	4
2578	4442	4446	4
2579	4446	4450	4
2580	4450	4454	4
2581	4454	4458	4
2582	4458	4462	4
2583	4462	4466	4
2584	4466	4470	4
2585	4470	4474	4
2586	4474	4478	4
2587	4478	4482	4
2588	4482	4486	4
2589	4486	4490	4
2590	4490	4494	4
2591	4494	4498	4
2592	4498	4502	4
2593	4502	4506	4
2594	4506	4510	4
2595	4510	4514	4
2596	4514	4518	4
2597	4518	4522	4
2598	4522	4526	4
2599	4526	4530	4
2600	4530	4534	4
2601	4534	4538	4
2602	4538	4542	4
2603	4542	4546	4
2604	4546	4550	4
2605	4550	4554	4
2606	4554	4558	4
2607	4558	4562	4
2608	4562	4566	4
2609	4566	4570	4
2610	4570	4574	4
2611	4574	4578	4
2612	4578	4582	4
2613	4582	4586	4
2614	4586	4590	4
2615	4590	4594	4
2616	4594	4598	4
2617	4598	4602	4
2618	4602	4606	4
2619	4606	4610	4
2620	4610	4614	4
2621	4614	4618	4
2622	4618	4622	4
2623	4622	4626	4
2624	4626	4630	4
2625	4630	4634	4
2626	4634	4638	4
2627	4638	4642	4
2628	4642	4646	4
2629	4646	4650	4
2630	4650	4654	4
2631	4654	4658	4
2632	4658	4662	4
2633	4662	4666	4
2634	4666	4670	4
2635	4670	4674	4
2636	4674	4678	4
2637	4678	4682	4
2638	4682	4686	4
2639	4686	4690	4
2640	4690	4694	4
2641	4694	4698	4
2642	4698	4702	4
2643	4702	4706	4
2644	4706	4710	4
2645	4710	4714	4
2646	4714	4718	4
2647	4718	4722	4
2648	4722	4726	4
2649	4726	4730	4
2650	4730	4734	4
2651	4734	4738	4
2652	4738	4742	4
2653	4742	4746	4
2654	4746	4750	4
2655	4750	4754	4
2656	4754	4758	4
2657	4758	4762	4
2658	4762	4766	4
2659	4766	4770	4
2660	4770	4774	4
2661	4774	4778	4
2662	4778	4782	4
2663	4782	4786	4
2664	4786	4791	5
2665	4791	4796	5
2666	4796	4801	5
2667	4801	4806	5
2668	4806	4811	5
2669	4811	4816	5
2670	4816	4821	5
2671	4821	4826	5
2672	4826	4831	5
2673	4831	4836	5
2674	4836	4841	5
2675	4841	4846	5
2676	4846	4851	5
2677	4851	4856	5
2678	4856	4861	5
2679	4861	4866	5
2680	4866	4871	5
2681	4871	4876	5
2682	4876	4881	5
2683	4881	4886	5
2684	4886	4891	5
2685	4891	4896	5
2686	4896	4901	5
2687	4901	4906	5
2688	4906	4911	5
2689	4911	4916	5
2690	4916	4921	5
2691	4921	4926	5
2692	4926	4931	5
2693	4931	4936	5
2694	4936	4941	5
2695	4941	4946	5
2696	4946	4951	5
2697	4951	4956	5
2698	4956	4961	5
2699	4961	4966	5
2700	4966	4971	5
2701	4971	4976	5
2702	4976	4981	5
2703	4981	4986	5
2704	4986	4991	5
2705	4991	4996	5
2706	4996	5001	5
2707	5001	5006	5
2708	5006	5011	5
2709	5011	5016	5
2710	5016	5021	5
2711	5021	5026	5
2712	5026	5031	5
2713	5031	5036	5
2714	5036	5041	5
2715	5041	5046	5
2716	5046	5051	5
2717	5051	5056	5
2718	5056	5061	5
2719	5061	5066	5
2720	5066	5071	5
2721	5071	5076	5
2722	5076	5081	5
2723	5081	5086	5
2724	5086	5091	5
2725	5091	5096	5
2726	5096	5101	5
2727	5101	5106	5
2728	5106	5111	5
2729	5111	5116	5
2730	5116	5121	5
2731	5121	5126	5
2732	5126	5131	5
2733	5131	5136	5
2734	5136	5141	5
2735	5141	5146	5
2736	5146	5151	5
2737	5151	5156	5
2738	5156	5161	5
2739	5161	5166	5
2740	5166	5171	5
2741	5171	5176	5
2742	5176	5181	5
2743	5181	5186	5
2744	5186	5191	5
2745	5191	5196	5
2746	5196	5201	5
2747	5201	5206	5
2748	5206	5211	5
2749	5211	5216	5
2750	5216	5221	5
2751	5221	5226	5
2752	5226	5231	5
2753	5231	5236	5
2754	5236	5241	5
2755	5241	5246	5
2756	5246	5251	5
2757	5251	5256	5
2758	5256	5261	5
2759	5261	5266	5
2760	5266	5271	5
2761	5271	5276	5
2762	5276	5281	5
2763	5281	5286	5
2764	5286	5291	5
2765	5291	5296	5
2766	5296	5301	5
2767	5301	5306	5
2768	5306	5311	5
2769	5311	5316	5
2770	5316	5321	5
2771	5321	5326	5
2772	5326	5331	5
2773	5331	5336	5
2774	5336	5341	5
2775	5341	5346	5
2776	5346	5351	5
2777	5351	5356	5
2778	5356	5361	5
2779	5361	5366	5
2780	5366	5371	5
2781	5371	5376	5
2782	5376	5381	5
2783	5381	5386	5
2784	5386	5391	5
2785	5391	5397	6
2786	5397	5403	6
2787	5403	5409	6
2788	5409	5415	6
2789	5415	5421	6
2790	5421	5427	6
2791	5427	5433	6
2792	5433	5439	6
2793	5439	5445	6
2794	5445	5451	6
2795	5451	5457	6
2796	5457	5463	6
2797	5463	5469	6
2798	5469	5475	6
2799	5475	5481	6
2800	5481	5487	6
2801	5487	5493	6
2802	5493	5499	6
2803	5499	5505	6
2804	5505	5511	6
2805	5511	5517	6
2806	5517	5523	6
2807	5523	5529	6
2808	5529	5535	6
2809	5535	5541	6
2810	5541	5547	6
2811	5547	5553	6
2812	5553	5559	6
2813	5559	5565	6
2814	5565	5571	6
2815	5571	5577	6
2816	5577	5583	6
2817	5583	5589	6
2818	5589	5595	6
2819	5595	5601	6
2820	5601	5607	6
2821	5607	5613	6
2822	5613	5619	6
2823	5619	5625	6
2824	5625	5631	6
2825	5631	5637	6
2826	5637	5643	6
2827	5643	5649	6
2828	5649	5655	6
2829	5655	5661	6
2830	5661	5667	6
2831	5667	5673	6
2832	5673	5679	6
2833	5679	5685	6
2834	5685	5691	6
2835	5691	5697	6
2836	5697	5703	6
2837	5703	5709	6
2838	5709	5715	6
2839	5715	5721	6
2840	5721	5727	6
2841	5727	5733	6
2842	5733	5739	6
2843	5739	5745	6
2844	5745	5751	6
2845	5751	5757	6
2846	5757	5763	6
2847	5763	5769	6
2848	5769	5775	6
2849	5775	5781	6
2850	5781	5787	6
2851	5787	5793	6
2852	5793	5799	6
2853	5799	5805	6
2854	5805	5811	6
2855	5811	5817	6
2856	5817	5823	6
2857	5823	5829	6
2858	5829	5835	6
2859	5835	5841	6
2860	5841	5847	6
2861	5847	5853	6
2862	5853	5859	6
2863	5859	5865	6
2864	5865	5871	6
2865	5871	5877	6
2866	5877	5883	6
2867	5883	5889	6
2868	5889	5895	6
2869	5895	5901	6
2870	5901	5907	6
2871	5907	5913	6
2872	5913	5919	6
2873	5919	5925	6
2874	5925	5932	7
2875	5932	5939	7
2876	5939	5946	7
2877	5946	5953	7
2878	5953	5960	7
2879	5960	5967	7
2880	5967	5974	7
2881	5974	5981	7
2882	5981	5988	7
2883	5988	5995	7
2884	5995	6002	7
2885	6002	6009	7
2886	6009	6016	7
2887	6016	6023	7
2888	6023	6030	7
2889	6030	6037	7
2890	6037	6044	7
2891	6044	6051	7
2892	6051	6058	7
2893	6058	6065	7
2894	6065	6072	7
2895	6072	6079	7
2896	6079	6086	7
2897	6086	6093	7
2898	6093	6100	7
2899	6100	6107	7
2900	6107	6114	7
2901	6114	6121	7
2902	6121	6128	7
2903	6128	6135	7
2904	6135	6142	7
2905	6142	6149	7
2906	6149	6156	7
2907	6156	6163	7
2908	6163	6170	7
2909	6170	6177	7
2910	6177	6184	7
2911	6184	6191	7
2912	6191	6198	7
2913	6198	6205	7
2914	6205	6212	7
2915	6212	6219	7
2916	6219	6226	7
2917	6226	6233	7
2918	6233	6240	7
2919	6240	6247	7
2920	6247	6254	7
2921	6254	6261	7
2922	6261	6268	7
2923	6268	6275	7
2924	6275	6282	7
2925	6282	6289	7
2926	6289	6296	7
2927	6296	6303	7
2928	6303	6310	7
2929	6310	6317	7
2930	6317	6324	7
2931	6324	6331	7
2932	6331	6338	7
2933	6338	6346	8
2934	6346	6354	8
2935	6354	6362	8
2936	6362	6370	8
2937	6370	6378	8
2938	6378	6386	8
2939	6386	6394	8
2940	6394	6402	8
2941	6402	6410	8
2942	6410	6418	8
2943	6418	6426	8
2944	6426	6434	8
2945	6434	6442	8
2946	6442	6450	8
2947	6450	6458	8
2948	6458	6466	8
2949	6466	6474	8
2950	6474	6482	8
2951	6482	6490	8
2952	6490	6498	8
2953	6498	6506	8
2954	6506	6514	8
2955	6514	6522	8
2956	6522	6530	8
2957	6530	6538	8
2958	6538	6546	8
2959	6546	6554	8
2960	6554	6562	8
2961	6562	6570	8
2962	6570	6578	8
2963	6578	6586	8
2964	6586	6594	8
2965	6594	6602	8
2966	6602	6610	8
2967	6610	6618	8
2968	6618	6626	8
2969	6626	6634	8
2970	6634	6642	8
2971	6642	6650	8
2972	6650	6658	8
2973	6658	6666	8
2974	6666	6674	8
2975	6674	6682	8
2976	6682	6690	8
2977	6690	6698	8
2978	6698	6706	8
2979	6706	6714	8
2980	6714	6722	8
2981	6722	6730	8
2982	6730	6738	8
2983	6738	6746	8
2984	6746	6754	8
2985	6754	6762	8
2986	6762	6770	8
2987	6770	6778	8
2988	6778	6786	8
2989	6786	6794	8
2990	6794	6802	8
2991	6802	6810	8
2992	6810	6818	8
2993	6818	6826	8
2994	6826	6834	8
2995	6834	6842	8
2996	6842	6850	8
2997	6850	6858	8
2998	6858	6866	8
2999	6866	6875	9
3000	6875	6884	9
3001	6884	6893	9
3002	6893	6902	9
3003	6902	6911	9
3004	6911	6920	9
3005	6920	6929	9
3006	6929	6938	9
3007	6938	6947	9
3008	6947	6956	9
3009	6956	6965	9
3010	6965	6974	9
3011	6974	6983	9
3012	6983	6992	9
3013	6992	7001	9
3014	7001	7010	9
3015	7010	7019	9
3016	7019	7028	9
3017	7028	7037	9
3018	7037	7046	9
3019	7046	7055	9
3020	7055	7064	9
3021	7064	7073	9
3022	7073	7082	9
3023	7082	7091	9
3024	7091	7100	9
3025	7100	7109	9
3026	7109	7118	9
3027	7118	7127	9
3028	7127	7136	9
3029	7136	7145	9
3030	7145	7154	9
3031	7154	7163	9
3032	7163	7172	9
3033	7172	7181	9
3034	7181	7190	9
3035	7190	7199	9
3036	7199	7208	9
3037	7208	7217	9
3038	7217	7226	9
3039	7226	7235	9
3040	7235	7244	9
3041	7244	7253	9
3042	7253	7262	9
3043	7262	7271	9
3044	7271	7280	9
3045	7280	7289	9
3046	7289	7298	9
3047	7298	7308	10
3048	7308	7318	10
3049	7318	7328	10
3050	7328	7338	10
3051	7338	7348	10
3052	7348	7358	10
3053	7358	7368	10
3054	7368	7378	10
3055	7378	7388	10
3056	7388	7398	10
3057	7398	7408	10
3058	7408	7418	10
3059	7418	7428	10
3060	7428	7438	10
3061	7438	7448	10
3062	7448	7458	10
3063	7458	7468	10
3064	7468	7478	10
3065	7478	7488	10
3066	7488	7498	10
3067	7498	7508	10
3068	7508	7518	10
3069	7518	7528	10
3070	7528	7538	10
3071	7538	7548	10
3072	7548	7558	10
3073	7558	7568	10
3074	7568	7578	10
3075	7578	7588	10
3076	7588	7598	10
3077	7598	7608	10
3078	7608	7618	10
3079	7618	7628	10
3080	7628	7638	10
3081	7638	7648	10
3082	7648	7659	11
3083	7659	7670	11
3084	7670	7681	11
3085	7681	7692	11
3086	7692	7703	11
3087	7703	7714	11
3088	7714	7725	11
3089	7725	7736	11
3090	7736	7747	11
3091	7747	7758	11
3092	7758	7769	11
3093	7769	7780	11
3094	7780	7791	11
3095	7791	7802	11
3096	7802	7813	11
3097	7813	7824	11
3098	7824	7835	11
3099	7835	7846	11
3100	7846	7857	11
3101	7857	7868	11
3102	7868	7879	11
3103	7879	7890	11
3104	7890	7901	11
3105	7901	7912	11
3106	7912	7923	11
3107	7923	7934	11
3108	7934	7945	11
3109	7945	7957	12
3110	7957	7969	12
3111	7969	7981	12
3112	7981	7993	12
3113	7993	8005	12
3114	8005	8017	12
3115	8017	8029	12
3116	8029	8041	12
3117	8041	8053	12
3118	8053	8065	12
3119	8065	8077	12
3120	8077	8089	12
3121	8089	8101	12
3122	8101	8113	12
3123	8113	8125	12
3124	8125	8137	12
3125	8137	8149	12
3126	8149	8161	12
3127	8161	8173	12
3128	8173	8185	12
3129	8185	8197	12
3130	8197	8209	12
3131	8209	8221	12
3132	8221	8233	12
3133	8233	8245	12
3134	8245	8257	12
3135	8257	8269	12
3136	8269	8281	12
3137	8281	8293	12
3138	8293	8305	12
3139	8305	8317	12
3140	8317	8329	12
3141	8329	8341	12
3142	8341	8353	12
3143	8353	8365	12
3144	8365	8377	12
3145	8377	8390	13
3146	8390	8403	13
3147	8403	8416	13
3148	8416	8429	13
3149	8429	8442	13
3150	8442	8455	13
3151	8455	8468	13
3152	8468	8481	13
3153	8481	8494	13
3154	8494	8507	13
3155	8507	8520	13
3156	8520	8533	13
3157	8533	8546	13
3158	8546	8559	13
3159	8559	8572	13
3160	8572	8585	13
3161	8585	8598	13
3162	8598	8611	13
3163	8611	8624	13
3164	8624	8637	13
3165	8637	8650	13
3166	8650	8663	13
3167	8663	8676	13
3168	8676	8689	13
3169	8689	8702	13
3170	8702	8715	13
3171	8715	8728	13
3172	8728	8741	13
3173	8741	8754	13
3174	8754	8768	14
3175	8768	8782	14
3176	8782	8796	14
3177	8796	8810	14
3178	8810	8824	14
3179	8824	8838	14
3180	8838	8852	14
3181	8852	8866	14
3182	8866	8880	14
3183	8880	8894	14
3184	8894	8908	14
3185	8908	8922	14
3186	8922	8936	14
3187	8936	8950	14
3188	8950	8964	14
3189	8964	8978	14
3190	8978	8992	14
3191	8992	9006	14
3192	9006	9020	14
3193	9020	9034	14
3194	9034	9048	14
3195	9048	9062	14
3196	9062	9076	14
3197	9076	9090	14
3198	9090	9105	15
3199	9105	9120	15
3200	9120	9135	15
3201	9135	9150	15
3202	9150	9165	15
3203	9165	9180	15
3204	9180	9195	15
3205	9195	9210	15
3206	9210	9225	15
3207	9225	9240	15
3208	9240	9255	15
3209	9255	9270	15
3210	9270	9285	15
3211	9285	9300	15
3212	9300	9315	15
3213	9315	9330	15
3214	9330	9345	15
3215	9345	9360	15
3216	9360	9375	15
3217	9375	9391	16
3218	9391	9407	16
3219	9407	9423	16
3220	9423	9439	16
3221	9439	9455	16
3222	9455	9471	16
3223	9471	9487	16
3224	9487	9503	16
3225	9503	9519	16
3226	9519	9535	16
3227	9535	9551	16
3228	9551	9567	16
3229	9567	9583	16
3230	9583	9599	16
3231	9599	9615	16
3232	9615	9631	16
3233	9631	9647	16
3234	9647	9664	17
3235	9664	9681	17
3236	9681	9698	17
3237	9698	9715	17
3238	9715	9732	17
3239	9732	9749	17
3240	9749	9766	17
3241	9766	9783	17
3242	9783	9800	17
3243	9800	9817	17
3244	9817	9834	17
3245	9834	9851	17
3246	9851	9868	17
3247	9868	9885	17
3248	9885	9903	18
3249	9903	9921	18
3250	9921	9939	18
3251	9939	9957	18
3252	9957	9975	18
3253	9975	9993	18
3254	9993	10011	18
3255	10011	10029	18
3256	10029	10047	18
3257	10047	10065	18
3258	10065	10083	18
3259	10083	10101	18
3260	10101	10119	18
3261	10119	10137	18
3262	10137	10155	18
3263	10155	10174	19
3264	10174	10193	19
