#
#N Pointing	tstart	tend	Obs time
#		s
1	210	211	1
2	211	212	1
3	212	213	1
4	213	214	1
5	214	215	1
6	215	216	1
7	216	217	1
8	217	218	1
9	218	219	1
10	219	220	1
11	220	221	1
12	221	222	1
13	222	223	1
14	223	224	1
15	224	225	1
16	225	226	1
17	226	227	1
18	227	228	1
19	228	229	1
20	229	230	1
21	230	231	1
22	231	232	1
23	232	233	1
24	233	234	1
25	234	235	1
26	235	236	1
27	236	237	1
28	237	238	1
29	238	239	1
30	239	240	1
31	240	241	1
32	241	242	1
33	242	243	1
34	243	244	1
35	244	245	1
36	245	246	1
37	246	247	1
38	247	248	1
39	248	249	1
40	249	250	1
41	250	251	1
42	251	252	1
43	252	253	1
44	253	254	1
45	254	255	1
46	255	256	1
47	256	257	1
48	257	258	1
49	258	259	1
50	259	260	1
51	260	261	1
52	261	262	1
53	262	263	1
54	263	264	1
55	264	265	1
56	265	266	1
57	266	267	1
58	267	268	1
59	268	269	1
60	269	270	1
61	270	271	1
62	271	272	1
63	272	273	1
64	273	274	1
65	274	275	1
66	275	276	1
67	276	277	1
68	277	278	1
69	278	279	1
70	279	280	1
71	280	281	1
72	281	282	1
73	282	283	1
74	283	284	1
75	284	285	1
76	285	286	1
77	286	287	1
78	287	288	1
79	288	289	1
80	289	290	1
81	290	291	1
82	291	292	1
83	292	293	1
84	293	294	1
85	294	295	1
86	295	296	1
87	296	297	1
88	297	298	1
89	298	299	1
90	299	300	1
91	300	301	1
92	301	302	1
93	302	303	1
94	303	304	1
95	304	305	1
96	305	306	1
97	306	307	1
98	307	308	1
99	308	309	1
100	309	310	1
101	310	311	1
102	311	312	1
103	312	313	1
104	313	314	1
105	314	315	1
106	315	316	1
107	316	317	1
108	317	318	1
109	318	319	1
110	319	320	1
111	320	321	1
112	321	322	1
113	322	323	1
114	323	324	1
115	324	325	1
116	325	326	1
117	326	327	1
118	327	328	1
119	328	329	1
120	329	330	1
121	330	331	1
122	331	332	1
123	332	333	1
124	333	334	1
125	334	335	1
126	335	336	1
127	336	337	1
128	337	338	1
129	338	339	1
130	339	340	1
131	340	341	1
132	341	342	1
133	342	343	1
134	343	344	1
135	344	345	1
136	345	346	1
137	346	347	1
138	347	348	1
139	348	349	1
140	349	350	1
141	350	351	1
142	351	352	1
143	352	353	1
144	353	354	1
145	354	355	1
146	355	356	1
147	356	357	1
148	357	358	1
149	358	359	1
150	359	360	1
151	360	361	1
152	361	362	1
153	362	363	1
154	363	364	1
155	364	365	1
156	365	366	1
157	366	367	1
158	367	368	1
159	368	369	1
160	369	370	1
161	370	371	1
162	371	372	1
163	372	373	1
164	373	374	1
165	374	375	1
166	375	376	1
167	376	377	1
168	377	378	1
169	378	379	1
170	379	380	1
171	380	381	1
172	381	382	1
173	382	383	1
174	383	384	1
175	384	385	1
176	385	386	1
177	386	387	1
178	387	388	1
179	388	389	1
180	389	390	1
181	390	391	1
182	391	392	1
183	392	393	1
184	393	394	1
185	394	395	1
186	395	396	1
187	396	397	1
188	397	398	1
189	398	399	1
190	399	400	1
191	400	401	1
192	401	402	1
193	402	403	1
194	403	404	1
195	404	405	1
196	405	406	1
197	406	407	1
198	407	408	1
199	408	409	1
200	409	410	1
201	410	411	1
202	411	412	1
203	412	413	1
204	413	414	1
205	414	415	1
206	415	416	1
207	416	417	1
208	417	418	1
209	418	419	1
210	419	420	1
211	420	421	1
212	421	422	1
213	422	423	1
214	423	424	1
215	424	425	1
216	425	426	1
217	426	427	1
218	427	428	1
219	428	429	1
220	429	430	1
221	430	431	1
222	431	432	1
223	432	433	1
224	433	434	1
225	434	435	1
226	435	436	1
227	436	437	1
228	437	438	1
229	438	439	1
230	439	440	1
231	440	441	1
232	441	442	1
233	442	443	1
234	443	444	1
235	444	445	1
236	445	446	1
237	446	447	1
238	447	448	1
239	448	449	1
240	449	450	1
241	450	451	1
242	451	452	1
243	452	453	1
244	453	454	1
245	454	455	1
246	455	456	1
247	456	457	1
248	457	458	1
249	458	459	1
250	459	460	1
251	460	461	1
252	461	462	1
253	462	463	1
254	463	464	1
255	464	465	1
256	465	466	1
257	466	467	1
258	467	468	1
259	468	469	1
260	469	470	1
261	470	471	1
262	471	472	1
263	472	473	1
264	473	474	1
265	474	475	1
266	475	476	1
267	476	477	1
268	477	478	1
269	478	479	1
270	479	480	1
271	480	481	1
272	481	482	1
273	482	483	1
274	483	484	1
275	484	485	1
276	485	486	1
277	486	487	1
278	487	488	1
279	488	489	1
280	489	490	1
281	490	491	1
282	491	492	1
283	492	493	1
284	493	494	1
285	494	495	1
286	495	496	1
287	496	497	1
288	497	498	1
289	498	499	1
290	499	500	1
291	500	501	1
292	501	502	1
293	502	503	1
294	503	504	1
295	504	505	1
296	505	506	1
297	506	507	1
298	507	508	1
299	508	509	1
300	509	510	1
301	510	511	1
302	511	512	1
303	512	513	1
304	513	514	1
305	514	515	1
306	515	516	1
307	516	517	1
308	517	518	1
309	518	519	1
310	519	520	1
311	520	521	1
312	521	522	1
313	522	523	1
314	523	524	1
315	524	525	1
316	525	526	1
317	526	527	1
318	527	528	1
319	528	529	1
320	529	530	1
321	530	531	1
322	531	532	1
323	532	533	1
324	533	534	1
325	534	535	1
326	535	536	1
327	536	537	1
328	537	538	1
329	538	539	1
330	539	540	1
331	540	541	1
332	541	542	1
333	542	543	1
334	543	544	1
335	544	545	1
336	545	546	1
337	546	547	1
338	547	548	1
339	548	549	1
340	549	550	1
341	550	551	1
342	551	552	1
343	552	553	1
344	553	554	1
345	554	555	1
346	555	556	1
347	556	557	1
348	557	558	1
349	558	559	1
350	559	560	1
351	560	561	1
352	561	562	1
353	562	563	1
354	563	564	1
355	564	565	1
356	565	566	1
357	566	567	1
358	567	568	1
359	568	569	1
360	569	570	1
361	570	571	1
362	571	572	1
363	572	573	1
364	573	574	1
365	574	575	1
366	575	576	1
367	576	577	1
368	577	578	1
369	578	579	1
370	579	580	1
371	580	581	1
372	581	582	1
373	582	583	1
374	583	584	1
375	584	585	1
376	585	586	1
377	586	587	1
378	587	588	1
379	588	589	1
380	589	590	1
381	590	591	1
382	591	592	1
383	592	593	1
384	593	594	1
385	594	595	1
386	595	596	1
387	596	597	1
388	597	598	1
389	598	599	1
390	599	600	1
391	600	601	1
392	601	602	1
393	602	603	1
394	603	604	1
395	604	605	1
396	605	606	1
397	606	607	1
398	607	608	1
399	608	609	1
400	609	610	1
401	610	611	1
402	611	612	1
403	612	613	1
404	613	614	1
405	614	615	1
406	615	616	1
407	616	617	1
408	617	618	1
409	618	619	1
410	619	620	1
411	620	621	1
412	621	622	1
413	622	623	1
414	623	624	1
415	624	625	1
416	625	626	1
417	626	627	1
418	627	628	1
419	628	629	1
420	629	630	1
421	630	631	1
422	631	632	1
423	632	633	1
424	633	634	1
425	634	635	1
426	635	636	1
427	636	637	1
428	637	638	1
429	638	639	1
430	639	640	1
431	640	641	1
432	641	642	1
433	642	643	1
434	643	644	1
435	644	645	1
436	645	646	1
437	646	647	1
438	647	648	1
439	648	649	1
440	649	650	1
441	650	651	1
442	651	652	1
443	652	653	1
444	653	654	1
445	654	655	1
446	655	656	1
447	656	657	1
448	657	658	1
449	658	659	1
450	659	660	1
451	660	661	1
452	661	662	1
453	662	663	1
454	663	664	1
455	664	665	1
456	665	666	1
457	666	667	1
458	667	668	1
459	668	669	1
460	669	670	1
461	670	671	1
462	671	672	1
463	672	673	1
464	673	674	1
465	674	675	1
466	675	676	1
467	676	677	1
468	677	678	1
469	678	679	1
470	679	680	1
471	680	681	1
472	681	682	1
473	682	683	1
474	683	684	1
475	684	685	1
476	685	686	1
477	686	687	1
478	687	688	1
479	688	689	1
480	689	690	1
481	690	691	1
482	691	692	1
483	692	693	1
484	693	694	1
485	694	695	1
486	695	696	1
487	696	697	1
488	697	698	1
489	698	699	1
490	699	700	1
491	700	701	1
492	701	702	1
493	702	703	1
494	703	704	1
495	704	705	1
496	705	706	1
497	706	707	1
498	707	708	1
499	708	709	1
500	709	710	1
501	710	711	1
502	711	712	1
503	712	713	1
504	713	714	1
505	714	715	1
506	715	716	1
507	716	717	1
508	717	718	1
509	718	719	1
510	719	720	1
511	720	721	1
512	721	722	1
513	722	723	1
514	723	724	1
515	724	725	1
516	725	726	1
517	726	727	1
518	727	728	1
519	728	729	1
520	729	730	1
521	730	731	1
522	731	732	1
523	732	733	1
524	733	734	1
525	734	735	1
526	735	736	1
527	736	737	1
528	737	738	1
529	738	739	1
530	739	740	1
531	740	741	1
532	741	742	1
533	742	743	1
534	743	744	1
535	744	745	1
536	745	746	1
537	746	747	1
538	747	748	1
539	748	749	1
540	749	750	1
541	750	751	1
542	751	752	1
543	752	753	1
544	753	754	1
545	754	755	1
546	755	756	1
547	756	757	1
548	757	758	1
549	758	759	1
550	759	760	1
551	760	761	1
552	761	762	1
553	762	763	1
554	763	764	1
555	764	765	1
556	765	766	1
557	766	767	1
558	767	768	1
559	768	769	1
560	769	770	1
561	770	771	1
562	771	772	1
563	772	773	1
564	773	774	1
565	774	775	1
566	775	776	1
567	776	777	1
568	777	778	1
569	778	779	1
570	779	780	1
571	780	781	1
572	781	782	1
573	782	783	1
574	783	784	1
575	784	785	1
576	785	786	1
577	786	787	1
578	787	788	1
579	788	789	1
580	789	790	1
581	790	791	1
582	791	792	1
583	792	793	1
584	793	794	1
585	794	795	1
586	795	796	1
587	796	797	1
588	797	798	1
589	798	799	1
590	799	800	1
591	800	801	1
592	801	802	1
593	802	803	1
594	803	804	1
595	804	805	1
596	805	806	1
597	806	807	1
598	807	808	1
599	808	809	1
600	809	810	1
601	810	811	1
602	811	812	1
603	812	813	1
604	813	814	1
605	814	815	1
606	815	816	1
607	816	817	1
608	817	818	1
609	818	819	1
610	819	820	1
611	820	821	1
612	821	822	1
613	822	823	1
614	823	824	1
615	824	825	1
616	825	826	1
617	826	827	1
618	827	828	1
619	828	829	1
620	829	830	1
621	830	831	1
622	831	832	1
623	832	833	1
624	833	834	1
625	834	835	1
626	835	836	1
627	836	837	1
628	837	838	1
629	838	839	1
630	839	840	1
631	840	841	1
632	841	842	1
633	842	843	1
634	843	844	1
635	844	845	1
636	845	846	1
637	846	847	1
638	847	848	1
639	848	849	1
640	849	850	1
641	850	851	1
642	851	852	1
643	852	853	1
644	853	854	1
645	854	855	1
646	855	856	1
647	856	857	1
648	857	858	1
649	858	859	1
650	859	860	1
651	860	861	1
652	861	862	1
653	862	863	1
654	863	864	1
655	864	865	1
656	865	866	1
657	866	867	1
658	867	868	1
659	868	869	1
660	869	870	1
661	870	871	1
662	871	872	1
663	872	873	1
664	873	874	1
665	874	875	1
666	875	876	1
667	876	877	1
668	877	878	1
669	878	879	1
670	879	880	1
671	880	881	1
672	881	882	1
673	882	883	1
674	883	884	1
675	884	885	1
676	885	886	1
677	886	887	1
678	887	888	1
679	888	889	1
680	889	890	1
681	890	891	1
682	891	892	1
683	892	893	1
684	893	894	1
685	894	895	1
686	895	896	1
687	896	897	1
688	897	898	1
689	898	899	1
690	899	900	1
691	900	901	1
692	901	902	1
693	902	903	1
694	903	904	1
695	904	905	1
696	905	906	1
697	906	907	1
698	907	908	1
699	908	909	1
700	909	910	1
701	910	911	1
702	911	912	1
703	912	913	1
704	913	914	1
705	914	915	1
706	915	916	1
707	916	917	1
708	917	918	1
709	918	919	1
710	919	920	1
711	920	921	1
712	921	922	1
713	922	923	1
714	923	924	1
715	924	925	1
716	925	926	1
717	926	927	1
718	927	928	1
719	928	929	1
720	929	930	1
721	930	931	1
722	931	932	1
723	932	933	1
724	933	934	1
725	934	935	1
726	935	936	1
727	936	937	1
728	937	938	1
729	938	939	1
730	939	940	1
731	940	941	1
732	941	942	1
733	942	943	1
734	943	944	1
735	944	945	1
736	945	946	1
737	946	947	1
738	947	948	1
739	948	949	1
740	949	950	1
741	950	951	1
742	951	952	1
743	952	953	1
744	953	954	1
745	954	955	1
746	955	956	1
747	956	957	1
748	957	958	1
749	958	959	1
750	959	960	1
751	960	961	1
752	961	962	1
753	962	963	1
754	963	964	1
755	964	965	1
756	965	966	1
757	966	967	1
758	967	968	1
759	968	969	1
760	969	970	1
761	970	971	1
762	971	972	1
763	972	973	1
764	973	974	1
765	974	975	1
766	975	976	1
767	976	977	1
768	977	978	1
769	978	979	1
770	979	980	1
771	980	981	1
772	981	982	1
773	982	983	1
774	983	984	1
775	984	985	1
776	985	986	1
777	986	987	1
778	987	988	1
779	988	989	1
780	989	990	1
781	990	991	1
782	991	992	1
783	992	993	1
784	993	994	1
785	994	995	1
786	995	996	1
787	996	997	1
788	997	998	1
789	998	999	1
790	999	1000	1
791	1000	1001	1
792	1001	1002	1
793	1002	1003	1
794	1003	1004	1
795	1004	1005	1
796	1005	1006	1
797	1006	1007	1
798	1007	1008	1
799	1008	1009	1
800	1009	1010	1
801	1010	1011	1
802	1011	1012	1
803	1012	1013	1
804	1013	1014	1
805	1014	1015	1
806	1015	1016	1
807	1016	1017	1
808	1017	1018	1
809	1018	1019	1
810	1019	1020	1
811	1020	1021	1
812	1021	1022	1
813	1022	1023	1
814	1023	1024	1
815	1024	1025	1
816	1025	1026	1
817	1026	1027	1
818	1027	1028	1
819	1028	1029	1
820	1029	1030	1
821	1030	1031	1
822	1031	1032	1
823	1032	1033	1
824	1033	1034	1
825	1034	1035	1
826	1035	1036	1
827	1036	1037	1
828	1037	1038	1
829	1038	1039	1
830	1039	1040	1
831	1040	1041	1
832	1041	1042	1
833	1042	1043	1
834	1043	1044	1
835	1044	1045	1
836	1045	1046	1
837	1046	1047	1
838	1047	1048	1
839	1048	1049	1
840	1049	1050	1
841	1050	1051	1
842	1051	1052	1
843	1052	1053	1
844	1053	1054	1
845	1054	1055	1
846	1055	1056	1
847	1056	1057	1
848	1057	1058	1
849	1058	1059	1
850	1059	1060	1
851	1060	1061	1
852	1061	1062	1
853	1062	1063	1
854	1063	1064	1
855	1064	1065	1
856	1065	1066	1
857	1066	1067	1
858	1067	1068	1
859	1068	1069	1
860	1069	1070	1
861	1070	1071	1
862	1071	1072	1
863	1072	1073	1
864	1073	1074	1
865	1074	1075	1
866	1075	1076	1
867	1076	1077	1
868	1077	1078	1
869	1078	1079	1
870	1079	1080	1
871	1080	1081	1
872	1081	1082	1
873	1082	1083	1
874	1083	1084	1
875	1084	1085	1
876	1085	1086	1
877	1086	1087	1
878	1087	1088	1
879	1088	1089	1
880	1089	1090	1
881	1090	1091	1
882	1091	1092	1
883	1092	1093	1
884	1093	1094	1
885	1094	1095	1
886	1095	1096	1
887	1096	1097	1
888	1097	1098	1
889	1098	1099	1
890	1099	1100	1
891	1100	1101	1
892	1101	1102	1
893	1102	1103	1
894	1103	1104	1
895	1104	1105	1
896	1105	1106	1
897	1106	1107	1
898	1107	1108	1
899	1108	1109	1
900	1109	1110	1
901	1110	1111	1
902	1111	1112	1
903	1112	1113	1
904	1113	1114	1
905	1114	1115	1
906	1115	1116	1
907	1116	1117	1
908	1117	1118	1
909	1118	1119	1
910	1119	1120	1
911	1120	1121	1
912	1121	1122	1
913	1122	1123	1
914	1123	1124	1
915	1124	1125	1
916	1125	1126	1
917	1126	1127	1
918	1127	1128	1
919	1128	1129	1
920	1129	1130	1
921	1130	1131	1
922	1131	1132	1
923	1132	1133	1
924	1133	1134	1
925	1134	1135	1
926	1135	1136	1
927	1136	1137	1
928	1137	1138	1
929	1138	1139	1
930	1139	1140	1
931	1140	1141	1
932	1141	1142	1
933	1142	1143	1
934	1143	1144	1
935	1144	1145	1
936	1145	1146	1
937	1146	1147	1
938	1147	1148	1
939	1148	1149	1
940	1149	1150	1
941	1150	1151	1
942	1151	1152	1
943	1152	1153	1
944	1153	1154	1
945	1154	1155	1
946	1155	1156	1
947	1156	1157	1
948	1157	1158	1
949	1158	1159	1
950	1159	1160	1
951	1160	1162	2
952	1162	1164	2
953	1164	1166	2
954	1166	1168	2
955	1168	1170	2
956	1170	1172	2
957	1172	1174	2
958	1174	1176	2
959	1176	1178	2
960	1178	1180	2
961	1180	1182	2
962	1182	1184	2
963	1184	1186	2
964	1186	1188	2
965	1188	1190	2
966	1190	1192	2
967	1192	1194	2
968	1194	1196	2
969	1196	1198	2
970	1198	1200	2
971	1200	1202	2
972	1202	1204	2
973	1204	1206	2
974	1206	1208	2
975	1208	1210	2
976	1210	1212	2
977	1212	1214	2
978	1214	1216	2
979	1216	1218	2
980	1218	1220	2
981	1220	1222	2
982	1222	1224	2
983	1224	1226	2
984	1226	1228	2
985	1228	1230	2
986	1230	1232	2
987	1232	1234	2
988	1234	1236	2
989	1236	1238	2
990	1238	1240	2
991	1240	1242	2
992	1242	1244	2
993	1244	1246	2
994	1246	1248	2
995	1248	1250	2
996	1250	1252	2
997	1252	1254	2
998	1254	1256	2
999	1256	1258	2
1000	1258	1260	2
1001	1260	1262	2
1002	1262	1264	2
1003	1264	1266	2
1004	1266	1268	2
1005	1268	1270	2
1006	1270	1272	2
1007	1272	1274	2
1008	1274	1276	2
1009	1276	1278	2
1010	1278	1280	2
1011	1280	1282	2
1012	1282	1284	2
1013	1284	1286	2
1014	1286	1288	2
1015	1288	1290	2
1016	1290	1292	2
1017	1292	1294	2
1018	1294	1296	2
1019	1296	1298	2
1020	1298	1300	2
1021	1300	1302	2
1022	1302	1304	2
1023	1304	1306	2
1024	1306	1308	2
1025	1308	1310	2
1026	1310	1312	2
1027	1312	1314	2
1028	1314	1316	2
1029	1316	1318	2
1030	1318	1320	2
1031	1320	1322	2
1032	1322	1324	2
1033	1324	1326	2
1034	1326	1328	2
1035	1328	1330	2
1036	1330	1332	2
1037	1332	1334	2
1038	1334	1336	2
1039	1336	1338	2
1040	1338	1340	2
1041	1340	1342	2
1042	1342	1344	2
1043	1344	1346	2
1044	1346	1348	2
1045	1348	1350	2
1046	1350	1352	2
1047	1352	1354	2
1048	1354	1356	2
1049	1356	1358	2
1050	1358	1360	2
1051	1360	1362	2
1052	1362	1364	2
1053	1364	1366	2
1054	1366	1368	2
1055	1368	1370	2
1056	1370	1372	2
1057	1372	1374	2
1058	1374	1376	2
1059	1376	1378	2
1060	1378	1380	2
1061	1380	1382	2
1062	1382	1384	2
1063	1384	1386	2
1064	1386	1388	2
1065	1388	1390	2
1066	1390	1392	2
1067	1392	1394	2
1068	1394	1396	2
1069	1396	1398	2
1070	1398	1400	2
1071	1400	1402	2
1072	1402	1404	2
1073	1404	1406	2
1074	1406	1408	2
1075	1408	1410	2
1076	1410	1412	2
1077	1412	1414	2
1078	1414	1416	2
1079	1416	1418	2
1080	1418	1420	2
1081	1420	1422	2
1082	1422	1424	2
1083	1424	1426	2
1084	1426	1428	2
1085	1428	1430	2
1086	1430	1432	2
1087	1432	1434	2
1088	1434	1436	2
1089	1436	1438	2
1090	1438	1440	2
1091	1440	1442	2
1092	1442	1444	2
1093	1444	1446	2
1094	1446	1448	2
1095	1448	1450	2
1096	1450	1452	2
1097	1452	1454	2
1098	1454	1456	2
1099	1456	1458	2
1100	1458	1460	2
1101	1460	1462	2
1102	1462	1464	2
1103	1464	1466	2
1104	1466	1468	2
1105	1468	1470	2
1106	1470	1472	2
1107	1472	1474	2
1108	1474	1476	2
1109	1476	1478	2
1110	1478	1480	2
1111	1480	1482	2
1112	1482	1484	2
1113	1484	1486	2
1114	1486	1488	2
1115	1488	1490	2
1116	1490	1492	2
1117	1492	1494	2
1118	1494	1496	2
1119	1496	1498	2
1120	1498	1500	2
1121	1500	1502	2
1122	1502	1504	2
1123	1504	1506	2
1124	1506	1508	2
1125	1508	1510	2
1126	1510	1512	2
1127	1512	1514	2
1128	1514	1516	2
1129	1516	1518	2
1130	1518	1520	2
1131	1520	1522	2
1132	1522	1524	2
1133	1524	1526	2
1134	1526	1528	2
1135	1528	1530	2
1136	1530	1532	2
1137	1532	1534	2
1138	1534	1536	2
1139	1536	1538	2
1140	1538	1540	2
1141	1540	1542	2
1142	1542	1544	2
1143	1544	1546	2
1144	1546	1548	2
1145	1548	1550	2
1146	1550	1552	2
1147	1552	1554	2
1148	1554	1556	2
1149	1556	1558	2
1150	1558	1560	2
1151	1560	1562	2
1152	1562	1564	2
1153	1564	1566	2
1154	1566	1568	2
1155	1568	1570	2
1156	1570	1572	2
1157	1572	1574	2
1158	1574	1576	2
1159	1576	1578	2
1160	1578	1580	2
1161	1580	1582	2
1162	1582	1584	2
1163	1584	1586	2
1164	1586	1588	2
1165	1588	1590	2
1166	1590	1592	2
1167	1592	1594	2
1168	1594	1596	2
1169	1596	1598	2
1170	1598	1600	2
1171	1600	1602	2
1172	1602	1604	2
1173	1604	1606	2
1174	1606	1608	2
1175	1608	1610	2
1176	1610	1612	2
1177	1612	1614	2
1178	1614	1616	2
1179	1616	1618	2
1180	1618	1620	2
1181	1620	1622	2
1182	1622	1624	2
1183	1624	1626	2
1184	1626	1628	2
1185	1628	1630	2
1186	1630	1632	2
1187	1632	1634	2
1188	1634	1636	2
1189	1636	1638	2
1190	1638	1640	2
1191	1640	1642	2
1192	1642	1644	2
1193	1644	1646	2
1194	1646	1648	2
1195	1648	1650	2
1196	1650	1652	2
1197	1652	1654	2
1198	1654	1656	2
1199	1656	1658	2
1200	1658	1660	2
1201	1660	1662	2
1202	1662	1664	2
1203	1664	1666	2
1204	1666	1668	2
1205	1668	1670	2
1206	1670	1672	2
1207	1672	1674	2
1208	1674	1676	2
1209	1676	1678	2
1210	1678	1680	2
1211	1680	1682	2
1212	1682	1684	2
1213	1684	1686	2
1214	1686	1688	2
1215	1688	1690	2
1216	1690	1692	2
1217	1692	1694	2
1218	1694	1696	2
1219	1696	1698	2
1220	1698	1700	2
1221	1700	1702	2
1222	1702	1704	2
1223	1704	1706	2
1224	1706	1708	2
1225	1708	1710	2
1226	1710	1712	2
1227	1712	1714	2
1228	1714	1716	2
1229	1716	1718	2
1230	1718	1720	2
1231	1720	1722	2
1232	1722	1724	2
1233	1724	1726	2
1234	1726	1728	2
1235	1728	1730	2
1236	1730	1732	2
1237	1732	1734	2
1238	1734	1736	2
1239	1736	1738	2
1240	1738	1740	2
1241	1740	1742	2
1242	1742	1744	2
1243	1744	1746	2
1244	1746	1748	2
1245	1748	1750	2
1246	1750	1752	2
1247	1752	1754	2
1248	1754	1756	2
1249	1756	1758	2
1250	1758	1760	2
1251	1760	1762	2
1252	1762	1764	2
1253	1764	1766	2
1254	1766	1768	2
1255	1768	1770	2
1256	1770	1772	2
1257	1772	1774	2
1258	1774	1776	2
1259	1776	1778	2
1260	1778	1780	2
1261	1780	1782	2
1262	1782	1784	2
1263	1784	1786	2
1264	1786	1788	2
1265	1788	1790	2
1266	1790	1792	2
1267	1792	1794	2
1268	1794	1796	2
1269	1796	1798	2
1270	1798	1800	2
1271	1800	1802	2
1272	1802	1804	2
1273	1804	1806	2
1274	1806	1808	2
1275	1808	1810	2
1276	1810	1812	2
1277	1812	1814	2
1278	1814	1816	2
1279	1816	1818	2
1280	1818	1820	2
1281	1820	1822	2
1282	1822	1824	2
1283	1824	1826	2
1284	1826	1828	2
1285	1828	1830	2
1286	1830	1832	2
1287	1832	1834	2
1288	1834	1836	2
1289	1836	1838	2
1290	1838	1840	2
1291	1840	1842	2
1292	1842	1844	2
1293	1844	1846	2
1294	1846	1848	2
1295	1848	1850	2
1296	1850	1852	2
1297	1852	1854	2
1298	1854	1856	2
1299	1856	1858	2
1300	1858	1860	2
1301	1860	1862	2
1302	1862	1864	2
1303	1864	1866	2
1304	1866	1868	2
1305	1868	1870	2
1306	1870	1872	2
1307	1872	1874	2
1308	1874	1876	2
1309	1876	1878	2
1310	1878	1880	2
1311	1880	1882	2
1312	1882	1884	2
1313	1884	1886	2
1314	1886	1888	2
1315	1888	1890	2
1316	1890	1892	2
1317	1892	1894	2
1318	1894	1896	2
1319	1896	1898	2
1320	1898	1900	2
1321	1900	1902	2
1322	1902	1904	2
1323	1904	1906	2
1324	1906	1908	2
1325	1908	1910	2
1326	1910	1912	2
1327	1912	1914	2
1328	1914	1916	2
1329	1916	1918	2
1330	1918	1920	2
1331	1920	1922	2
1332	1922	1924	2
1333	1924	1926	2
1334	1926	1928	2
1335	1928	1930	2
1336	1930	1932	2
1337	1932	1934	2
1338	1934	1936	2
1339	1936	1938	2
1340	1938	1940	2
1341	1940	1942	2
1342	1942	1944	2
1343	1944	1946	2
1344	1946	1948	2
1345	1948	1950	2
1346	1950	1952	2
1347	1952	1954	2
1348	1954	1956	2
1349	1956	1958	2
1350	1958	1960	2
1351	1960	1962	2
1352	1962	1964	2
1353	1964	1966	2
1354	1966	1968	2
1355	1968	1970	2
1356	1970	1972	2
1357	1972	1974	2
1358	1974	1976	2
1359	1976	1978	2
1360	1978	1980	2
1361	1980	1982	2
1362	1982	1984	2
1363	1984	1986	2
1364	1986	1988	2
1365	1988	1990	2
1366	1990	1992	2
1367	1992	1994	2
1368	1994	1996	2
1369	1996	1998	2
1370	1998	2000	2
1371	2000	2002	2
1372	2002	2004	2
1373	2004	2006	2
1374	2006	2008	2
1375	2008	2010	2
1376	2010	2012	2
1377	2012	2014	2
1378	2014	2016	2
1379	2016	2018	2
1380	2018	2020	2
1381	2020	2022	2
1382	2022	2024	2
1383	2024	2026	2
1384	2026	2028	2
1385	2028	2030	2
1386	2030	2032	2
1387	2032	2034	2
1388	2034	2036	2
1389	2036	2038	2
1390	2038	2040	2
1391	2040	2042	2
1392	2042	2044	2
1393	2044	2046	2
1394	2046	2048	2
1395	2048	2050	2
1396	2050	2052	2
1397	2052	2054	2
1398	2054	2056	2
1399	2056	2058	2
1400	2058	2060	2
1401	2060	2062	2
1402	2062	2064	2
1403	2064	2066	2
1404	2066	2068	2
1405	2068	2070	2
1406	2070	2072	2
1407	2072	2074	2
1408	2074	2076	2
1409	2076	2078	2
1410	2078	2080	2
1411	2080	2082	2
1412	2082	2084	2
1413	2084	2086	2
1414	2086	2088	2
1415	2088	2090	2
1416	2090	2092	2
1417	2092	2094	2
1418	2094	2096	2
1419	2096	2098	2
1420	2098	2100	2
1421	2100	2102	2
1422	2102	2104	2
1423	2104	2106	2
1424	2106	2108	2
1425	2108	2110	2
1426	2110	2112	2
1427	2112	2114	2
1428	2114	2116	2
1429	2116	2118	2
1430	2118	2120	2
1431	2120	2122	2
1432	2122	2124	2
1433	2124	2126	2
1434	2126	2128	2
1435	2128	2130	2
1436	2130	2132	2
1437	2132	2134	2
1438	2134	2136	2
1439	2136	2138	2
1440	2138	2140	2
1441	2140	2142	2
1442	2142	2144	2
1443	2144	2146	2
1444	2146	2148	2
1445	2148	2150	2
1446	2150	2152	2
1447	2152	2154	2
1448	2154	2156	2
1449	2156	2158	2
1450	2158	2160	2
1451	2160	2162	2
1452	2162	2164	2
1453	2164	2166	2
1454	2166	2168	2
1455	2168	2170	2
1456	2170	2172	2
1457	2172	2174	2
1458	2174	2176	2
1459	2176	2178	2
1460	2178	2180	2
1461	2180	2182	2
1462	2182	2184	2
1463	2184	2186	2
1464	2186	2188	2
1465	2188	2190	2
1466	2190	2192	2
1467	2192	2194	2
1468	2194	2196	2
1469	2196	2198	2
1470	2198	2200	2
1471	2200	2202	2
1472	2202	2204	2
1473	2204	2206	2
1474	2206	2208	2
1475	2208	2210	2
1476	2210	2212	2
1477	2212	2214	2
1478	2214	2216	2
1479	2216	2218	2
1480	2218	2220	2
1481	2220	2222	2
1482	2222	2224	2
1483	2224	2226	2
1484	2226	2228	2
1485	2228	2230	2
1486	2230	2232	2
1487	2232	2234	2
1488	2234	2236	2
1489	2236	2238	2
1490	2238	2240	2
1491	2240	2242	2
1492	2242	2244	2
1493	2244	2246	2
1494	2246	2248	2
1495	2248	2250	2
1496	2250	2252	2
1497	2252	2254	2
1498	2254	2256	2
1499	2256	2258	2
1500	2258	2260	2
1501	2260	2262	2
1502	2262	2264	2
1503	2264	2266	2
1504	2266	2268	2
1505	2268	2270	2
1506	2270	2272	2
1507	2272	2274	2
1508	2274	2276	2
1509	2276	2278	2
1510	2278	2280	2
1511	2280	2282	2
1512	2282	2284	2
1513	2284	2286	2
1514	2286	2288	2
1515	2288	2290	2
1516	2290	2292	2
1517	2292	2294	2
1518	2294	2296	2
1519	2296	2298	2
1520	2298	2300	2
1521	2300	2302	2
1522	2302	2304	2
1523	2304	2306	2
1524	2306	2308	2
1525	2308	2310	2
1526	2310	2312	2
1527	2312	2314	2
1528	2314	2316	2
1529	2316	2318	2
1530	2318	2320	2
1531	2320	2322	2
1532	2322	2324	2
1533	2324	2326	2
1534	2326	2328	2
1535	2328	2330	2
1536	2330	2332	2
1537	2332	2334	2
1538	2334	2336	2
1539	2336	2338	2
1540	2338	2340	2
1541	2340	2342	2
1542	2342	2344	2
1543	2344	2346	2
1544	2346	2348	2
1545	2348	2350	2
1546	2350	2352	2
1547	2352	2354	2
1548	2354	2356	2
1549	2356	2358	2
1550	2358	2360	2
1551	2360	2362	2
1552	2362	2364	2
1553	2364	2366	2
1554	2366	2368	2
1555	2368	2370	2
1556	2370	2372	2
1557	2372	2374	2
1558	2374	2376	2
1559	2376	2378	2
1560	2378	2380	2
1561	2380	2382	2
1562	2382	2384	2
1563	2384	2386	2
1564	2386	2388	2
1565	2388	2390	2
1566	2390	2392	2
1567	2392	2394	2
1568	2394	2396	2
1569	2396	2398	2
1570	2398	2400	2
1571	2400	2402	2
1572	2402	2404	2
1573	2404	2406	2
1574	2406	2408	2
1575	2408	2410	2
1576	2410	2412	2
1577	2412	2414	2
1578	2414	2416	2
1579	2416	2418	2
1580	2418	2420	2
1581	2420	2422	2
1582	2422	2424	2
1583	2424	2426	2
1584	2426	2428	2
1585	2428	2430	2
1586	2430	2432	2
1587	2432	2434	2
1588	2434	2436	2
1589	2436	2438	2
1590	2438	2440	2
1591	2440	2442	2
1592	2442	2444	2
1593	2444	2446	2
1594	2446	2448	2
1595	2448	2450	2
1596	2450	2452	2
1597	2452	2454	2
1598	2454	2456	2
1599	2456	2458	2
1600	2458	2460	2
1601	2460	2462	2
1602	2462	2464	2
1603	2464	2466	2
1604	2466	2468	2
1605	2468	2470	2
1606	2470	2472	2
1607	2472	2474	2
1608	2474	2476	2
1609	2476	2478	2
1610	2478	2480	2
1611	2480	2482	2
1612	2482	2484	2
1613	2484	2486	2
1614	2486	2488	2
1615	2488	2490	2
1616	2490	2492	2
1617	2492	2494	2
1618	2494	2496	2
1619	2496	2498	2
1620	2498	2500	2
1621	2500	2502	2
1622	2502	2504	2
1623	2504	2506	2
1624	2506	2508	2
1625	2508	2510	2
1626	2510	2512	2
1627	2512	2514	2
1628	2514	2516	2
1629	2516	2518	2
1630	2518	2520	2
1631	2520	2522	2
1632	2522	2524	2
1633	2524	2526	2
1634	2526	2528	2
1635	2528	2530	2
1636	2530	2532	2
1637	2532	2534	2
1638	2534	2536	2
1639	2536	2538	2
1640	2538	2540	2
1641	2540	2542	2
1642	2542	2544	2
1643	2544	2546	2
1644	2546	2548	2
1645	2548	2550	2
1646	2550	2552	2
1647	2552	2554	2
1648	2554	2556	2
1649	2556	2558	2
1650	2558	2560	2
1651	2560	2562	2
1652	2562	2564	2
1653	2564	2566	2
1654	2566	2568	2
1655	2568	2570	2
1656	2570	2572	2
1657	2572	2574	2
1658	2574	2576	2
1659	2576	2578	2
1660	2578	2580	2
1661	2580	2582	2
1662	2582	2584	2
1663	2584	2586	2
1664	2586	2588	2
1665	2588	2590	2
1666	2590	2592	2
1667	2592	2594	2
1668	2594	2596	2
1669	2596	2598	2
1670	2598	2600	2
1671	2600	2602	2
1672	2602	2604	2
1673	2604	2606	2
1674	2606	2608	2
1675	2608	2610	2
1676	2610	2612	2
1677	2612	2614	2
1678	2614	2616	2
1679	2616	2618	2
1680	2618	2620	2
1681	2620	2622	2
1682	2622	2624	2
1683	2624	2626	2
1684	2626	2628	2
1685	2628	2630	2
1686	2630	2632	2
1687	2632	2634	2
1688	2634	2636	2
1689	2636	2638	2
1690	2638	2640	2
1691	2640	2642	2
1692	2642	2644	2
1693	2644	2646	2
1694	2646	2648	2
1695	2648	2650	2
1696	2650	2652	2
1697	2652	2654	2
1698	2654	2656	2
1699	2656	2658	2
1700	2658	2660	2
1701	2660	2662	2
1702	2662	2664	2
1703	2664	2666	2
1704	2666	2668	2
1705	2668	2670	2
1706	2670	2672	2
1707	2672	2674	2
1708	2674	2676	2
1709	2676	2678	2
1710	2678	2680	2
1711	2680	2682	2
1712	2682	2684	2
1713	2684	2686	2
1714	2686	2688	2
1715	2688	2690	2
1716	2690	2692	2
1717	2692	2694	2
1718	2694	2696	2
1719	2696	2698	2
1720	2698	2700	2
1721	2700	2702	2
1722	2702	2704	2
1723	2704	2706	2
1724	2706	2708	2
1725	2708	2710	2
1726	2710	2712	2
1727	2712	2714	2
1728	2714	2716	2
1729	2716	2718	2
1730	2718	2720	2
1731	2720	2722	2
1732	2722	2724	2
1733	2724	2726	2
1734	2726	2728	2
1735	2728	2730	2
1736	2730	2732	2
1737	2732	2734	2
1738	2734	2736	2
1739	2736	2738	2
1740	2738	2740	2
1741	2740	2742	2
1742	2742	2744	2
1743	2744	2746	2
1744	2746	2748	2
1745	2748	2750	2
1746	2750	2752	2
1747	2752	2754	2
1748	2754	2756	2
1749	2756	2758	2
1750	2758	2760	2
1751	2760	2762	2
1752	2762	2764	2
1753	2764	2766	2
1754	2766	2768	2
1755	2768	2770	2
1756	2770	2772	2
1757	2772	2774	2
1758	2774	2776	2
1759	2776	2778	2
1760	2778	2780	2
1761	2780	2782	2
1762	2782	2784	2
1763	2784	2786	2
1764	2786	2788	2
1765	2788	2790	2
1766	2790	2792	2
1767	2792	2794	2
1768	2794	2796	2
1769	2796	2798	2
1770	2798	2800	2
1771	2800	2802	2
1772	2802	2804	2
1773	2804	2806	2
1774	2806	2808	2
1775	2808	2810	2
1776	2810	2812	2
1777	2812	2814	2
1778	2814	2816	2
1779	2816	2818	2
1780	2818	2820	2
1781	2820	2822	2
1782	2822	2824	2
1783	2824	2826	2
1784	2826	2828	2
1785	2828	2830	2
1786	2830	2832	2
1787	2832	2834	2
1788	2834	2836	2
1789	2836	2838	2
1790	2838	2840	2
1791	2840	2842	2
1792	2842	2844	2
1793	2844	2846	2
1794	2846	2848	2
1795	2848	2850	2
1796	2850	2852	2
1797	2852	2854	2
1798	2854	2856	2
1799	2856	2858	2
1800	2858	2860	2
1801	2860	2862	2
1802	2862	2864	2
1803	2864	2866	2
1804	2866	2868	2
1805	2868	2870	2
1806	2870	2872	2
1807	2872	2874	2
1808	2874	2876	2
1809	2876	2878	2
1810	2878	2880	2
1811	2880	2882	2
1812	2882	2884	2
1813	2884	2886	2
1814	2886	2888	2
1815	2888	2890	2
1816	2890	2892	2
1817	2892	2894	2
1818	2894	2896	2
1819	2896	2898	2
1820	2898	2900	2
1821	2900	2902	2
1822	2902	2904	2
1823	2904	2906	2
1824	2906	2908	2
1825	2908	2910	2
1826	2910	2912	2
1827	2912	2914	2
1828	2914	2916	2
1829	2916	2918	2
1830	2918	2920	2
1831	2920	2922	2
1832	2922	2924	2
1833	2924	2926	2
1834	2926	2928	2
1835	2928	2930	2
1836	2930	2932	2
1837	2932	2934	2
1838	2934	2936	2
1839	2936	2938	2
1840	2938	2940	2
1841	2940	2942	2
1842	2942	2944	2
1843	2944	2946	2
1844	2946	2948	2
1845	2948	2950	2
1846	2950	2952	2
1847	2952	2954	2
1848	2954	2956	2
1849	2956	2958	2
1850	2958	2960	2
1851	2960	2962	2
1852	2962	2964	2
1853	2964	2966	2
1854	2966	2968	2
1855	2968	2970	2
1856	2970	2972	2
1857	2972	2974	2
1858	2974	2976	2
1859	2976	2978	2
1860	2978	2980	2
1861	2980	2982	2
1862	2982	2984	2
1863	2984	2986	2
1864	2986	2988	2
1865	2988	2990	2
1866	2990	2992	2
1867	2992	2995	3
1868	2995	2998	3
1869	2998	3001	3
1870	3001	3004	3
1871	3004	3007	3
1872	3007	3010	3
1873	3010	3013	3
1874	3013	3016	3
1875	3016	3019	3
1876	3019	3022	3
1877	3022	3025	3
1878	3025	3028	3
1879	3028	3031	3
1880	3031	3034	3
1881	3034	3037	3
1882	3037	3040	3
1883	3040	3043	3
1884	3043	3046	3
1885	3046	3049	3
1886	3049	3052	3
1887	3052	3055	3
1888	3055	3058	3
1889	3058	3061	3
1890	3061	3064	3
1891	3064	3067	3
1892	3067	3070	3
1893	3070	3073	3
1894	3073	3076	3
1895	3076	3079	3
1896	3079	3082	3
1897	3082	3085	3
1898	3085	3088	3
1899	3088	3091	3
1900	3091	3094	3
1901	3094	3097	3
1902	3097	3100	3
1903	3100	3103	3
1904	3103	3106	3
1905	3106	3109	3
1906	3109	3112	3
1907	3112	3115	3
1908	3115	3118	3
1909	3118	3121	3
1910	3121	3124	3
1911	3124	3127	3
1912	3127	3130	3
1913	3130	3133	3
1914	3133	3136	3
1915	3136	3139	3
1916	3139	3142	3
1917	3142	3145	3
1918	3145	3148	3
1919	3148	3151	3
1920	3151	3154	3
1921	3154	3157	3
1922	3157	3160	3
1923	3160	3163	3
1924	3163	3166	3
1925	3166	3169	3
1926	3169	3172	3
1927	3172	3175	3
1928	3175	3178	3
1929	3178	3181	3
1930	3181	3184	3
1931	3184	3187	3
1932	3187	3190	3
1933	3190	3193	3
1934	3193	3196	3
1935	3196	3199	3
1936	3199	3202	3
1937	3202	3205	3
1938	3205	3208	3
1939	3208	3211	3
1940	3211	3214	3
1941	3214	3217	3
1942	3217	3220	3
1943	3220	3223	3
1944	3223	3226	3
1945	3226	3229	3
1946	3229	3232	3
1947	3232	3235	3
1948	3235	3238	3
1949	3238	3241	3
1950	3241	3244	3
1951	3244	3247	3
1952	3247	3250	3
1953	3250	3253	3
1954	3253	3256	3
1955	3256	3259	3
1956	3259	3262	3
1957	3262	3265	3
1958	3265	3268	3
1959	3268	3271	3
1960	3271	3274	3
1961	3274	3277	3
1962	3277	3280	3
1963	3280	3283	3
1964	3283	3286	3
1965	3286	3289	3
1966	3289	3292	3
1967	3292	3295	3
1968	3295	3298	3
1969	3298	3301	3
1970	3301	3304	3
1971	3304	3307	3
1972	3307	3310	3
1973	3310	3313	3
1974	3313	3316	3
1975	3316	3319	3
1976	3319	3322	3
1977	3322	3325	3
1978	3325	3328	3
1979	3328	3331	3
1980	3331	3334	3
1981	3334	3337	3
1982	3337	3340	3
1983	3340	3343	3
1984	3343	3346	3
1985	3346	3349	3
1986	3349	3352	3
1987	3352	3355	3
1988	3355	3358	3
1989	3358	3361	3
1990	3361	3364	3
1991	3364	3367	3
1992	3367	3370	3
1993	3370	3373	3
1994	3373	3376	3
1995	3376	3379	3
1996	3379	3382	3
1997	3382	3385	3
1998	3385	3388	3
1999	3388	3391	3
2000	3391	3394	3
2001	3394	3397	3
2002	3397	3400	3
2003	3400	3403	3
2004	3403	3406	3
2005	3406	3409	3
2006	3409	3412	3
2007	3412	3415	3
2008	3415	3418	3
2009	3418	3421	3
2010	3421	3424	3
2011	3424	3427	3
2012	3427	3430	3
2013	3430	3433	3
2014	3433	3436	3
2015	3436	3439	3
2016	3439	3442	3
2017	3442	3445	3
2018	3445	3448	3
2019	3448	3451	3
2020	3451	3454	3
2021	3454	3457	3
2022	3457	3460	3
2023	3460	3463	3
2024	3463	3466	3
2025	3466	3469	3
2026	3469	3472	3
2027	3472	3475	3
2028	3475	3478	3
2029	3478	3481	3
2030	3481	3484	3
2031	3484	3487	3
2032	3487	3490	3
2033	3490	3493	3
2034	3493	3496	3
2035	3496	3499	3
2036	3499	3502	3
2037	3502	3505	3
2038	3505	3508	3
2039	3508	3511	3
2040	3511	3514	3
2041	3514	3517	3
2042	3517	3520	3
2043	3520	3523	3
2044	3523	3526	3
2045	3526	3529	3
2046	3529	3532	3
2047	3532	3535	3
2048	3535	3538	3
2049	3538	3541	3
2050	3541	3544	3
2051	3544	3547	3
2052	3547	3550	3
2053	3550	3553	3
2054	3553	3556	3
2055	3556	3559	3
2056	3559	3562	3
2057	3562	3565	3
2058	3565	3568	3
2059	3568	3571	3
2060	3571	3574	3
2061	3574	3577	3
2062	3577	3580	3
2063	3580	3583	3
2064	3583	3586	3
2065	3586	3589	3
2066	3589	3592	3
2067	3592	3595	3
2068	3595	3598	3
2069	3598	3601	3
2070	3601	3604	3
2071	3604	3607	3
2072	3607	3610	3
2073	3610	3613	3
2074	3613	3616	3
2075	3616	3619	3
2076	3619	3622	3
2077	3622	3625	3
2078	3625	3628	3
2079	3628	3631	3
2080	3631	3634	3
2081	3634	3637	3
2082	3637	3640	3
2083	3640	3643	3
2084	3643	3646	3
2085	3646	3649	3
2086	3649	3652	3
2087	3652	3655	3
2088	3655	3658	3
2089	3658	3661	3
2090	3661	3664	3
2091	3664	3667	3
2092	3667	3670	3
2093	3670	3673	3
2094	3673	3676	3
2095	3676	3679	3
2096	3679	3682	3
2097	3682	3685	3
2098	3685	3688	3
2099	3688	3691	3
2100	3691	3694	3
2101	3694	3697	3
2102	3697	3700	3
2103	3700	3703	3
2104	3703	3706	3
2105	3706	3709	3
2106	3709	3712	3
2107	3712	3715	3
2108	3715	3718	3
2109	3718	3721	3
2110	3721	3724	3
2111	3724	3727	3
2112	3727	3730	3
2113	3730	3733	3
2114	3733	3736	3
2115	3736	3739	3
2116	3739	3742	3
2117	3742	3745	3
2118	3745	3748	3
2119	3748	3751	3
2120	3751	3754	3
2121	3754	3757	3
2122	3757	3760	3
2123	3760	3763	3
2124	3763	3766	3
2125	3766	3769	3
2126	3769	3772	3
2127	3772	3775	3
2128	3775	3778	3
2129	3778	3781	3
2130	3781	3784	3
2131	3784	3787	3
2132	3787	3790	3
2133	3790	3793	3
2134	3793	3796	3
2135	3796	3799	3
2136	3799	3802	3
2137	3802	3805	3
2138	3805	3808	3
2139	3808	3811	3
2140	3811	3814	3
2141	3814	3817	3
2142	3817	3820	3
2143	3820	3823	3
2144	3823	3826	3
2145	3826	3829	3
2146	3829	3832	3
2147	3832	3835	3
2148	3835	3838	3
2149	3838	3841	3
2150	3841	3844	3
2151	3844	3847	3
2152	3847	3850	3
2153	3850	3853	3
2154	3853	3856	3
2155	3856	3859	3
2156	3859	3862	3
2157	3862	3865	3
2158	3865	3868	3
2159	3868	3871	3
2160	3871	3874	3
2161	3874	3877	3
2162	3877	3880	3
2163	3880	3883	3
2164	3883	3886	3
2165	3886	3889	3
2166	3889	3892	3
2167	3892	3895	3
2168	3895	3898	3
2169	3898	3901	3
2170	3901	3904	3
2171	3904	3907	3
2172	3907	3910	3
2173	3910	3913	3
2174	3913	3916	3
2175	3916	3919	3
2176	3919	3922	3
2177	3922	3925	3
2178	3925	3928	3
2179	3928	3931	3
2180	3931	3934	3
2181	3934	3937	3
2182	3937	3940	3
2183	3940	3943	3
2184	3943	3946	3
2185	3946	3949	3
2186	3949	3952	3
2187	3952	3955	3
2188	3955	3958	3
2189	3958	3961	3
2190	3961	3964	3
2191	3964	3967	3
2192	3967	3970	3
2193	3970	3973	3
2194	3973	3976	3
2195	3976	3980	4
2196	3980	3984	4
2197	3984	3988	4
2198	3988	3992	4
2199	3992	3996	4
2200	3996	4000	4
2201	4000	4004	4
2202	4004	4008	4
2203	4008	4012	4
2204	4012	4016	4
2205	4016	4020	4
2206	4020	4024	4
2207	4024	4028	4
2208	4028	4032	4
2209	4032	4036	4
2210	4036	4040	4
2211	4040	4044	4
2212	4044	4048	4
2213	4048	4052	4
2214	4052	4056	4
2215	4056	4060	4
2216	4060	4064	4
2217	4064	4068	4
2218	4068	4072	4
2219	4072	4076	4
2220	4076	4080	4
2221	4080	4084	4
2222	4084	4088	4
2223	4088	4092	4
2224	4092	4096	4
2225	4096	4100	4
2226	4100	4104	4
2227	4104	4108	4
2228	4108	4112	4
2229	4112	4116	4
2230	4116	4120	4
2231	4120	4124	4
2232	4124	4128	4
2233	4128	4132	4
2234	4132	4136	4
2235	4136	4140	4
2236	4140	4144	4
2237	4144	4148	4
2238	4148	4152	4
2239	4152	4156	4
2240	4156	4160	4
2241	4160	4164	4
2242	4164	4168	4
2243	4168	4172	4
2244	4172	4176	4
2245	4176	4180	4
2246	4180	4184	4
2247	4184	4188	4
2248	4188	4192	4
2249	4192	4196	4
2250	4196	4200	4
2251	4200	4204	4
2252	4204	4208	4
2253	4208	4212	4
2254	4212	4216	4
2255	4216	4220	4
2256	4220	4224	4
2257	4224	4228	4
2258	4228	4232	4
2259	4232	4236	4
2260	4236	4240	4
2261	4240	4244	4
2262	4244	4248	4
2263	4248	4252	4
2264	4252	4256	4
2265	4256	4260	4
2266	4260	4264	4
2267	4264	4268	4
2268	4268	4272	4
2269	4272	4276	4
2270	4276	4280	4
2271	4280	4284	4
2272	4284	4288	4
2273	4288	4292	4
2274	4292	4296	4
2275	4296	4300	4
2276	4300	4304	4
2277	4304	4308	4
2278	4308	4312	4
2279	4312	4316	4
2280	4316	4320	4
2281	4320	4324	4
2282	4324	4328	4
2283	4328	4332	4
2284	4332	4336	4
2285	4336	4340	4
2286	4340	4344	4
2287	4344	4348	4
2288	4348	4352	4
2289	4352	4356	4
2290	4356	4360	4
2291	4360	4364	4
2292	4364	4368	4
2293	4368	4372	4
2294	4372	4376	4
2295	4376	4380	4
2296	4380	4384	4
2297	4384	4388	4
2298	4388	4392	4
2299	4392	4396	4
2300	4396	4400	4
2301	4400	4404	4
2302	4404	4408	4
2303	4408	4412	4
2304	4412	4416	4
2305	4416	4420	4
2306	4420	4424	4
2307	4424	4428	4
2308	4428	4432	4
2309	4432	4436	4
2310	4436	4440	4
2311	4440	4444	4
2312	4444	4448	4
2313	4448	4452	4
2314	4452	4456	4
2315	4456	4460	4
2316	4460	4464	4
2317	4464	4468	4
2318	4468	4472	4
2319	4472	4476	4
2320	4476	4480	4
2321	4480	4484	4
2322	4484	4488	4
2323	4488	4492	4
2324	4492	4496	4
2325	4496	4500	4
2326	4500	4504	4
2327	4504	4508	4
2328	4508	4512	4
2329	4512	4516	4
2330	4516	4520	4
2331	4520	4524	4
2332	4524	4528	4
2333	4528	4532	4
2334	4532	4536	4
2335	4536	4540	4
2336	4540	4544	4
2337	4544	4548	4
2338	4548	4552	4
2339	4552	4556	4
2340	4556	4560	4
2341	4560	4564	4
2342	4564	4568	4
2343	4568	4572	4
2344	4572	4576	4
2345	4576	4580	4
2346	4580	4584	4
2347	4584	4588	4
2348	4588	4592	4
2349	4592	4596	4
2350	4596	4600	4
2351	4600	4604	4
2352	4604	4608	4
2353	4608	4612	4
2354	4612	4616	4
2355	4616	4620	4
2356	4620	4624	4
2357	4624	4628	4
2358	4628	4632	4
2359	4632	4636	4
2360	4636	4640	4
2361	4640	4644	4
2362	4644	4648	4
2363	4648	4652	4
2364	4652	4656	4
2365	4656	4660	4
2366	4660	4664	4
2367	4664	4668	4
2368	4668	4672	4
2369	4672	4676	4
2370	4676	4680	4
2371	4680	4684	4
2372	4684	4688	4
2373	4688	4692	4
2374	4692	4696	4
2375	4696	4700	4
2376	4700	4704	4
2377	4704	4708	4
2378	4708	4712	4
2379	4712	4716	4
2380	4716	4720	4
2381	4720	4724	4
2382	4724	4728	4
2383	4728	4732	4
2384	4732	4736	4
2385	4736	4740	4
2386	4740	4744	4
2387	4744	4748	4
2388	4748	4752	4
2389	4752	4756	4
2390	4756	4760	4
2391	4760	4764	4
2392	4764	4768	4
2393	4768	4772	4
2394	4772	4776	4
2395	4776	4780	4
2396	4780	4784	4
2397	4784	4788	4
2398	4788	4792	4
2399	4792	4796	4
2400	4796	4800	4
2401	4800	4804	4
2402	4804	4808	4
2403	4808	4812	4
2404	4812	4816	4
2405	4816	4820	4
2406	4820	4824	4
2407	4824	4828	4
2408	4828	4832	4
2409	4832	4836	4
2410	4836	4840	4
2411	4840	4844	4
2412	4844	4848	4
2413	4848	4852	4
2414	4852	4856	4
2415	4856	4860	4
2416	4860	4864	4
2417	4864	4868	4
2418	4868	4872	4
2419	4872	4876	4
2420	4876	4880	4
2421	4880	4884	4
2422	4884	4888	4
2423	4888	4892	4
2424	4892	4896	4
2425	4896	4900	4
2426	4900	4904	4
2427	4904	4908	4
2428	4908	4912	4
2429	4912	4916	4
2430	4916	4920	4
2431	4920	4924	4
2432	4924	4928	4
2433	4928	4932	4
2434	4932	4936	4
2435	4936	4940	4
2436	4940	4944	4
2437	4944	4948	4
2438	4948	4952	4
2439	4952	4956	4
2440	4956	4960	4
2441	4960	4964	4
2442	4964	4968	4
2443	4968	4973	5
2444	4973	4978	5
2445	4978	4983	5
2446	4983	4988	5
2447	4988	4993	5
2448	4993	4998	5
2449	4998	5003	5
2450	5003	5008	5
2451	5008	5013	5
2452	5013	5018	5
2453	5018	5023	5
2454	5023	5028	5
2455	5028	5033	5
2456	5033	5038	5
2457	5038	5043	5
2458	5043	5048	5
2459	5048	5053	5
2460	5053	5058	5
2461	5058	5063	5
2462	5063	5068	5
2463	5068	5073	5
2464	5073	5078	5
2465	5078	5083	5
2466	5083	5088	5
2467	5088	5093	5
2468	5093	5098	5
2469	5098	5103	5
2470	5103	5108	5
2471	5108	5113	5
2472	5113	5118	5
2473	5118	5123	5
2474	5123	5128	5
2475	5128	5133	5
2476	5133	5138	5
2477	5138	5143	5
2478	5143	5148	5
2479	5148	5153	5
2480	5153	5158	5
2481	5158	5163	5
2482	5163	5168	5
2483	5168	5173	5
2484	5173	5178	5
2485	5178	5183	5
2486	5183	5188	5
2487	5188	5193	5
2488	5193	5198	5
2489	5198	5203	5
2490	5203	5208	5
2491	5208	5213	5
2492	5213	5218	5
2493	5218	5223	5
2494	5223	5228	5
2495	5228	5233	5
2496	5233	5238	5
2497	5238	5243	5
2498	5243	5248	5
2499	5248	5253	5
2500	5253	5258	5
2501	5258	5263	5
2502	5263	5268	5
2503	5268	5273	5
2504	5273	5278	5
2505	5278	5283	5
2506	5283	5288	5
2507	5288	5293	5
2508	5293	5298	5
2509	5298	5303	5
2510	5303	5308	5
2511	5308	5313	5
2512	5313	5318	5
2513	5318	5323	5
2514	5323	5328	5
2515	5328	5333	5
2516	5333	5338	5
2517	5338	5343	5
2518	5343	5348	5
2519	5348	5353	5
2520	5353	5358	5
2521	5358	5363	5
2522	5363	5368	5
2523	5368	5373	5
2524	5373	5378	5
2525	5378	5383	5
2526	5383	5388	5
2527	5388	5393	5
2528	5393	5398	5
2529	5398	5403	5
2530	5403	5408	5
2531	5408	5413	5
2532	5413	5418	5
2533	5418	5423	5
2534	5423	5428	5
2535	5428	5433	5
2536	5433	5438	5
2537	5438	5443	5
2538	5443	5448	5
2539	5448	5453	5
2540	5453	5458	5
2541	5458	5463	5
2542	5463	5468	5
2543	5468	5473	5
2544	5473	5478	5
2545	5478	5483	5
2546	5483	5488	5
2547	5488	5493	5
2548	5493	5498	5
2549	5498	5503	5
2550	5503	5508	5
2551	5508	5513	5
2552	5513	5518	5
2553	5518	5523	5
2554	5523	5528	5
2555	5528	5533	5
2556	5533	5538	5
2557	5538	5543	5
2558	5543	5548	5
2559	5548	5553	5
2560	5553	5558	5
2561	5558	5563	5
2562	5563	5568	5
2563	5568	5573	5
2564	5573	5578	5
2565	5578	5583	5
2566	5583	5588	5
2567	5588	5593	5
2568	5593	5598	5
2569	5598	5603	5
2570	5603	5608	5
2571	5608	5613	5
2572	5613	5618	5
2573	5618	5623	5
2574	5623	5628	5
2575	5628	5633	5
2576	5633	5638	5
2577	5638	5643	5
2578	5643	5648	5
2579	5648	5653	5
2580	5653	5658	5
2581	5658	5663	5
2582	5663	5668	5
2583	5668	5673	5
2584	5673	5678	5
2585	5678	5683	5
2586	5683	5688	5
2587	5688	5693	5
2588	5693	5698	5
2589	5698	5703	5
2590	5703	5708	5
2591	5708	5713	5
2592	5713	5718	5
2593	5718	5723	5
2594	5723	5728	5
2595	5728	5733	5
2596	5733	5738	5
2597	5738	5743	5
2598	5743	5748	5
2599	5748	5753	5
2600	5753	5758	5
2601	5758	5763	5
2602	5763	5768	5
2603	5768	5773	5
2604	5773	5778	5
2605	5778	5783	5
2606	5783	5788	5
2607	5788	5793	5
2608	5793	5798	5
2609	5798	5803	5
2610	5803	5808	5
2611	5808	5813	5
2612	5813	5818	5
2613	5818	5823	5
2614	5823	5828	5
2615	5828	5833	5
2616	5833	5838	5
2617	5838	5843	5
2618	5843	5848	5
2619	5848	5853	5
2620	5853	5858	5
2621	5858	5863	5
2622	5863	5869	6
2623	5869	5875	6
2624	5875	5881	6
2625	5881	5887	6
2626	5887	5893	6
2627	5893	5899	6
2628	5899	5905	6
2629	5905	5911	6
2630	5911	5917	6
2631	5917	5923	6
2632	5923	5929	6
2633	5929	5935	6
2634	5935	5941	6
2635	5941	5947	6
2636	5947	5953	6
2637	5953	5959	6
2638	5959	5965	6
2639	5965	5971	6
2640	5971	5977	6
2641	5977	5983	6
2642	5983	5989	6
2643	5989	5995	6
2644	5995	6001	6
2645	6001	6007	6
2646	6007	6013	6
2647	6013	6019	6
2648	6019	6025	6
2649	6025	6031	6
2650	6031	6037	6
2651	6037	6043	6
2652	6043	6049	6
2653	6049	6055	6
2654	6055	6061	6
2655	6061	6067	6
2656	6067	6073	6
2657	6073	6079	6
2658	6079	6085	6
2659	6085	6091	6
2660	6091	6097	6
2661	6097	6103	6
2662	6103	6109	6
2663	6109	6115	6
2664	6115	6121	6
2665	6121	6127	6
2666	6127	6133	6
2667	6133	6139	6
2668	6139	6145	6
2669	6145	6151	6
2670	6151	6157	6
2671	6157	6163	6
2672	6163	6169	6
2673	6169	6175	6
2674	6175	6181	6
2675	6181	6187	6
2676	6187	6193	6
2677	6193	6199	6
2678	6199	6205	6
2679	6205	6211	6
2680	6211	6217	6
2681	6217	6223	6
2682	6223	6229	6
2683	6229	6235	6
2684	6235	6241	6
2685	6241	6247	6
2686	6247	6253	6
2687	6253	6259	6
2688	6259	6265	6
2689	6265	6271	6
2690	6271	6277	6
2691	6277	6283	6
2692	6283	6289	6
2693	6289	6295	6
2694	6295	6301	6
2695	6301	6307	6
2696	6307	6313	6
2697	6313	6319	6
2698	6319	6325	6
2699	6325	6331	6
2700	6331	6337	6
2701	6337	6343	6
2702	6343	6349	6
2703	6349	6355	6
2704	6355	6361	6
2705	6361	6367	6
2706	6367	6373	6
2707	6373	6379	6
2708	6379	6385	6
2709	6385	6391	6
2710	6391	6397	6
2711	6397	6403	6
2712	6403	6409	6
2713	6409	6415	6
2714	6415	6421	6
2715	6421	6427	6
2716	6427	6433	6
2717	6433	6439	6
2718	6439	6445	6
2719	6445	6451	6
2720	6451	6457	6
2721	6457	6463	6
2722	6463	6469	6
2723	6469	6475	6
2724	6475	6481	6
2725	6481	6487	6
2726	6487	6493	6
2727	6493	6499	6
2728	6499	6505	6
2729	6505	6511	6
2730	6511	6517	6
2731	6517	6523	6
2732	6523	6529	6
2733	6529	6535	6
2734	6535	6541	6
2735	6541	6547	6
2736	6547	6553	6
2737	6553	6559	6
2738	6559	6565	6
2739	6565	6571	6
2740	6571	6577	6
2741	6577	6583	6
2742	6583	6589	6
2743	6589	6595	6
2744	6595	6602	7
2745	6602	6609	7
2746	6609	6616	7
2747	6616	6623	7
2748	6623	6630	7
2749	6630	6637	7
2750	6637	6644	7
2751	6644	6651	7
2752	6651	6658	7
2753	6658	6665	7
2754	6665	6672	7
2755	6672	6679	7
2756	6679	6686	7
2757	6686	6693	7
2758	6693	6700	7
2759	6700	6707	7
2760	6707	6714	7
2761	6714	6721	7
2762	6721	6728	7
2763	6728	6735	7
2764	6735	6742	7
2765	6742	6749	7
2766	6749	6756	7
2767	6756	6763	7
2768	6763	6770	7
2769	6770	6777	7
2770	6777	6784	7
2771	6784	6791	7
2772	6791	6798	7
2773	6798	6805	7
2774	6805	6812	7
2775	6812	6819	7
2776	6819	6826	7
2777	6826	6833	7
2778	6833	6840	7
2779	6840	6847	7
2780	6847	6854	7
2781	6854	6861	7
2782	6861	6868	7
2783	6868	6875	7
2784	6875	6882	7
2785	6882	6889	7
2786	6889	6896	7
2787	6896	6903	7
2788	6903	6910	7
2789	6910	6917	7
2790	6917	6924	7
2791	6924	6931	7
2792	6931	6938	7
2793	6938	6945	7
2794	6945	6952	7
2795	6952	6959	7
2796	6959	6966	7
2797	6966	6973	7
2798	6973	6980	7
2799	6980	6987	7
2800	6987	6994	7
2801	6994	7001	7
2802	7001	7008	7
2803	7008	7015	7
2804	7015	7022	7
2805	7022	7029	7
2806	7029	7036	7
2807	7036	7043	7
2808	7043	7050	7
2809	7050	7057	7
2810	7057	7064	7
2811	7064	7071	7
2812	7071	7078	7
2813	7078	7085	7
2814	7085	7092	7
2815	7092	7099	7
2816	7099	7106	7
2817	7106	7113	7
2818	7113	7120	7
2819	7120	7127	7
2820	7127	7134	7
2821	7134	7141	7
2822	7141	7148	7
2823	7148	7155	7
2824	7155	7162	7
2825	7162	7169	7
2826	7169	7176	7
2827	7176	7183	7
2828	7183	7190	7
2829	7190	7197	7
2830	7197	7204	7
2831	7204	7211	7
2832	7211	7218	7
2833	7218	7225	7
2834	7225	7232	7
2835	7232	7239	7
2836	7239	7246	7
2837	7246	7253	7
2838	7253	7260	7
2839	7260	7267	7
2840	7267	7274	7
2841	7274	7281	7
2842	7281	7288	7
2843	7288	7295	7
2844	7295	7302	7
2845	7302	7309	7
2846	7309	7317	8
2847	7317	7325	8
2848	7325	7333	8
2849	7333	7341	8
2850	7341	7349	8
2851	7349	7357	8
2852	7357	7365	8
2853	7365	7373	8
2854	7373	7381	8
2855	7381	7389	8
2856	7389	7397	8
2857	7397	7405	8
2858	7405	7413	8
2859	7413	7421	8
2860	7421	7429	8
2861	7429	7437	8
2862	7437	7445	8
2863	7445	7453	8
2864	7453	7461	8
2865	7461	7469	8
2866	7469	7477	8
2867	7477	7485	8
2868	7485	7493	8
2869	7493	7501	8
2870	7501	7509	8
2871	7509	7517	8
2872	7517	7525	8
2873	7525	7533	8
2874	7533	7541	8
2875	7541	7549	8
2876	7549	7557	8
2877	7557	7565	8
2878	7565	7573	8
2879	7573	7581	8
2880	7581	7589	8
2881	7589	7597	8
2882	7597	7605	8
2883	7605	7613	8
2884	7613	7621	8
2885	7621	7629	8
2886	7629	7637	8
2887	7637	7645	8
2888	7645	7653	8
2889	7653	7661	8
2890	7661	7669	8
2891	7669	7677	8
2892	7677	7685	8
2893	7685	7693	8
2894	7693	7701	8
2895	7701	7709	8
2896	7709	7717	8
2897	7717	7725	8
2898	7725	7733	8
2899	7733	7741	8
2900	7741	7749	8
2901	7749	7757	8
2902	7757	7765	8
2903	7765	7773	8
2904	7773	7781	8
2905	7781	7789	8
2906	7789	7797	8
2907	7797	7805	8
2908	7805	7813	8
2909	7813	7821	8
2910	7821	7829	8
2911	7829	7837	8
2912	7837	7845	8
2913	7845	7853	8
2914	7853	7861	8
2915	7861	7869	8
2916	7869	7878	9
2917	7878	7887	9
2918	7887	7896	9
2919	7896	7905	9
2920	7905	7914	9
2921	7914	7923	9
2922	7923	7932	9
2923	7932	7941	9
2924	7941	7950	9
2925	7950	7959	9
2926	7959	7968	9
2927	7968	7977	9
2928	7977	7986	9
2929	7986	7995	9
2930	7995	8004	9
2931	8004	8013	9
2932	8013	8022	9
2933	8022	8031	9
2934	8031	8040	9
2935	8040	8049	9
2936	8049	8058	9
2937	8058	8067	9
2938	8067	8076	9
2939	8076	8085	9
2940	8085	8094	9
2941	8094	8103	9
2942	8103	8112	9
2943	8112	8121	9
2944	8121	8130	9
2945	8130	8139	9
2946	8139	8148	9
2947	8148	8157	9
2948	8157	8166	9
2949	8166	8175	9
2950	8175	8184	9
2951	8184	8193	9
2952	8193	8202	9
2953	8202	8211	9
2954	8211	8220	9
2955	8220	8229	9
2956	8229	8238	9
2957	8238	8247	9
2958	8247	8256	9
2959	8256	8265	9
2960	8265	8274	9
2961	8274	8283	9
2962	8283	8292	9
2963	8292	8301	9
2964	8301	8310	9
2965	8310	8319	9
2966	8319	8328	9
2967	8328	8337	9
2968	8337	8346	9
2969	8346	8355	9
2970	8355	8364	9
2971	8364	8373	9
2972	8373	8382	9
2973	8382	8391	9
2974	8391	8400	9
2975	8400	8409	9
2976	8409	8418	9
2977	8418	8427	9
2978	8427	8436	9
2979	8436	8445	9
2980	8445	8454	9
2981	8454	8463	9
2982	8463	8472	9
2983	8472	8481	9
2984	8481	8490	9
2985	8490	8499	9
2986	8499	8508	9
2987	8508	8517	9
2988	8517	8527	10
2989	8527	8537	10
2990	8537	8547	10
2991	8547	8557	10
2992	8557	8567	10
2993	8567	8577	10
2994	8577	8587	10
2995	8587	8597	10
2996	8597	8607	10
2997	8607	8617	10
2998	8617	8627	10
2999	8627	8637	10
3000	8637	8647	10
3001	8647	8657	10
3002	8657	8667	10
3003	8667	8677	10
3004	8677	8687	10
3005	8687	8697	10
3006	8697	8707	10
3007	8707	8717	10
3008	8717	8727	10
3009	8727	8737	10
3010	8737	8747	10
3011	8747	8757	10
3012	8757	8767	10
3013	8767	8777	10
3014	8777	8787	10
3015	8787	8797	10
3016	8797	8807	10
3017	8807	8817	10
3018	8817	8827	10
3019	8827	8837	10
3020	8837	8847	10
3021	8847	8857	10
3022	8857	8867	10
3023	8867	8877	10
3024	8877	8887	10
3025	8887	8897	10
3026	8897	8907	10
3027	8907	8917	10
3028	8917	8927	10
3029	8927	8937	10
3030	8937	8947	10
3031	8947	8957	10
3032	8957	8967	10
3033	8967	8977	10
3034	8977	8987	10
3035	8987	8997	10
3036	8997	9007	10
3037	9007	9017	10
3038	9017	9027	10
3039	9027	9037	10
3040	9037	9047	10
3041	9047	9057	10
3042	9057	9067	10
3043	9067	9077	10
3044	9077	9087	10
3045	9087	9097	10
3046	9097	9108	11
3047	9108	9119	11
3048	9119	9130	11
3049	9130	9141	11
3050	9141	9152	11
3051	9152	9163	11
3052	9163	9174	11
3053	9174	9185	11
3054	9185	9196	11
3055	9196	9207	11
3056	9207	9218	11
3057	9218	9229	11
3058	9229	9240	11
3059	9240	9251	11
3060	9251	9262	11
3061	9262	9273	11
3062	9273	9284	11
3063	9284	9295	11
3064	9295	9306	11
3065	9306	9317	11
3066	9317	9328	11
3067	9328	9339	11
3068	9339	9350	11
3069	9350	9361	11
3070	9361	9372	11
3071	9372	9383	11
3072	9383	9394	11
3073	9394	9405	11
3074	9405	9416	11
3075	9416	9427	11
3076	9427	9438	11
3077	9438	9449	11
3078	9449	9460	11
3079	9460	9471	11
3080	9471	9482	11
3081	9482	9493	11
3082	9493	9504	11
3083	9504	9515	11
3084	9515	9526	11
3085	9526	9537	11
3086	9537	9548	11
3087	9548	9559	11
3088	9559	9570	11
3089	9570	9581	11
3090	9581	9593	12
3091	9593	9605	12
3092	9605	9617	12
3093	9617	9629	12
3094	9629	9641	12
3095	9641	9653	12
3096	9653	9665	12
3097	9665	9677	12
3098	9677	9689	12
3099	9689	9701	12
3100	9701	9713	12
3101	9713	9725	12
3102	9725	9737	12
3103	9737	9749	12
3104	9749	9761	12
3105	9761	9773	12
3106	9773	9785	12
3107	9785	9797	12
3108	9797	9809	12
3109	9809	9821	12
3110	9821	9833	12
3111	9833	9845	12
3112	9845	9857	12
3113	9857	9869	12
3114	9869	9881	12
3115	9881	9893	12
3116	9893	9905	12
3117	9905	9917	12
3118	9917	9929	12
3119	9929	9941	12
3120	9941	9953	12
3121	9953	9965	12
3122	9965	9977	12
3123	9977	9989	12
3124	9989	10002	13
3125	10002	10015	13
3126	10015	10028	13
3127	10028	10041	13
3128	10041	10054	13
3129	10054	10067	13
3130	10067	10080	13
3131	10080	10093	13
3132	10093	10106	13
3133	10106	10119	13
3134	10119	10132	13
3135	10132	10145	13
3136	10145	10158	13
3137	10158	10171	13
3138	10171	10184	13
3139	10184	10197	13
