#
#N Pointing	tstart	tend	Obs time
#		s
1	210	212	2
2	212	214	2
3	214	216	2
4	216	218	2
5	218	220	2
6	220	222	2
7	222	224	2
8	224	226	2
9	226	228	2
10	228	230	2
11	230	232	2
12	232	234	2
13	234	236	2
14	236	238	2
15	238	240	2
16	240	242	2
17	242	244	2
18	244	246	2
19	246	248	2
20	248	250	2
21	250	252	2
22	252	254	2
23	254	256	2
24	256	258	2
25	258	260	2
26	260	262	2
27	262	264	2
28	264	266	2
29	266	268	2
30	268	270	2
31	270	272	2
32	272	274	2
33	274	276	2
34	276	278	2
35	278	280	2
36	280	282	2
37	282	284	2
38	284	286	2
39	286	288	2
40	288	290	2
41	290	292	2
42	292	294	2
43	294	296	2
44	296	298	2
45	298	300	2
46	300	302	2
47	302	304	2
48	304	306	2
49	306	308	2
50	308	310	2
51	310	312	2
52	312	314	2
53	314	316	2
54	316	318	2
55	318	320	2
56	320	322	2
57	322	324	2
58	324	326	2
59	326	328	2
60	328	330	2
61	330	332	2
62	332	334	2
63	334	336	2
64	336	338	2
65	338	340	2
66	340	342	2
67	342	344	2
68	344	346	2
69	346	348	2
70	348	350	2
71	350	352	2
72	352	354	2
73	354	356	2
74	356	358	2
75	358	360	2
76	360	362	2
77	362	364	2
78	364	366	2
79	366	368	2
80	368	370	2
81	370	372	2
82	372	374	2
83	374	376	2
84	376	378	2
85	378	380	2
86	380	382	2
87	382	384	2
88	384	386	2
89	386	388	2
90	388	390	2
91	390	392	2
92	392	394	2
93	394	396	2
94	396	398	2
95	398	400	2
96	400	402	2
97	402	404	2
98	404	406	2
99	406	408	2
100	408	410	2
101	410	412	2
102	412	414	2
103	414	416	2
104	416	418	2
105	418	420	2
106	420	422	2
107	422	424	2
108	424	426	2
109	426	428	2
110	428	430	2
111	430	432	2
112	432	434	2
113	434	436	2
114	436	438	2
115	438	440	2
116	440	442	2
117	442	444	2
118	444	446	2
119	446	448	2
120	448	450	2
121	450	452	2
122	452	454	2
123	454	456	2
124	456	458	2
125	458	460	2
126	460	462	2
127	462	464	2
128	464	466	2
129	466	468	2
130	468	470	2
131	470	472	2
132	472	474	2
133	474	476	2
134	476	478	2
135	478	480	2
136	480	482	2
137	482	484	2
138	484	486	2
139	486	488	2
140	488	490	2
141	490	492	2
142	492	494	2
143	494	496	2
144	496	498	2
145	498	500	2
146	500	502	2
147	502	504	2
148	504	506	2
149	506	508	2
150	508	510	2
151	510	512	2
152	512	514	2
153	514	516	2
154	516	518	2
155	518	520	2
156	520	522	2
157	522	524	2
158	524	526	2
159	526	528	2
160	528	530	2
161	530	532	2
162	532	534	2
163	534	536	2
164	536	538	2
165	538	540	2
166	540	542	2
167	542	544	2
168	544	546	2
169	546	548	2
170	548	550	2
171	550	552	2
172	552	554	2
173	554	556	2
174	556	558	2
175	558	560	2
176	560	562	2
177	562	564	2
178	564	566	2
179	566	568	2
180	568	570	2
181	570	572	2
182	572	574	2
183	574	576	2
184	576	578	2
185	578	580	2
186	580	582	2
187	582	584	2
188	584	586	2
189	586	588	2
190	588	590	2
191	590	592	2
192	592	594	2
193	594	596	2
194	596	598	2
195	598	600	2
196	600	602	2
197	602	604	2
198	604	606	2
199	606	608	2
200	608	610	2
201	610	612	2
202	612	614	2
203	614	616	2
204	616	618	2
205	618	620	2
206	620	622	2
207	622	624	2
208	624	626	2
209	626	628	2
210	628	630	2
211	630	632	2
212	632	634	2
213	634	636	2
214	636	638	2
215	638	640	2
216	640	642	2
217	642	644	2
218	644	646	2
219	646	648	2
220	648	650	2
221	650	652	2
222	652	654	2
223	654	656	2
224	656	658	2
225	658	660	2
226	660	662	2
227	662	664	2
228	664	666	2
229	666	668	2
230	668	670	2
231	670	672	2
232	672	674	2
233	674	676	2
234	676	678	2
235	678	680	2
236	680	682	2
237	682	684	2
238	684	686	2
239	686	688	2
240	688	690	2
241	690	692	2
242	692	694	2
243	694	696	2
244	696	698	2
245	698	700	2
246	700	702	2
247	702	704	2
248	704	706	2
249	706	708	2
250	708	710	2
251	710	712	2
252	712	714	2
253	714	716	2
254	716	718	2
255	718	720	2
256	720	722	2
257	722	724	2
258	724	726	2
259	726	728	2
260	728	730	2
261	730	732	2
262	732	734	2
263	734	736	2
264	736	738	2
265	738	740	2
266	740	742	2
267	742	744	2
268	744	746	2
269	746	748	2
270	748	750	2
271	750	752	2
272	752	754	2
273	754	756	2
274	756	758	2
275	758	760	2
276	760	762	2
277	762	764	2
278	764	766	2
279	766	768	2
280	768	770	2
281	770	772	2
282	772	774	2
283	774	776	2
284	776	778	2
285	778	780	2
286	780	782	2
287	782	784	2
288	784	786	2
289	786	788	2
290	788	790	2
291	790	792	2
292	792	794	2
293	794	796	2
294	796	798	2
295	798	800	2
296	800	802	2
297	802	804	2
298	804	806	2
299	806	808	2
300	808	810	2
301	810	812	2
302	812	814	2
303	814	816	2
304	816	818	2
305	818	820	2
306	820	822	2
307	822	824	2
308	824	826	2
309	826	828	2
310	828	830	2
311	830	832	2
312	832	834	2
313	834	836	2
314	836	838	2
315	838	840	2
316	840	842	2
317	842	844	2
318	844	846	2
319	846	848	2
320	848	850	2
321	850	852	2
322	852	854	2
323	854	856	2
324	856	858	2
325	858	860	2
326	860	862	2
327	862	864	2
328	864	866	2
329	866	868	2
330	868	870	2
331	870	872	2
332	872	874	2
333	874	876	2
334	876	878	2
335	878	880	2
336	880	882	2
337	882	884	2
338	884	886	2
339	886	888	2
340	888	890	2
341	890	892	2
342	892	894	2
343	894	896	2
344	896	898	2
345	898	900	2
346	900	902	2
347	902	904	2
348	904	906	2
349	906	908	2
350	908	910	2
351	910	912	2
352	912	914	2
353	914	916	2
354	916	918	2
355	918	920	2
356	920	922	2
357	922	925	3
358	925	928	3
359	928	931	3
360	931	934	3
361	934	937	3
362	937	940	3
363	940	943	3
364	943	946	3
365	946	949	3
366	949	952	3
367	952	955	3
368	955	958	3
369	958	961	3
370	961	964	3
371	964	967	3
372	967	970	3
373	970	973	3
374	973	976	3
375	976	979	3
376	979	982	3
377	982	985	3
378	985	988	3
379	988	991	3
380	991	994	3
381	994	997	3
382	997	1000	3
383	1000	1003	3
384	1003	1006	3
385	1006	1009	3
386	1009	1012	3
387	1012	1015	3
388	1015	1018	3
389	1018	1021	3
390	1021	1024	3
391	1024	1027	3
392	1027	1030	3
393	1030	1033	3
394	1033	1036	3
395	1036	1039	3
396	1039	1042	3
397	1042	1045	3
398	1045	1048	3
399	1048	1051	3
400	1051	1054	3
401	1054	1057	3
402	1057	1060	3
403	1060	1063	3
404	1063	1066	3
405	1066	1069	3
406	1069	1072	3
407	1072	1075	3
408	1075	1078	3
409	1078	1081	3
410	1081	1084	3
411	1084	1087	3
412	1087	1090	3
413	1090	1093	3
414	1093	1096	3
415	1096	1099	3
416	1099	1102	3
417	1102	1105	3
418	1105	1108	3
419	1108	1111	3
420	1111	1114	3
421	1114	1117	3
422	1117	1120	3
423	1120	1123	3
424	1123	1126	3
425	1126	1129	3
426	1129	1132	3
427	1132	1135	3
428	1135	1138	3
429	1138	1141	3
430	1141	1144	3
431	1144	1147	3
432	1147	1150	3
433	1150	1153	3
434	1153	1156	3
435	1156	1159	3
436	1159	1162	3
437	1162	1165	3
438	1165	1168	3
439	1168	1171	3
440	1171	1174	3
441	1174	1177	3
442	1177	1180	3
443	1180	1183	3
444	1183	1186	3
445	1186	1189	3
446	1189	1192	3
447	1192	1195	3
448	1195	1198	3
449	1198	1201	3
450	1201	1204	3
451	1204	1207	3
452	1207	1210	3
453	1210	1213	3
454	1213	1216	3
455	1216	1219	3
456	1219	1222	3
457	1222	1225	3
458	1225	1228	3
459	1228	1231	3
460	1231	1234	3
461	1234	1237	3
462	1237	1240	3
463	1240	1243	3
464	1243	1246	3
465	1246	1249	3
466	1249	1252	3
467	1252	1255	3
468	1255	1258	3
469	1258	1261	3
470	1261	1264	3
471	1264	1267	3
472	1267	1270	3
473	1270	1273	3
474	1273	1276	3
475	1276	1279	3
476	1279	1282	3
477	1282	1285	3
478	1285	1288	3
479	1288	1291	3
480	1291	1294	3
481	1294	1297	3
482	1297	1300	3
483	1300	1303	3
484	1303	1306	3
485	1306	1309	3
486	1309	1312	3
487	1312	1315	3
488	1315	1318	3
489	1318	1321	3
490	1321	1324	3
491	1324	1327	3
492	1327	1330	3
493	1330	1333	3
494	1333	1336	3
495	1336	1339	3
496	1339	1342	3
497	1342	1345	3
498	1345	1348	3
499	1348	1351	3
500	1351	1354	3
501	1354	1357	3
502	1357	1360	3
503	1360	1363	3
504	1363	1366	3
505	1366	1369	3
506	1369	1372	3
507	1372	1375	3
508	1375	1378	3
509	1378	1381	3
510	1381	1384	3
511	1384	1387	3
512	1387	1390	3
513	1390	1393	3
514	1393	1396	3
515	1396	1399	3
516	1399	1402	3
517	1402	1405	3
518	1405	1408	3
519	1408	1411	3
520	1411	1414	3
521	1414	1417	3
522	1417	1420	3
523	1420	1423	3
524	1423	1426	3
525	1426	1429	3
526	1429	1432	3
527	1432	1435	3
528	1435	1438	3
529	1438	1441	3
530	1441	1444	3
531	1444	1447	3
532	1447	1450	3
533	1450	1453	3
534	1453	1456	3
535	1456	1459	3
536	1459	1462	3
537	1462	1465	3
538	1465	1468	3
539	1468	1471	3
540	1471	1474	3
541	1474	1477	3
542	1477	1480	3
543	1480	1483	3
544	1483	1486	3
545	1486	1489	3
546	1489	1492	3
547	1492	1495	3
548	1495	1498	3
549	1498	1501	3
550	1501	1504	3
551	1504	1507	3
552	1507	1510	3
553	1510	1513	3
554	1513	1516	3
555	1516	1519	3
556	1519	1522	3
557	1522	1525	3
558	1525	1528	3
559	1528	1531	3
560	1531	1534	3
561	1534	1537	3
562	1537	1540	3
563	1540	1543	3
564	1543	1546	3
565	1546	1549	3
566	1549	1552	3
567	1552	1555	3
568	1555	1558	3
569	1558	1561	3
570	1561	1564	3
571	1564	1567	3
572	1567	1570	3
573	1570	1573	3
574	1573	1576	3
575	1576	1579	3
576	1579	1582	3
577	1582	1585	3
578	1585	1589	4
579	1589	1593	4
580	1593	1597	4
581	1597	1601	4
582	1601	1605	4
583	1605	1609	4
584	1609	1613	4
585	1613	1617	4
586	1617	1621	4
587	1621	1625	4
588	1625	1629	4
589	1629	1633	4
590	1633	1637	4
591	1637	1641	4
592	1641	1645	4
593	1645	1649	4
594	1649	1653	4
595	1653	1657	4
596	1657	1661	4
597	1661	1665	4
598	1665	1669	4
599	1669	1673	4
600	1673	1677	4
601	1677	1681	4
602	1681	1685	4
603	1685	1689	4
604	1689	1693	4
605	1693	1697	4
606	1697	1701	4
607	1701	1705	4
608	1705	1709	4
609	1709	1713	4
610	1713	1717	4
611	1717	1721	4
612	1721	1725	4
613	1725	1729	4
614	1729	1733	4
615	1733	1737	4
616	1737	1741	4
617	1741	1745	4
618	1745	1749	4
619	1749	1753	4
620	1753	1757	4
621	1757	1761	4
622	1761	1765	4
623	1765	1769	4
624	1769	1773	4
625	1773	1777	4
626	1777	1781	4
627	1781	1785	4
628	1785	1789	4
629	1789	1793	4
630	1793	1797	4
631	1797	1801	4
632	1801	1805	4
633	1805	1809	4
634	1809	1813	4
635	1813	1817	4
636	1817	1821	4
637	1821	1825	4
638	1825	1829	4
639	1829	1833	4
640	1833	1837	4
641	1837	1841	4
642	1841	1845	4
643	1845	1849	4
644	1849	1853	4
645	1853	1857	4
646	1857	1861	4
647	1861	1865	4
648	1865	1869	4
649	1869	1873	4
650	1873	1877	4
651	1877	1881	4
652	1881	1885	4
653	1885	1889	4
654	1889	1893	4
655	1893	1897	4
656	1897	1901	4
657	1901	1905	4
658	1905	1909	4
659	1909	1913	4
660	1913	1917	4
661	1917	1921	4
662	1921	1925	4
663	1925	1929	4
664	1929	1933	4
665	1933	1937	4
666	1937	1941	4
667	1941	1945	4
668	1945	1949	4
669	1949	1953	4
670	1953	1957	4
671	1957	1961	4
672	1961	1965	4
673	1965	1969	4
674	1969	1973	4
675	1973	1977	4
676	1977	1981	4
677	1981	1985	4
678	1985	1989	4
679	1989	1993	4
680	1993	1997	4
681	1997	2001	4
682	2001	2005	4
683	2005	2009	4
684	2009	2013	4
685	2013	2017	4
686	2017	2021	4
687	2021	2025	4
688	2025	2029	4
689	2029	2033	4
690	2033	2037	4
691	2037	2041	4
692	2041	2045	4
693	2045	2049	4
694	2049	2053	4
695	2053	2057	4
696	2057	2061	4
697	2061	2065	4
698	2065	2069	4
699	2069	2073	4
700	2073	2077	4
701	2077	2081	4
702	2081	2085	4
703	2085	2089	4
704	2089	2093	4
705	2093	2097	4
706	2097	2101	4
707	2101	2105	4
708	2105	2109	4
709	2109	2113	4
710	2113	2117	4
711	2117	2121	4
712	2121	2125	4
713	2125	2129	4
714	2129	2133	4
715	2133	2137	4
716	2137	2141	4
717	2141	2145	4
718	2145	2149	4
719	2149	2153	4
720	2153	2157	4
721	2157	2161	4
722	2161	2165	4
723	2165	2169	4
724	2169	2173	4
725	2173	2177	4
726	2177	2181	4
727	2181	2185	4
728	2185	2189	4
729	2189	2193	4
730	2193	2197	4
731	2197	2201	4
732	2201	2205	4
733	2205	2209	4
734	2209	2213	4
735	2213	2217	4
736	2217	2221	4
737	2221	2226	5
738	2226	2231	5
739	2231	2236	5
740	2236	2241	5
741	2241	2246	5
742	2246	2251	5
743	2251	2256	5
744	2256	2261	5
745	2261	2266	5
746	2266	2271	5
747	2271	2276	5
748	2276	2281	5
749	2281	2286	5
750	2286	2291	5
751	2291	2296	5
752	2296	2301	5
753	2301	2306	5
754	2306	2311	5
755	2311	2316	5
756	2316	2321	5
757	2321	2326	5
758	2326	2331	5
759	2331	2336	5
760	2336	2341	5
761	2341	2346	5
762	2346	2351	5
763	2351	2356	5
764	2356	2361	5
765	2361	2366	5
766	2366	2371	5
767	2371	2376	5
768	2376	2381	5
769	2381	2386	5
770	2386	2391	5
771	2391	2396	5
772	2396	2401	5
773	2401	2406	5
774	2406	2411	5
775	2411	2416	5
776	2416	2421	5
777	2421	2426	5
778	2426	2431	5
779	2431	2436	5
780	2436	2441	5
781	2441	2446	5
782	2446	2451	5
783	2451	2456	5
784	2456	2461	5
785	2461	2466	5
786	2466	2471	5
787	2471	2476	5
788	2476	2481	5
789	2481	2486	5
790	2486	2491	5
791	2491	2496	5
792	2496	2501	5
793	2501	2506	5
794	2506	2511	5
795	2511	2516	5
796	2516	2521	5
797	2521	2526	5
798	2526	2531	5
799	2531	2536	5
800	2536	2541	5
801	2541	2546	5
802	2546	2551	5
803	2551	2556	5
804	2556	2561	5
805	2561	2566	5
806	2566	2571	5
807	2571	2576	5
808	2576	2581	5
809	2581	2586	5
810	2586	2591	5
811	2591	2596	5
812	2596	2601	5
813	2601	2606	5
814	2606	2611	5
815	2611	2616	5
816	2616	2621	5
817	2621	2626	5
818	2626	2631	5
819	2631	2636	5
820	2636	2641	5
821	2641	2646	5
822	2646	2651	5
823	2651	2656	5
824	2656	2661	5
825	2661	2666	5
826	2666	2671	5
827	2671	2676	5
828	2676	2681	5
829	2681	2686	5
830	2686	2691	5
831	2691	2696	5
832	2696	2701	5
833	2701	2706	5
834	2706	2711	5
835	2711	2716	5
836	2716	2721	5
837	2721	2726	5
838	2726	2731	5
839	2731	2736	5
840	2736	2741	5
841	2741	2746	5
842	2746	2751	5
843	2751	2757	6
844	2757	2763	6
845	2763	2769	6
846	2769	2775	6
847	2775	2781	6
848	2781	2787	6
849	2787	2793	6
850	2793	2799	6
851	2799	2805	6
852	2805	2811	6
853	2811	2817	6
854	2817	2823	6
855	2823	2829	6
856	2829	2835	6
857	2835	2841	6
858	2841	2847	6
859	2847	2853	6
860	2853	2859	6
861	2859	2865	6
862	2865	2871	6
863	2871	2877	6
864	2877	2883	6
865	2883	2889	6
866	2889	2895	6
867	2895	2901	6
868	2901	2907	6
869	2907	2913	6
870	2913	2919	6
871	2919	2925	6
872	2925	2931	6
873	2931	2937	6
874	2937	2943	6
875	2943	2949	6
876	2949	2955	6
877	2955	2961	6
878	2961	2967	6
879	2967	2973	6
880	2973	2979	6
881	2979	2985	6
882	2985	2991	6
883	2991	2997	6
884	2997	3003	6
885	3003	3009	6
886	3009	3015	6
887	3015	3021	6
888	3021	3027	6
889	3027	3033	6
890	3033	3039	6
891	3039	3045	6
892	3045	3051	6
893	3051	3057	6
894	3057	3063	6
895	3063	3069	6
896	3069	3075	6
897	3075	3081	6
898	3081	3087	6
899	3087	3093	6
900	3093	3099	6
901	3099	3105	6
902	3105	3111	6
903	3111	3117	6
904	3117	3123	6
905	3123	3129	6
906	3129	3135	6
907	3135	3141	6
908	3141	3147	6
909	3147	3153	6
910	3153	3159	6
911	3159	3165	6
912	3165	3171	6
913	3171	3177	6
914	3177	3183	6
915	3183	3189	6
916	3189	3195	6
917	3195	3202	7
918	3202	3209	7
919	3209	3216	7
920	3216	3223	7
921	3223	3230	7
922	3230	3237	7
923	3237	3244	7
924	3244	3251	7
925	3251	3258	7
926	3258	3265	7
927	3265	3272	7
928	3272	3279	7
929	3279	3286	7
930	3286	3293	7
931	3293	3300	7
932	3300	3307	7
933	3307	3314	7
934	3314	3321	7
935	3321	3328	7
936	3328	3335	7
937	3335	3342	7
938	3342	3349	7
939	3349	3356	7
940	3356	3363	7
941	3363	3370	7
942	3370	3377	7
943	3377	3384	7
944	3384	3391	7
945	3391	3398	7
946	3398	3405	7
947	3405	3412	7
948	3412	3419	7
949	3419	3426	7
950	3426	3433	7
951	3433	3440	7
952	3440	3447	7
953	3447	3454	7
954	3454	3461	7
955	3461	3468	7
956	3468	3475	7
957	3475	3482	7
958	3482	3489	7
959	3489	3496	7
960	3496	3503	7
961	3503	3510	7
962	3510	3517	7
963	3517	3524	7
964	3524	3531	7
965	3531	3538	7
966	3538	3545	7
967	3545	3552	7
968	3552	3559	7
969	3559	3566	7
970	3566	3573	7
971	3573	3580	7
972	3580	3587	7
973	3587	3594	7
974	3594	3601	7
975	3601	3608	7
976	3608	3615	7
977	3615	3622	7
978	3622	3629	7
979	3629	3636	7
980	3636	3643	7
981	3643	3650	7
982	3650	3658	8
983	3658	3666	8
984	3666	3674	8
985	3674	3682	8
986	3682	3690	8
987	3690	3698	8
988	3698	3706	8
989	3706	3714	8
990	3714	3722	8
991	3722	3730	8
992	3730	3738	8
993	3738	3746	8
994	3746	3754	8
995	3754	3762	8
996	3762	3770	8
997	3770	3778	8
998	3778	3786	8
999	3786	3794	8
1000	3794	3802	8
1001	3802	3810	8
1002	3810	3818	8
1003	3818	3826	8
1004	3826	3834	8
1005	3834	3842	8
1006	3842	3850	8
1007	3850	3858	8
1008	3858	3866	8
1009	3866	3874	8
1010	3874	3882	8
1011	3882	3890	8
1012	3890	3898	8
1013	3898	3906	8
1014	3906	3914	8
1015	3914	3922	8
1016	3922	3930	8
1017	3930	3938	8
1018	3938	3946	8
1019	3946	3954	8
1020	3954	3962	8
1021	3962	3970	8
1022	3970	3978	8
1023	3978	3986	8
1024	3986	3994	8
1025	3994	4003	9
1026	4003	4012	9
1027	4012	4021	9
1028	4021	4030	9
1029	4030	4039	9
1030	4039	4048	9
1031	4048	4057	9
1032	4057	4066	9
1033	4066	4075	9
1034	4075	4084	9
1035	4084	4093	9
1036	4093	4102	9
1037	4102	4111	9
1038	4111	4120	9
1039	4120	4129	9
1040	4129	4138	9
1041	4138	4147	9
1042	4147	4156	9
1043	4156	4165	9
1044	4165	4174	9
1045	4174	4183	9
1046	4183	4192	9
1047	4192	4201	9
1048	4201	4210	9
1049	4210	4219	9
1050	4219	4228	9
1051	4228	4237	9
1052	4237	4246	9
1053	4246	4255	9
1054	4255	4264	9
1055	4264	4273	9
1056	4273	4282	9
1057	4282	4291	9
1058	4291	4300	9
1059	4300	4309	9
1060	4309	4318	9
1061	4318	4328	10
1062	4328	4338	10
1063	4338	4348	10
1064	4348	4358	10
1065	4358	4368	10
1066	4368	4378	10
1067	4378	4388	10
1068	4388	4398	10
1069	4398	4408	10
1070	4408	4418	10
1071	4418	4428	10
1072	4428	4438	10
1073	4438	4448	10
1074	4448	4458	10
1075	4458	4468	10
1076	4468	4478	10
1077	4478	4488	10
1078	4488	4498	10
1079	4498	4508	10
1080	4508	4518	10
1081	4518	4528	10
1082	4528	4538	10
1083	4538	4548	10
1084	4548	4558	10
1085	4558	4568	10
1086	4568	4578	10
1087	4578	4589	11
1088	4589	4600	11
1089	4600	4611	11
1090	4611	4622	11
1091	4622	4633	11
1092	4633	4644	11
1093	4644	4655	11
1094	4655	4666	11
1095	4666	4677	11
1096	4677	4688	11
1097	4688	4699	11
1098	4699	4710	11
1099	4710	4721	11
1100	4721	4732	11
1101	4732	4743	11
1102	4743	4754	11
1103	4754	4765	11
1104	4765	4776	11
1105	4776	4787	11
1106	4787	4798	11
1107	4798	4810	12
1108	4810	4822	12
1109	4822	4834	12
1110	4834	4846	12
1111	4846	4858	12
1112	4858	4870	12
1113	4870	4882	12
1114	4882	4894	12
1115	4894	4906	12
1116	4906	4918	12
1117	4918	4930	12
1118	4930	4942	12
1119	4942	4954	12
1120	4954	4966	12
1121	4966	4978	12
1122	4978	4991	13
1123	4991	5004	13
1124	5004	5017	13
1125	5017	5030	13
1126	5030	5043	13
1127	5043	5056	13
1128	5056	5069	13
1129	5069	5082	13
1130	5082	5095	13
1131	5095	5108	13
1132	5108	5121	13
1133	5121	5134	13
1134	5134	5147	13
1135	5147	5160	13
1136	5160	5173	13
1137	5173	5186	13
1138	5186	5199	13
1139	5199	5212	13
1140	5212	5225	13
1141	5225	5238	13
1142	5238	5251	13
1143	5251	5264	13
1144	5264	5277	13
1145	5277	5291	14
1146	5291	5305	14
1147	5305	5319	14
1148	5319	5333	14
1149	5333	5347	14
1150	5347	5361	14
1151	5361	5375	14
1152	5375	5389	14
1153	5389	5403	14
1154	5403	5417	14
1155	5417	5431	14
1156	5431	5445	14
1157	5445	5459	14
1158	5459	5473	14
1159	5473	5487	14
1160	5487	5501	14
1161	5501	5515	14
1162	5515	5529	14
1163	5529	5543	14
1164	5543	5557	14
1165	5557	5571	14
1166	5571	5586	15
1167	5586	5601	15
1168	5601	5616	15
1169	5616	5631	15
1170	5631	5646	15
1171	5646	5661	15
1172	5661	5676	15
1173	5676	5691	15
1174	5691	5706	15
1175	5706	5721	15
1176	5721	5736	15
1177	5736	5751	15
1178	5751	5766	15
1179	5766	5781	15
1180	5781	5796	15
1181	5796	5811	15
1182	5811	5826	15
1183	5826	5842	16
1184	5842	5858	16
1185	5858	5874	16
1186	5874	5890	16
1187	5890	5906	16
1188	5906	5922	16
1189	5922	5938	16
1190	5938	5954	16
1191	5954	5970	16
1192	5970	5986	16
1193	5986	6002	16
1194	6002	6018	16
1195	6018	6034	16
1196	6034	6050	16
1197	6050	6067	17
1198	6067	6084	17
1199	6084	6101	17
1200	6101	6118	17
1201	6118	6135	17
1202	6135	6152	17
1203	6152	6169	17
1204	6169	6186	17
1205	6186	6203	17
1206	6203	6220	17
1207	6220	6237	17
1208	6237	6254	17
1209	6254	6272	18
1210	6272	6290	18
1211	6290	6308	18
1212	6308	6326	18
1213	6326	6344	18
1214	6344	6362	18
1215	6362	6380	18
1216	6380	6398	18
1217	6398	6416	18
1218	6416	6434	18
1219	6434	6452	18
1220	6452	6470	18
1221	6470	6488	18
1222	6488	6506	18
1223	6506	6524	18
1224	6524	6543	19
1225	6543	6562	19
1226	6562	6581	19
1227	6581	6600	19
1228	6600	6619	19
1229	6619	6638	19
1230	6638	6657	19
1231	6657	6676	19
1232	6676	6695	19
1233	6695	6714	19
1234	6714	6733	19
1235	6733	6752	19
1236	6752	6771	19
1237	6771	6791	20
1238	6791	6811	20
1239	6811	6831	20
1240	6831	6851	20
1241	6851	6871	20
1242	6871	6891	20
1243	6891	6911	20
1244	6911	6931	20
1245	6931	6951	20
1246	6951	6971	20
1247	6971	6991	20
1248	6991	7011	20
1249	7011	7032	21
1250	7032	7053	21
1251	7053	7074	21
1252	7074	7095	21
1253	7095	7116	21
1254	7116	7137	21
1255	7137	7158	21
1256	7158	7179	21
1257	7179	7200	21
1258	7200	7221	21
1259	7221	7243	22
1260	7243	7265	22
1261	7265	7287	22
1262	7287	7309	22
1263	7309	7331	22
1264	7331	7353	22
1265	7353	7375	22
1266	7375	7397	22
1267	7397	7419	22
1268	7419	7442	23
1269	7442	7465	23
1270	7465	7488	23
1271	7488	7511	23
1272	7511	7534	23
1273	7534	7557	23
1274	7557	7580	23
1275	7580	7603	23
1276	7603	7627	24
1277	7627	7651	24
1278	7651	7675	24
1279	7675	7699	24
1280	7699	7723	24
1281	7723	7747	24
1282	7747	7771	24
1283	7771	7795	24
1284	7795	7820	25
1285	7820	7845	25
1286	7845	7870	25
1287	7870	7895	25
1288	7895	7920	25
1289	7920	7945	25
1290	7945	7971	26
1291	7971	7997	26
1292	7997	8023	26
1293	8023	8049	26
1294	8049	8075	26
1295	8075	8101	26
1296	8101	8127	26
1297	8127	8153	26
1298	8153	8179	26
1299	8179	8206	27
1300	8206	8233	27
1301	8233	8260	27
1302	8260	8287	27
1303	8287	8314	27
1304	8314	8341	27
1305	8341	8368	27
1306	8368	8395	27
1307	8395	8423	28
1308	8423	8451	28
1309	8451	8479	28
1310	8479	8507	28
1311	8507	8535	28
1312	8535	8563	28
1313	8563	8591	28
1314	8591	8620	29
1315	8620	8649	29
1316	8649	8678	29
1317	8678	8707	29
1318	8707	8736	29
1319	8736	8765	29
1320	8765	8794	29
1321	8794	8824	30
1322	8824	8854	30
1323	8854	8884	30
1324	8884	8914	30
1325	8914	8944	30
1326	8944	8974	30
1327	8974	9005	31
1328	9005	9036	31
1329	9036	9067	31
1330	9067	9098	31
1331	9098	9129	31
1332	9129	9160	31
1333	9160	9192	32
1334	9192	9224	32
1335	9224	9256	32
1336	9256	9288	32
1337	9288	9320	32
1338	9320	9353	33
1339	9353	9386	33
1340	9386	9419	33
1341	9419	9452	33
1342	9452	9486	34
1343	9486	9520	34
1344	9520	9554	34
1345	9554	9588	34
1346	9588	9622	34
1347	9622	9657	35
1348	9657	9692	35
1349	9692	9727	35
1350	9727	9762	35
1351	9762	9798	36
1352	9798	9834	36
1353	9834	9870	36
1354	9870	9907	37
1355	9907	9944	37
1356	9944	9981	37
1357	9981	10018	37
1358	10018	10056	38
1359	10056	10094	38
1360	10094	10132	38
1361	10132	10170	38
1362	10170	10208	38
