#
#N Pointing	tstart	tend	Obs time
#		s
1	210	211	1
2	211	212	1
3	212	213	1
4	213	214	1
5	214	215	1
6	215	216	1
7	216	217	1
8	217	218	1
9	218	219	1
10	219	220	1
11	220	221	1
12	221	222	1
13	222	223	1
14	223	224	1
15	224	225	1
16	225	226	1
17	226	227	1
18	227	228	1
19	228	229	1
20	229	230	1
21	230	231	1
22	231	232	1
23	232	233	1
24	233	234	1
25	234	235	1
26	235	236	1
27	236	237	1
28	237	238	1
29	238	239	1
30	239	240	1
31	240	241	1
32	241	242	1
33	242	243	1
34	243	244	1
35	244	245	1
36	245	246	1
37	246	247	1
38	247	248	1
39	248	249	1
40	249	250	1
41	250	251	1
42	251	252	1
43	252	253	1
44	253	254	1
45	254	255	1
46	255	256	1
47	256	257	1
48	257	258	1
49	258	259	1
50	259	260	1
51	260	261	1
52	261	262	1
53	262	263	1
54	263	264	1
55	264	265	1
56	265	266	1
57	266	267	1
58	267	268	1
59	268	269	1
60	269	270	1
61	270	271	1
62	271	272	1
63	272	273	1
64	273	274	1
65	274	275	1
66	275	276	1
67	276	277	1
68	277	278	1
69	278	279	1
70	279	280	1
71	280	281	1
72	281	282	1
73	282	283	1
74	283	284	1
75	284	285	1
76	285	286	1
77	286	287	1
78	287	288	1
79	288	289	1
80	289	290	1
81	290	291	1
82	291	292	1
83	292	293	1
84	293	294	1
85	294	295	1
86	295	296	1
87	296	297	1
88	297	298	1
89	298	299	1
90	299	300	1
91	300	301	1
92	301	302	1
93	302	303	1
94	303	304	1
95	304	305	1
96	305	306	1
97	306	307	1
98	307	308	1
99	308	309	1
100	309	310	1
101	310	311	1
102	311	312	1
103	312	313	1
104	313	314	1
105	314	315	1
106	315	316	1
107	316	317	1
108	317	318	1
109	318	319	1
110	319	320	1
111	320	321	1
112	321	322	1
113	322	323	1
114	323	324	1
115	324	325	1
116	325	326	1
117	326	327	1
118	327	328	1
119	328	329	1
120	329	330	1
121	330	331	1
122	331	332	1
123	332	333	1
124	333	334	1
125	334	335	1
126	335	336	1
127	336	337	1
128	337	338	1
129	338	339	1
130	339	340	1
131	340	341	1
132	341	342	1
133	342	343	1
134	343	344	1
135	344	345	1
136	345	346	1
137	346	347	1
138	347	348	1
139	348	349	1
140	349	350	1
141	350	351	1
142	351	352	1
143	352	353	1
144	353	354	1
145	354	355	1
146	355	356	1
147	356	357	1
148	357	358	1
149	358	359	1
150	359	360	1
151	360	361	1
152	361	362	1
153	362	363	1
154	363	364	1
155	364	365	1
156	365	366	1
157	366	367	1
158	367	368	1
159	368	369	1
160	369	370	1
161	370	371	1
162	371	372	1
163	372	373	1
164	373	374	1
165	374	375	1
166	375	376	1
167	376	377	1
168	377	378	1
169	378	379	1
170	379	380	1
171	380	381	1
172	381	382	1
173	382	383	1
174	383	384	1
175	384	385	1
176	385	386	1
177	386	387	1
178	387	388	1
179	388	389	1
180	389	390	1
181	390	391	1
182	391	392	1
183	392	393	1
184	393	394	1
185	394	395	1
186	395	396	1
187	396	397	1
188	397	398	1
189	398	399	1
190	399	400	1
191	400	401	1
192	401	402	1
193	402	403	1
194	403	404	1
195	404	405	1
196	405	406	1
197	406	407	1
198	407	408	1
199	408	409	1
200	409	410	1
201	410	411	1
202	411	412	1
203	412	413	1
204	413	414	1
205	414	415	1
206	415	416	1
207	416	417	1
208	417	418	1
209	418	419	1
210	419	420	1
211	420	421	1
212	421	422	1
213	422	423	1
214	423	424	1
215	424	425	1
216	425	426	1
217	426	427	1
218	427	428	1
219	428	429	1
220	429	430	1
221	430	431	1
222	431	432	1
223	432	433	1
224	433	434	1
225	434	435	1
226	435	436	1
227	436	437	1
228	437	438	1
229	438	439	1
230	439	440	1
231	440	441	1
232	441	442	1
233	442	443	1
234	443	444	1
235	444	445	1
236	445	446	1
237	446	447	1
238	447	448	1
239	448	449	1
240	449	450	1
241	450	451	1
242	451	452	1
243	452	453	1
244	453	454	1
245	454	455	1
246	455	456	1
247	456	457	1
248	457	458	1
249	458	459	1
250	459	460	1
251	460	461	1
252	461	462	1
253	462	463	1
254	463	464	1
255	464	465	1
256	465	466	1
257	466	467	1
258	467	468	1
259	468	469	1
260	469	470	1
261	470	471	1
262	471	472	1
263	472	473	1
264	473	474	1
265	474	475	1
266	475	476	1
267	476	477	1
268	477	478	1
269	478	479	1
270	479	480	1
271	480	481	1
272	481	482	1
273	482	483	1
274	483	484	1
275	484	485	1
276	485	486	1
277	486	487	1
278	487	488	1
279	488	489	1
280	489	490	1
281	490	491	1
282	491	492	1
283	492	493	1
284	493	494	1
285	494	495	1
286	495	496	1
287	496	497	1
288	497	498	1
289	498	499	1
290	499	500	1
291	500	501	1
292	501	502	1
293	502	503	1
294	503	504	1
295	504	505	1
296	505	506	1
297	506	507	1
298	507	508	1
299	508	509	1
300	509	510	1
301	510	511	1
302	511	512	1
303	512	513	1
304	513	514	1
305	514	515	1
306	515	516	1
307	516	517	1
308	517	518	1
309	518	519	1
310	519	520	1
311	520	521	1
312	521	522	1
313	522	523	1
314	523	524	1
315	524	525	1
316	525	526	1
317	526	527	1
318	527	528	1
319	528	529	1
320	529	530	1
321	530	531	1
322	531	532	1
323	532	533	1
324	533	534	1
325	534	535	1
326	535	536	1
327	536	537	1
328	537	538	1
329	538	539	1
330	539	540	1
331	540	541	1
332	541	542	1
333	542	543	1
334	543	544	1
335	544	545	1
336	545	546	1
337	546	547	1
338	547	548	1
339	548	549	1
340	549	550	1
341	550	551	1
342	551	552	1
343	552	553	1
344	553	554	1
345	554	555	1
346	555	556	1
347	556	557	1
348	557	558	1
349	558	559	1
350	559	560	1
351	560	561	1
352	561	562	1
353	562	563	1
354	563	564	1
355	564	565	1
356	565	566	1
357	566	567	1
358	567	568	1
359	568	569	1
360	569	570	1
361	570	571	1
362	571	572	1
363	572	573	1
364	573	574	1
365	574	575	1
366	575	576	1
367	576	577	1
368	577	578	1
369	578	579	1
370	579	580	1
371	580	581	1
372	581	582	1
373	582	583	1
374	583	584	1
375	584	585	1
376	585	586	1
377	586	587	1
378	587	588	1
379	588	589	1
380	589	590	1
381	590	591	1
382	591	592	1
383	592	593	1
384	593	594	1
385	594	595	1
386	595	596	1
387	596	597	1
388	597	598	1
389	598	599	1
390	599	600	1
391	600	601	1
392	601	602	1
393	602	603	1
394	603	604	1
395	604	605	1
396	605	606	1
397	606	607	1
398	607	608	1
399	608	609	1
400	609	610	1
401	610	611	1
402	611	612	1
403	612	613	1
404	613	614	1
405	614	615	1
406	615	616	1
407	616	617	1
408	617	618	1
409	618	619	1
410	619	620	1
411	620	621	1
412	621	622	1
413	622	623	1
414	623	624	1
415	624	625	1
416	625	626	1
417	626	627	1
418	627	628	1
419	628	629	1
420	629	630	1
421	630	631	1
422	631	632	1
423	632	633	1
424	633	634	1
425	634	635	1
426	635	636	1
427	636	637	1
428	637	638	1
429	638	639	1
430	639	640	1
431	640	641	1
432	641	642	1
433	642	643	1
434	643	644	1
435	644	645	1
436	645	646	1
437	646	647	1
438	647	648	1
439	648	649	1
440	649	650	1
441	650	651	1
442	651	652	1
443	652	653	1
444	653	654	1
445	654	655	1
446	655	656	1
447	656	657	1
448	657	658	1
449	658	659	1
450	659	660	1
451	660	661	1
452	661	662	1
453	662	663	1
454	663	664	1
455	664	665	1
456	665	666	1
457	666	667	1
458	667	668	1
459	668	669	1
460	669	670	1
461	670	671	1
462	671	672	1
463	672	673	1
464	673	674	1
465	674	675	1
466	675	676	1
467	676	677	1
468	677	678	1
469	678	679	1
470	679	680	1
471	680	681	1
472	681	682	1
473	682	683	1
474	683	684	1
475	684	685	1
476	685	686	1
477	686	687	1
478	687	688	1
479	688	689	1
480	689	690	1
481	690	691	1
482	691	692	1
483	692	693	1
484	693	694	1
485	694	695	1
486	695	696	1
487	696	697	1
488	697	698	1
489	698	699	1
490	699	700	1
491	700	701	1
492	701	702	1
493	702	703	1
494	703	704	1
495	704	705	1
496	705	706	1
497	706	707	1
498	707	708	1
499	708	709	1
500	709	710	1
501	710	711	1
502	711	712	1
503	712	713	1
504	713	714	1
505	714	715	1
506	715	716	1
507	716	717	1
508	717	718	1
509	718	719	1
510	719	720	1
511	720	721	1
512	721	722	1
513	722	723	1
514	723	724	1
515	724	725	1
516	725	726	1
517	726	727	1
518	727	728	1
519	728	729	1
520	729	730	1
521	730	731	1
522	731	732	1
523	732	733	1
524	733	734	1
525	734	735	1
526	735	736	1
527	736	737	1
528	737	738	1
529	738	739	1
530	739	740	1
531	740	741	1
532	741	742	1
533	742	743	1
534	743	744	1
535	744	745	1
536	745	746	1
537	746	747	1
538	747	748	1
539	748	749	1
540	749	750	1
541	750	751	1
542	751	752	1
543	752	753	1
544	753	754	1
545	754	755	1
546	755	756	1
547	756	757	1
548	757	758	1
549	758	759	1
550	759	760	1
551	760	761	1
552	761	762	1
553	762	763	1
554	763	764	1
555	764	765	1
556	765	766	1
557	766	767	1
558	767	768	1
559	768	769	1
560	769	770	1
561	770	771	1
562	771	772	1
563	772	773	1
564	773	774	1
565	774	775	1
566	775	776	1
567	776	777	1
568	777	778	1
569	778	779	1
570	779	780	1
571	780	781	1
572	781	782	1
573	782	783	1
574	783	784	1
575	784	785	1
576	785	786	1
577	786	787	1
578	787	788	1
579	788	789	1
580	789	790	1
581	790	791	1
582	791	792	1
583	792	793	1
584	793	794	1
585	794	795	1
586	795	796	1
587	796	797	1
588	797	798	1
589	798	799	1
590	799	800	1
591	800	801	1
592	801	802	1
593	802	803	1
594	803	804	1
595	804	805	1
596	805	806	1
597	806	807	1
598	807	808	1
599	808	809	1
600	809	810	1
601	810	811	1
602	811	812	1
603	812	813	1
604	813	814	1
605	814	815	1
606	815	816	1
607	816	817	1
608	817	818	1
609	818	819	1
610	819	820	1
611	820	821	1
612	821	822	1
613	822	823	1
614	823	824	1
615	824	825	1
616	825	826	1
617	826	827	1
618	827	828	1
619	828	829	1
620	829	830	1
621	830	831	1
622	831	832	1
623	832	833	1
624	833	834	1
625	834	835	1
626	835	836	1
627	836	837	1
628	837	838	1
629	838	839	1
630	839	840	1
631	840	841	1
632	841	842	1
633	842	843	1
634	843	844	1
635	844	845	1
636	845	846	1
637	846	847	1
638	847	848	1
639	848	849	1
640	849	850	1
641	850	851	1
642	851	852	1
643	852	853	1
644	853	854	1
645	854	855	1
646	855	856	1
647	856	857	1
648	857	858	1
649	858	859	1
650	859	860	1
651	860	861	1
652	861	862	1
653	862	863	1
654	863	864	1
655	864	865	1
656	865	866	1
657	866	867	1
658	867	868	1
659	868	869	1
660	869	870	1
661	870	871	1
662	871	872	1
663	872	873	1
664	873	874	1
665	874	875	1
666	875	876	1
667	876	877	1
668	877	878	1
669	878	879	1
670	879	880	1
671	880	881	1
672	881	882	1
673	882	883	1
674	883	884	1
675	884	885	1
676	885	886	1
677	886	887	1
678	887	888	1
679	888	889	1
680	889	890	1
681	890	891	1
682	891	892	1
683	892	893	1
684	893	894	1
685	894	895	1
686	895	896	1
687	896	897	1
688	897	898	1
689	898	899	1
690	899	900	1
691	900	901	1
692	901	902	1
693	902	903	1
694	903	904	1
695	904	905	1
696	905	906	1
697	906	907	1
698	907	908	1
699	908	909	1
700	909	910	1
701	910	911	1
702	911	912	1
703	912	913	1
704	913	914	1
705	914	915	1
706	915	916	1
707	916	917	1
708	917	918	1
709	918	919	1
710	919	920	1
711	920	921	1
712	921	922	1
713	922	923	1
714	923	924	1
715	924	925	1
716	925	926	1
717	926	927	1
718	927	928	1
719	928	929	1
720	929	930	1
721	930	931	1
722	931	932	1
723	932	933	1
724	933	934	1
725	934	935	1
726	935	936	1
727	936	937	1
728	937	938	1
729	938	939	1
730	939	940	1
731	940	941	1
732	941	942	1
733	942	943	1
734	943	944	1
735	944	945	1
736	945	946	1
737	946	947	1
738	947	948	1
739	948	949	1
740	949	950	1
741	950	951	1
742	951	952	1
743	952	953	1
744	953	954	1
745	954	955	1
746	955	956	1
747	956	957	1
748	957	958	1
749	958	959	1
750	959	960	1
751	960	961	1
752	961	962	1
753	962	963	1
754	963	964	1
755	964	965	1
756	965	966	1
757	966	967	1
758	967	968	1
759	968	969	1
760	969	970	1
761	970	971	1
762	971	972	1
763	972	973	1
764	973	974	1
765	974	975	1
766	975	976	1
767	976	977	1
768	977	978	1
769	978	979	1
770	979	980	1
771	980	981	1
772	981	982	1
773	982	983	1
774	983	984	1
775	984	985	1
776	985	986	1
777	986	987	1
778	987	988	1
779	988	989	1
780	989	990	1
781	990	991	1
782	991	992	1
783	992	993	1
784	993	994	1
785	994	995	1
786	995	996	1
787	996	997	1
788	997	998	1
789	998	999	1
790	999	1000	1
791	1000	1001	1
792	1001	1002	1
793	1002	1003	1
794	1003	1004	1
795	1004	1005	1
796	1005	1006	1
797	1006	1007	1
798	1007	1008	1
799	1008	1009	1
800	1009	1010	1
801	1010	1011	1
802	1011	1012	1
803	1012	1013	1
804	1013	1014	1
805	1014	1015	1
806	1015	1016	1
807	1016	1017	1
808	1017	1018	1
809	1018	1019	1
810	1019	1020	1
811	1020	1021	1
812	1021	1022	1
813	1022	1023	1
814	1023	1024	1
815	1024	1025	1
816	1025	1026	1
817	1026	1027	1
818	1027	1028	1
819	1028	1029	1
820	1029	1030	1
821	1030	1031	1
822	1031	1032	1
823	1032	1033	1
824	1033	1034	1
825	1034	1035	1
826	1035	1036	1
827	1036	1037	1
828	1037	1038	1
829	1038	1039	1
830	1039	1040	1
831	1040	1041	1
832	1041	1042	1
833	1042	1043	1
834	1043	1044	1
835	1044	1045	1
836	1045	1046	1
837	1046	1047	1
838	1047	1048	1
839	1048	1049	1
840	1049	1050	1
841	1050	1051	1
842	1051	1052	1
843	1052	1053	1
844	1053	1054	1
845	1054	1055	1
846	1055	1056	1
847	1056	1057	1
848	1057	1058	1
849	1058	1059	1
850	1059	1060	1
851	1060	1061	1
852	1061	1062	1
853	1062	1063	1
854	1063	1064	1
855	1064	1065	1
856	1065	1066	1
857	1066	1067	1
858	1067	1068	1
859	1068	1069	1
860	1069	1070	1
861	1070	1071	1
862	1071	1072	1
863	1072	1073	1
864	1073	1074	1
865	1074	1075	1
866	1075	1076	1
867	1076	1077	1
868	1077	1078	1
869	1078	1079	1
870	1079	1080	1
871	1080	1081	1
872	1081	1082	1
873	1082	1083	1
874	1083	1084	1
875	1084	1085	1
876	1085	1086	1
877	1086	1087	1
878	1087	1088	1
879	1088	1089	1
880	1089	1090	1
881	1090	1091	1
882	1091	1092	1
883	1092	1093	1
884	1093	1094	1
885	1094	1095	1
886	1095	1096	1
887	1096	1097	1
888	1097	1098	1
889	1098	1099	1
890	1099	1100	1
891	1100	1101	1
892	1101	1102	1
893	1102	1103	1
894	1103	1104	1
895	1104	1105	1
896	1105	1106	1
897	1106	1107	1
898	1107	1108	1
899	1108	1109	1
900	1109	1110	1
901	1110	1111	1
902	1111	1112	1
903	1112	1113	1
904	1113	1114	1
905	1114	1115	1
906	1115	1116	1
907	1116	1117	1
908	1117	1118	1
909	1118	1119	1
910	1119	1120	1
911	1120	1121	1
912	1121	1122	1
913	1122	1123	1
914	1123	1124	1
915	1124	1125	1
916	1125	1126	1
917	1126	1127	1
918	1127	1128	1
919	1128	1129	1
920	1129	1130	1
921	1130	1131	1
922	1131	1132	1
923	1132	1133	1
924	1133	1134	1
925	1134	1135	1
926	1135	1136	1
927	1136	1137	1
928	1137	1138	1
929	1138	1139	1
930	1139	1140	1
931	1140	1141	1
932	1141	1142	1
933	1142	1143	1
934	1143	1144	1
935	1144	1145	1
936	1145	1146	1
937	1146	1147	1
938	1147	1148	1
939	1148	1149	1
940	1149	1150	1
941	1150	1151	1
942	1151	1152	1
943	1152	1153	1
944	1153	1154	1
945	1154	1155	1
946	1155	1156	1
947	1156	1157	1
948	1157	1158	1
949	1158	1159	1
950	1159	1160	1
951	1160	1161	1
952	1161	1162	1
953	1162	1163	1
954	1163	1164	1
955	1164	1165	1
956	1165	1166	1
957	1166	1167	1
958	1167	1168	1
959	1168	1169	1
960	1169	1170	1
961	1170	1171	1
962	1171	1172	1
963	1172	1173	1
964	1173	1174	1
965	1174	1175	1
966	1175	1176	1
967	1176	1177	1
968	1177	1178	1
969	1178	1179	1
970	1179	1180	1
971	1180	1181	1
972	1181	1182	1
973	1182	1183	1
974	1183	1184	1
975	1184	1185	1
976	1185	1186	1
977	1186	1187	1
978	1187	1188	1
979	1188	1189	1
980	1189	1190	1
981	1190	1191	1
982	1191	1192	1
983	1192	1193	1
984	1193	1194	1
985	1194	1195	1
986	1195	1196	1
987	1196	1197	1
988	1197	1198	1
989	1198	1199	1
990	1199	1200	1
991	1200	1201	1
992	1201	1202	1
993	1202	1203	1
994	1203	1204	1
995	1204	1205	1
996	1205	1206	1
997	1206	1207	1
998	1207	1208	1
999	1208	1209	1
1000	1209	1210	1
1001	1210	1211	1
1002	1211	1212	1
1003	1212	1213	1
1004	1213	1214	1
1005	1214	1215	1
1006	1215	1216	1
1007	1216	1217	1
1008	1217	1218	1
1009	1218	1219	1
1010	1219	1220	1
1011	1220	1221	1
1012	1221	1222	1
1013	1222	1223	1
1014	1223	1224	1
1015	1224	1225	1
1016	1225	1226	1
1017	1226	1227	1
1018	1227	1228	1
1019	1228	1229	1
1020	1229	1230	1
1021	1230	1231	1
1022	1231	1232	1
1023	1232	1233	1
1024	1233	1234	1
1025	1234	1235	1
1026	1235	1236	1
1027	1236	1237	1
1028	1237	1238	1
1029	1238	1239	1
1030	1239	1240	1
1031	1240	1241	1
1032	1241	1242	1
1033	1242	1243	1
1034	1243	1244	1
1035	1244	1245	1
1036	1245	1246	1
1037	1246	1247	1
1038	1247	1248	1
1039	1248	1249	1
1040	1249	1250	1
1041	1250	1251	1
1042	1251	1252	1
1043	1252	1253	1
1044	1253	1254	1
1045	1254	1255	1
1046	1255	1256	1
1047	1256	1257	1
1048	1257	1258	1
1049	1258	1259	1
1050	1259	1260	1
1051	1260	1261	1
1052	1261	1262	1
1053	1262	1263	1
1054	1263	1264	1
1055	1264	1265	1
1056	1265	1266	1
1057	1266	1267	1
1058	1267	1268	1
1059	1268	1269	1
1060	1269	1270	1
1061	1270	1271	1
1062	1271	1272	1
1063	1272	1273	1
1064	1273	1274	1
1065	1274	1275	1
1066	1275	1276	1
1067	1276	1277	1
1068	1277	1278	1
1069	1278	1279	1
1070	1279	1280	1
1071	1280	1281	1
1072	1281	1282	1
1073	1282	1283	1
1074	1283	1284	1
1075	1284	1285	1
1076	1285	1286	1
1077	1286	1287	1
1078	1287	1288	1
1079	1288	1289	1
1080	1289	1290	1
1081	1290	1291	1
1082	1291	1292	1
1083	1292	1293	1
1084	1293	1294	1
1085	1294	1295	1
1086	1295	1296	1
1087	1296	1297	1
1088	1297	1298	1
1089	1298	1299	1
1090	1299	1300	1
1091	1300	1301	1
1092	1301	1302	1
1093	1302	1303	1
1094	1303	1304	1
1095	1304	1305	1
1096	1305	1306	1
1097	1306	1307	1
1098	1307	1308	1
1099	1308	1309	1
1100	1309	1310	1
1101	1310	1311	1
1102	1311	1312	1
1103	1312	1313	1
1104	1313	1314	1
1105	1314	1315	1
1106	1315	1316	1
1107	1316	1317	1
1108	1317	1318	1
1109	1318	1319	1
1110	1319	1320	1
1111	1320	1321	1
1112	1321	1322	1
1113	1322	1323	1
1114	1323	1324	1
1115	1324	1325	1
1116	1325	1326	1
1117	1326	1327	1
1118	1327	1328	1
1119	1328	1329	1
1120	1329	1330	1
1121	1330	1331	1
1122	1331	1332	1
1123	1332	1333	1
1124	1333	1334	1
1125	1334	1335	1
1126	1335	1336	1
1127	1336	1337	1
1128	1337	1338	1
1129	1338	1339	1
1130	1339	1340	1
1131	1340	1341	1
1132	1341	1342	1
1133	1342	1343	1
1134	1343	1344	1
1135	1344	1345	1
1136	1345	1346	1
1137	1346	1347	1
1138	1347	1348	1
1139	1348	1349	1
1140	1349	1350	1
1141	1350	1351	1
1142	1351	1352	1
1143	1352	1353	1
1144	1353	1354	1
1145	1354	1355	1
1146	1355	1356	1
1147	1356	1357	1
1148	1357	1358	1
1149	1358	1359	1
1150	1359	1360	1
1151	1360	1361	1
1152	1361	1362	1
1153	1362	1363	1
1154	1363	1364	1
1155	1364	1365	1
1156	1365	1366	1
1157	1366	1367	1
1158	1367	1368	1
1159	1368	1369	1
1160	1369	1370	1
1161	1370	1371	1
1162	1371	1372	1
1163	1372	1373	1
1164	1373	1374	1
1165	1374	1375	1
1166	1375	1376	1
1167	1376	1377	1
1168	1377	1378	1
1169	1378	1379	1
1170	1379	1380	1
1171	1380	1381	1
1172	1381	1382	1
1173	1382	1383	1
1174	1383	1384	1
1175	1384	1385	1
1176	1385	1386	1
1177	1386	1387	1
1178	1387	1388	1
1179	1388	1389	1
1180	1389	1390	1
1181	1390	1391	1
1182	1391	1392	1
1183	1392	1393	1
1184	1393	1394	1
1185	1394	1395	1
1186	1395	1396	1
1187	1396	1397	1
1188	1397	1398	1
1189	1398	1399	1
1190	1399	1400	1
1191	1400	1401	1
1192	1401	1402	1
1193	1402	1403	1
1194	1403	1404	1
1195	1404	1405	1
1196	1405	1406	1
1197	1406	1407	1
1198	1407	1408	1
1199	1408	1409	1
1200	1409	1410	1
1201	1410	1411	1
1202	1411	1412	1
1203	1412	1413	1
1204	1413	1414	1
1205	1414	1415	1
1206	1415	1416	1
1207	1416	1417	1
1208	1417	1418	1
1209	1418	1419	1
1210	1419	1420	1
1211	1420	1421	1
1212	1421	1422	1
1213	1422	1423	1
1214	1423	1424	1
1215	1424	1425	1
1216	1425	1426	1
1217	1426	1427	1
1218	1427	1428	1
1219	1428	1429	1
1220	1429	1430	1
1221	1430	1431	1
1222	1431	1432	1
1223	1432	1433	1
1224	1433	1434	1
1225	1434	1435	1
1226	1435	1436	1
1227	1436	1437	1
1228	1437	1438	1
1229	1438	1439	1
1230	1439	1440	1
1231	1440	1441	1
1232	1441	1442	1
1233	1442	1443	1
1234	1443	1444	1
1235	1444	1445	1
1236	1445	1446	1
1237	1446	1447	1
1238	1447	1448	1
1239	1448	1449	1
1240	1449	1450	1
1241	1450	1451	1
1242	1451	1452	1
1243	1452	1453	1
1244	1453	1454	1
1245	1454	1455	1
1246	1455	1456	1
1247	1456	1457	1
1248	1457	1458	1
1249	1458	1459	1
1250	1459	1460	1
1251	1460	1461	1
1252	1461	1462	1
1253	1462	1463	1
1254	1463	1464	1
1255	1464	1465	1
1256	1465	1466	1
1257	1466	1467	1
1258	1467	1468	1
1259	1468	1469	1
1260	1469	1470	1
1261	1470	1471	1
1262	1471	1472	1
1263	1472	1473	1
1264	1473	1474	1
1265	1474	1475	1
1266	1475	1476	1
1267	1476	1477	1
1268	1477	1478	1
1269	1478	1479	1
1270	1479	1480	1
1271	1480	1481	1
1272	1481	1482	1
1273	1482	1483	1
1274	1483	1484	1
1275	1484	1485	1
1276	1485	1486	1
1277	1486	1487	1
1278	1487	1488	1
1279	1488	1489	1
1280	1489	1490	1
1281	1490	1491	1
1282	1491	1492	1
1283	1492	1493	1
1284	1493	1494	1
1285	1494	1495	1
1286	1495	1496	1
1287	1496	1497	1
1288	1497	1498	1
1289	1498	1499	1
1290	1499	1500	1
1291	1500	1501	1
1292	1501	1502	1
1293	1502	1503	1
1294	1503	1504	1
1295	1504	1505	1
1296	1505	1506	1
1297	1506	1507	1
1298	1507	1508	1
1299	1508	1509	1
1300	1509	1510	1
1301	1510	1511	1
1302	1511	1512	1
1303	1512	1513	1
1304	1513	1514	1
1305	1514	1515	1
1306	1515	1516	1
1307	1516	1517	1
1308	1517	1518	1
1309	1518	1519	1
1310	1519	1520	1
1311	1520	1521	1
1312	1521	1522	1
1313	1522	1523	1
1314	1523	1524	1
1315	1524	1525	1
1316	1525	1526	1
1317	1526	1527	1
1318	1527	1528	1
1319	1528	1529	1
1320	1529	1530	1
1321	1530	1531	1
1322	1531	1532	1
1323	1532	1533	1
1324	1533	1534	1
1325	1534	1535	1
1326	1535	1536	1
1327	1536	1537	1
1328	1537	1538	1
1329	1538	1539	1
1330	1539	1540	1
1331	1540	1541	1
1332	1541	1542	1
1333	1542	1543	1
1334	1543	1544	1
1335	1544	1545	1
1336	1545	1546	1
1337	1546	1547	1
1338	1547	1548	1
1339	1548	1549	1
1340	1549	1550	1
1341	1550	1551	1
1342	1551	1552	1
1343	1552	1553	1
1344	1553	1554	1
1345	1554	1555	1
1346	1555	1556	1
1347	1556	1557	1
1348	1557	1558	1
1349	1558	1559	1
1350	1559	1560	1
1351	1560	1561	1
1352	1561	1562	1
1353	1562	1563	1
1354	1563	1564	1
1355	1564	1565	1
1356	1565	1566	1
1357	1566	1567	1
1358	1567	1568	1
1359	1568	1569	1
1360	1569	1570	1
1361	1570	1571	1
1362	1571	1572	1
1363	1572	1573	1
1364	1573	1574	1
1365	1574	1575	1
1366	1575	1576	1
1367	1576	1577	1
1368	1577	1578	1
1369	1578	1579	1
1370	1579	1580	1
1371	1580	1581	1
1372	1581	1582	1
1373	1582	1583	1
1374	1583	1584	1
1375	1584	1585	1
1376	1585	1586	1
1377	1586	1587	1
1378	1587	1588	1
1379	1588	1589	1
1380	1589	1590	1
1381	1590	1591	1
1382	1591	1592	1
1383	1592	1593	1
1384	1593	1594	1
1385	1594	1595	1
1386	1595	1596	1
1387	1596	1597	1
1388	1597	1598	1
1389	1598	1599	1
1390	1599	1600	1
1391	1600	1601	1
1392	1601	1602	1
1393	1602	1603	1
1394	1603	1604	1
1395	1604	1605	1
1396	1605	1606	1
1397	1606	1607	1
1398	1607	1608	1
1399	1608	1609	1
1400	1609	1610	1
1401	1610	1611	1
1402	1611	1612	1
1403	1612	1613	1
1404	1613	1614	1
1405	1614	1615	1
1406	1615	1616	1
1407	1616	1617	1
1408	1617	1618	1
1409	1618	1619	1
1410	1619	1620	1
1411	1620	1621	1
1412	1621	1622	1
1413	1622	1623	1
1414	1623	1624	1
1415	1624	1625	1
1416	1625	1626	1
1417	1626	1627	1
1418	1627	1628	1
1419	1628	1629	1
1420	1629	1630	1
1421	1630	1631	1
1422	1631	1632	1
1423	1632	1633	1
1424	1633	1634	1
1425	1634	1635	1
1426	1635	1636	1
1427	1636	1637	1
1428	1637	1638	1
1429	1638	1639	1
1430	1639	1640	1
1431	1640	1641	1
1432	1641	1642	1
1433	1642	1643	1
1434	1643	1644	1
1435	1644	1645	1
1436	1645	1646	1
1437	1646	1647	1
1438	1647	1648	1
1439	1648	1649	1
1440	1649	1650	1
1441	1650	1651	1
1442	1651	1652	1
1443	1652	1653	1
1444	1653	1654	1
1445	1654	1655	1
1446	1655	1656	1
1447	1656	1657	1
1448	1657	1658	1
1449	1658	1659	1
1450	1659	1660	1
1451	1660	1661	1
1452	1661	1662	1
1453	1662	1663	1
1454	1663	1664	1
1455	1664	1665	1
1456	1665	1666	1
1457	1666	1667	1
1458	1667	1668	1
1459	1668	1669	1
1460	1669	1670	1
1461	1670	1671	1
1462	1671	1672	1
1463	1672	1673	1
1464	1673	1674	1
1465	1674	1675	1
1466	1675	1676	1
1467	1676	1677	1
1468	1677	1678	1
1469	1678	1679	1
1470	1679	1680	1
1471	1680	1681	1
1472	1681	1682	1
1473	1682	1683	1
1474	1683	1684	1
1475	1684	1685	1
1476	1685	1686	1
1477	1686	1687	1
1478	1687	1688	1
1479	1688	1689	1
1480	1689	1690	1
1481	1690	1691	1
1482	1691	1692	1
1483	1692	1693	1
1484	1693	1694	1
1485	1694	1695	1
1486	1695	1696	1
1487	1696	1697	1
1488	1697	1698	1
1489	1698	1699	1
1490	1699	1700	1
1491	1700	1701	1
1492	1701	1702	1
1493	1702	1703	1
1494	1703	1704	1
1495	1704	1705	1
1496	1705	1706	1
1497	1706	1707	1
1498	1707	1708	1
1499	1708	1709	1
1500	1709	1710	1
1501	1710	1711	1
1502	1711	1712	1
1503	1712	1713	1
1504	1713	1714	1
1505	1714	1715	1
1506	1715	1716	1
1507	1716	1717	1
1508	1717	1718	1
1509	1718	1719	1
1510	1719	1720	1
1511	1720	1721	1
1512	1721	1722	1
1513	1722	1723	1
1514	1723	1724	1
1515	1724	1725	1
1516	1725	1726	1
1517	1726	1727	1
1518	1727	1728	1
1519	1728	1729	1
1520	1729	1730	1
1521	1730	1731	1
1522	1731	1732	1
1523	1732	1733	1
1524	1733	1734	1
1525	1734	1735	1
1526	1735	1736	1
1527	1736	1737	1
1528	1737	1738	1
1529	1738	1739	1
1530	1739	1740	1
1531	1740	1741	1
1532	1741	1742	1
1533	1742	1743	1
1534	1743	1744	1
1535	1744	1745	1
1536	1745	1746	1
1537	1746	1747	1
1538	1747	1748	1
1539	1748	1749	1
1540	1749	1750	1
1541	1750	1751	1
1542	1751	1752	1
1543	1752	1753	1
1544	1753	1754	1
1545	1754	1755	1
1546	1755	1756	1
1547	1756	1757	1
1548	1757	1758	1
1549	1758	1759	1
1550	1759	1760	1
1551	1760	1761	1
1552	1761	1762	1
1553	1762	1763	1
1554	1763	1764	1
1555	1764	1765	1
1556	1765	1766	1
1557	1766	1767	1
1558	1767	1768	1
1559	1768	1769	1
1560	1769	1770	1
1561	1770	1771	1
1562	1771	1772	1
1563	1772	1773	1
1564	1773	1774	1
1565	1774	1775	1
1566	1775	1776	1
1567	1776	1777	1
1568	1777	1778	1
1569	1778	1779	1
1570	1779	1780	1
1571	1780	1781	1
1572	1781	1782	1
1573	1782	1783	1
1574	1783	1784	1
1575	1784	1785	1
1576	1785	1786	1
1577	1786	1787	1
1578	1787	1788	1
1579	1788	1789	1
1580	1789	1790	1
1581	1790	1791	1
1582	1791	1792	1
1583	1792	1793	1
1584	1793	1794	1
1585	1794	1795	1
1586	1795	1796	1
1587	1796	1797	1
1588	1797	1798	1
1589	1798	1799	1
1590	1799	1800	1
1591	1800	1801	1
1592	1801	1802	1
1593	1802	1803	1
1594	1803	1804	1
1595	1804	1805	1
1596	1805	1806	1
1597	1806	1807	1
1598	1807	1808	1
1599	1808	1809	1
1600	1809	1810	1
1601	1810	1811	1
1602	1811	1812	1
1603	1812	1813	1
1604	1813	1814	1
1605	1814	1815	1
1606	1815	1816	1
1607	1816	1817	1
1608	1817	1818	1
1609	1818	1819	1
1610	1819	1820	1
1611	1820	1821	1
1612	1821	1822	1
1613	1822	1823	1
1614	1823	1824	1
1615	1824	1825	1
1616	1825	1826	1
1617	1826	1827	1
1618	1827	1828	1
1619	1828	1829	1
1620	1829	1830	1
1621	1830	1831	1
1622	1831	1832	1
1623	1832	1833	1
1624	1833	1834	1
1625	1834	1835	1
1626	1835	1836	1
1627	1836	1837	1
1628	1837	1838	1
1629	1838	1839	1
1630	1839	1840	1
1631	1840	1841	1
1632	1841	1842	1
1633	1842	1843	1
1634	1843	1844	1
1635	1844	1845	1
1636	1845	1846	1
1637	1846	1847	1
1638	1847	1848	1
1639	1848	1849	1
1640	1849	1850	1
1641	1850	1851	1
1642	1851	1852	1
1643	1852	1853	1
1644	1853	1854	1
1645	1854	1855	1
1646	1855	1856	1
1647	1856	1857	1
1648	1857	1858	1
1649	1858	1859	1
1650	1859	1860	1
1651	1860	1861	1
1652	1861	1862	1
1653	1862	1863	1
1654	1863	1864	1
1655	1864	1865	1
1656	1865	1866	1
1657	1866	1867	1
1658	1867	1868	1
1659	1868	1869	1
1660	1869	1870	1
1661	1870	1871	1
1662	1871	1872	1
1663	1872	1873	1
1664	1873	1874	1
1665	1874	1875	1
1666	1875	1876	1
1667	1876	1877	1
1668	1877	1878	1
1669	1878	1879	1
1670	1879	1880	1
1671	1880	1881	1
1672	1881	1882	1
1673	1882	1883	1
1674	1883	1884	1
1675	1884	1885	1
1676	1885	1886	1
1677	1886	1887	1
1678	1887	1888	1
1679	1888	1889	1
1680	1889	1890	1
1681	1890	1891	1
1682	1891	1892	1
1683	1892	1893	1
1684	1893	1894	1
1685	1894	1895	1
1686	1895	1896	1
1687	1896	1897	1
1688	1897	1898	1
1689	1898	1899	1
1690	1899	1900	1
1691	1900	1901	1
1692	1901	1902	1
1693	1902	1903	1
1694	1903	1904	1
1695	1904	1905	1
1696	1905	1906	1
1697	1906	1907	1
1698	1907	1908	1
1699	1908	1909	1
1700	1909	1910	1
1701	1910	1911	1
1702	1911	1912	1
1703	1912	1913	1
1704	1913	1914	1
1705	1914	1915	1
1706	1915	1916	1
1707	1916	1917	1
1708	1917	1918	1
1709	1918	1919	1
1710	1919	1920	1
1711	1920	1921	1
1712	1921	1922	1
1713	1922	1923	1
1714	1923	1924	1
1715	1924	1925	1
1716	1925	1926	1
1717	1926	1927	1
1718	1927	1928	1
1719	1928	1929	1
1720	1929	1930	1
1721	1930	1931	1
1722	1931	1932	1
1723	1932	1933	1
1724	1933	1934	1
1725	1934	1935	1
1726	1935	1936	1
1727	1936	1937	1
1728	1937	1938	1
1729	1938	1939	1
1730	1939	1940	1
1731	1940	1941	1
1732	1941	1942	1
1733	1942	1943	1
1734	1943	1944	1
1735	1944	1945	1
1736	1945	1946	1
1737	1946	1947	1
1738	1947	1948	1
1739	1948	1949	1
1740	1949	1950	1
1741	1950	1951	1
1742	1951	1952	1
1743	1952	1953	1
1744	1953	1954	1
1745	1954	1955	1
1746	1955	1956	1
1747	1956	1957	1
1748	1957	1958	1
1749	1958	1959	1
1750	1959	1960	1
1751	1960	1961	1
1752	1961	1962	1
1753	1962	1963	1
1754	1963	1964	1
1755	1964	1965	1
1756	1965	1966	1
1757	1966	1967	1
1758	1967	1968	1
1759	1968	1969	1
1760	1969	1970	1
1761	1970	1971	1
1762	1971	1972	1
1763	1972	1973	1
1764	1973	1974	1
1765	1974	1975	1
1766	1975	1976	1
1767	1976	1977	1
1768	1977	1978	1
1769	1978	1979	1
1770	1979	1980	1
1771	1980	1981	1
1772	1981	1982	1
1773	1982	1983	1
1774	1983	1984	1
1775	1984	1985	1
1776	1985	1986	1
1777	1986	1987	1
1778	1987	1988	1
1779	1988	1990	2
1780	1990	1992	2
1781	1992	1994	2
1782	1994	1996	2
1783	1996	1998	2
1784	1998	2000	2
1785	2000	2002	2
1786	2002	2004	2
1787	2004	2006	2
1788	2006	2008	2
1789	2008	2010	2
1790	2010	2012	2
1791	2012	2014	2
1792	2014	2016	2
1793	2016	2018	2
1794	2018	2020	2
1795	2020	2022	2
1796	2022	2024	2
1797	2024	2026	2
1798	2026	2028	2
1799	2028	2030	2
1800	2030	2032	2
1801	2032	2034	2
1802	2034	2036	2
1803	2036	2038	2
1804	2038	2040	2
1805	2040	2042	2
1806	2042	2044	2
1807	2044	2046	2
1808	2046	2048	2
1809	2048	2050	2
1810	2050	2052	2
1811	2052	2054	2
1812	2054	2056	2
1813	2056	2058	2
1814	2058	2060	2
1815	2060	2062	2
1816	2062	2064	2
1817	2064	2066	2
1818	2066	2068	2
1819	2068	2070	2
1820	2070	2072	2
1821	2072	2074	2
1822	2074	2076	2
1823	2076	2078	2
1824	2078	2080	2
1825	2080	2082	2
1826	2082	2084	2
1827	2084	2086	2
1828	2086	2088	2
1829	2088	2090	2
1830	2090	2092	2
1831	2092	2094	2
1832	2094	2096	2
1833	2096	2098	2
1834	2098	2100	2
1835	2100	2102	2
1836	2102	2104	2
1837	2104	2106	2
1838	2106	2108	2
1839	2108	2110	2
1840	2110	2112	2
1841	2112	2114	2
1842	2114	2116	2
1843	2116	2118	2
1844	2118	2120	2
1845	2120	2122	2
1846	2122	2124	2
1847	2124	2126	2
1848	2126	2128	2
1849	2128	2130	2
1850	2130	2132	2
1851	2132	2134	2
1852	2134	2136	2
1853	2136	2138	2
1854	2138	2140	2
1855	2140	2142	2
1856	2142	2144	2
1857	2144	2146	2
1858	2146	2148	2
1859	2148	2150	2
1860	2150	2152	2
1861	2152	2154	2
1862	2154	2156	2
1863	2156	2158	2
1864	2158	2160	2
1865	2160	2162	2
1866	2162	2164	2
1867	2164	2166	2
1868	2166	2168	2
1869	2168	2170	2
1870	2170	2172	2
1871	2172	2174	2
1872	2174	2176	2
1873	2176	2178	2
1874	2178	2180	2
1875	2180	2182	2
1876	2182	2184	2
1877	2184	2186	2
1878	2186	2188	2
1879	2188	2190	2
1880	2190	2192	2
1881	2192	2194	2
1882	2194	2196	2
1883	2196	2198	2
1884	2198	2200	2
1885	2200	2202	2
1886	2202	2204	2
1887	2204	2206	2
1888	2206	2208	2
1889	2208	2210	2
1890	2210	2212	2
1891	2212	2214	2
1892	2214	2216	2
1893	2216	2218	2
1894	2218	2220	2
1895	2220	2222	2
1896	2222	2224	2
1897	2224	2226	2
1898	2226	2228	2
1899	2228	2230	2
1900	2230	2232	2
1901	2232	2234	2
1902	2234	2236	2
1903	2236	2238	2
1904	2238	2240	2
1905	2240	2242	2
1906	2242	2244	2
1907	2244	2246	2
1908	2246	2248	2
1909	2248	2250	2
1910	2250	2252	2
1911	2252	2254	2
1912	2254	2256	2
1913	2256	2258	2
1914	2258	2260	2
1915	2260	2262	2
1916	2262	2264	2
1917	2264	2266	2
1918	2266	2268	2
1919	2268	2270	2
1920	2270	2272	2
1921	2272	2274	2
1922	2274	2276	2
1923	2276	2278	2
1924	2278	2280	2
1925	2280	2282	2
1926	2282	2284	2
1927	2284	2286	2
1928	2286	2288	2
1929	2288	2290	2
1930	2290	2292	2
1931	2292	2294	2
1932	2294	2296	2
1933	2296	2298	2
1934	2298	2300	2
1935	2300	2302	2
1936	2302	2304	2
1937	2304	2306	2
1938	2306	2308	2
1939	2308	2310	2
1940	2310	2312	2
1941	2312	2314	2
1942	2314	2316	2
1943	2316	2318	2
1944	2318	2320	2
1945	2320	2322	2
1946	2322	2324	2
1947	2324	2326	2
1948	2326	2328	2
1949	2328	2330	2
1950	2330	2332	2
1951	2332	2334	2
1952	2334	2336	2
1953	2336	2338	2
1954	2338	2340	2
1955	2340	2342	2
1956	2342	2344	2
1957	2344	2346	2
1958	2346	2348	2
1959	2348	2350	2
1960	2350	2352	2
1961	2352	2354	2
1962	2354	2356	2
1963	2356	2358	2
1964	2358	2360	2
1965	2360	2362	2
1966	2362	2364	2
1967	2364	2366	2
1968	2366	2368	2
1969	2368	2370	2
1970	2370	2372	2
1971	2372	2374	2
1972	2374	2376	2
1973	2376	2378	2
1974	2378	2380	2
1975	2380	2382	2
1976	2382	2384	2
1977	2384	2386	2
1978	2386	2388	2
1979	2388	2390	2
1980	2390	2392	2
1981	2392	2394	2
1982	2394	2396	2
1983	2396	2398	2
1984	2398	2400	2
1985	2400	2402	2
1986	2402	2404	2
1987	2404	2406	2
1988	2406	2408	2
1989	2408	2410	2
1990	2410	2412	2
1991	2412	2414	2
1992	2414	2416	2
1993	2416	2418	2
1994	2418	2420	2
1995	2420	2422	2
1996	2422	2424	2
1997	2424	2426	2
1998	2426	2428	2
1999	2428	2430	2
2000	2430	2432	2
2001	2432	2434	2
2002	2434	2436	2
2003	2436	2438	2
2004	2438	2440	2
2005	2440	2442	2
2006	2442	2444	2
2007	2444	2446	2
2008	2446	2448	2
2009	2448	2450	2
2010	2450	2452	2
2011	2452	2454	2
2012	2454	2456	2
2013	2456	2458	2
2014	2458	2460	2
2015	2460	2462	2
2016	2462	2464	2
2017	2464	2466	2
2018	2466	2468	2
2019	2468	2470	2
2020	2470	2472	2
2021	2472	2474	2
2022	2474	2476	2
2023	2476	2478	2
2024	2478	2480	2
2025	2480	2482	2
2026	2482	2484	2
2027	2484	2486	2
2028	2486	2488	2
2029	2488	2490	2
2030	2490	2492	2
2031	2492	2494	2
2032	2494	2496	2
2033	2496	2498	2
2034	2498	2500	2
2035	2500	2502	2
2036	2502	2504	2
2037	2504	2506	2
2038	2506	2508	2
2039	2508	2510	2
2040	2510	2512	2
2041	2512	2514	2
2042	2514	2516	2
2043	2516	2518	2
2044	2518	2520	2
2045	2520	2522	2
2046	2522	2524	2
2047	2524	2526	2
2048	2526	2528	2
2049	2528	2530	2
2050	2530	2532	2
2051	2532	2534	2
2052	2534	2536	2
2053	2536	2538	2
2054	2538	2540	2
2055	2540	2542	2
2056	2542	2544	2
2057	2544	2546	2
2058	2546	2548	2
2059	2548	2550	2
2060	2550	2552	2
2061	2552	2554	2
2062	2554	2556	2
2063	2556	2558	2
2064	2558	2560	2
2065	2560	2562	2
2066	2562	2564	2
2067	2564	2566	2
2068	2566	2568	2
2069	2568	2570	2
2070	2570	2572	2
2071	2572	2574	2
2072	2574	2576	2
2073	2576	2578	2
2074	2578	2580	2
2075	2580	2582	2
2076	2582	2584	2
2077	2584	2586	2
2078	2586	2588	2
2079	2588	2590	2
2080	2590	2592	2
2081	2592	2594	2
2082	2594	2596	2
2083	2596	2598	2
2084	2598	2600	2
2085	2600	2602	2
2086	2602	2604	2
2087	2604	2606	2
2088	2606	2608	2
2089	2608	2610	2
2090	2610	2612	2
2091	2612	2614	2
2092	2614	2616	2
2093	2616	2618	2
2094	2618	2620	2
2095	2620	2622	2
2096	2622	2624	2
2097	2624	2626	2
2098	2626	2628	2
2099	2628	2630	2
2100	2630	2632	2
2101	2632	2634	2
2102	2634	2636	2
2103	2636	2638	2
2104	2638	2640	2
2105	2640	2642	2
2106	2642	2644	2
2107	2644	2646	2
2108	2646	2648	2
2109	2648	2650	2
2110	2650	2652	2
2111	2652	2654	2
2112	2654	2656	2
2113	2656	2658	2
2114	2658	2660	2
2115	2660	2662	2
2116	2662	2664	2
2117	2664	2666	2
2118	2666	2668	2
2119	2668	2670	2
2120	2670	2672	2
2121	2672	2674	2
2122	2674	2676	2
2123	2676	2678	2
2124	2678	2680	2
2125	2680	2682	2
2126	2682	2684	2
2127	2684	2686	2
2128	2686	2688	2
2129	2688	2690	2
2130	2690	2692	2
2131	2692	2694	2
2132	2694	2696	2
2133	2696	2698	2
2134	2698	2700	2
2135	2700	2702	2
2136	2702	2704	2
2137	2704	2706	2
2138	2706	2708	2
2139	2708	2710	2
2140	2710	2712	2
2141	2712	2714	2
2142	2714	2716	2
2143	2716	2718	2
2144	2718	2720	2
2145	2720	2722	2
2146	2722	2724	2
2147	2724	2726	2
2148	2726	2728	2
2149	2728	2730	2
2150	2730	2732	2
2151	2732	2734	2
2152	2734	2736	2
2153	2736	2738	2
2154	2738	2740	2
2155	2740	2742	2
2156	2742	2744	2
2157	2744	2746	2
2158	2746	2748	2
2159	2748	2750	2
2160	2750	2752	2
2161	2752	2754	2
2162	2754	2756	2
2163	2756	2758	2
2164	2758	2760	2
2165	2760	2762	2
2166	2762	2764	2
2167	2764	2766	2
2168	2766	2768	2
2169	2768	2770	2
2170	2770	2772	2
2171	2772	2774	2
2172	2774	2776	2
2173	2776	2778	2
2174	2778	2780	2
2175	2780	2782	2
2176	2782	2784	2
2177	2784	2786	2
2178	2786	2788	2
2179	2788	2790	2
2180	2790	2792	2
2181	2792	2794	2
2182	2794	2796	2
2183	2796	2798	2
2184	2798	2800	2
2185	2800	2802	2
2186	2802	2804	2
2187	2804	2806	2
2188	2806	2808	2
2189	2808	2810	2
2190	2810	2812	2
2191	2812	2814	2
2192	2814	2816	2
2193	2816	2818	2
2194	2818	2820	2
2195	2820	2822	2
2196	2822	2824	2
2197	2824	2826	2
2198	2826	2828	2
2199	2828	2830	2
2200	2830	2832	2
2201	2832	2834	2
2202	2834	2836	2
2203	2836	2838	2
2204	2838	2840	2
2205	2840	2842	2
2206	2842	2844	2
2207	2844	2846	2
2208	2846	2848	2
2209	2848	2850	2
2210	2850	2852	2
2211	2852	2854	2
2212	2854	2856	2
2213	2856	2858	2
2214	2858	2860	2
2215	2860	2862	2
2216	2862	2864	2
2217	2864	2866	2
2218	2866	2868	2
2219	2868	2870	2
2220	2870	2872	2
2221	2872	2874	2
2222	2874	2876	2
2223	2876	2878	2
2224	2878	2880	2
2225	2880	2882	2
2226	2882	2884	2
2227	2884	2886	2
2228	2886	2888	2
2229	2888	2890	2
2230	2890	2892	2
2231	2892	2894	2
2232	2894	2896	2
2233	2896	2898	2
2234	2898	2900	2
2235	2900	2902	2
2236	2902	2904	2
2237	2904	2906	2
2238	2906	2908	2
2239	2908	2910	2
2240	2910	2912	2
2241	2912	2914	2
2242	2914	2916	2
2243	2916	2918	2
2244	2918	2920	2
2245	2920	2922	2
2246	2922	2924	2
2247	2924	2926	2
2248	2926	2928	2
2249	2928	2930	2
2250	2930	2932	2
2251	2932	2934	2
2252	2934	2936	2
2253	2936	2938	2
2254	2938	2940	2
2255	2940	2942	2
2256	2942	2944	2
2257	2944	2946	2
2258	2946	2948	2
2259	2948	2950	2
2260	2950	2952	2
2261	2952	2954	2
2262	2954	2956	2
2263	2956	2958	2
2264	2958	2960	2
2265	2960	2962	2
2266	2962	2964	2
2267	2964	2966	2
2268	2966	2968	2
2269	2968	2970	2
2270	2970	2972	2
2271	2972	2974	2
2272	2974	2976	2
2273	2976	2978	2
2274	2978	2980	2
2275	2980	2982	2
2276	2982	2984	2
2277	2984	2986	2
2278	2986	2988	2
2279	2988	2990	2
2280	2990	2992	2
2281	2992	2994	2
2282	2994	2996	2
2283	2996	2998	2
2284	2998	3000	2
2285	3000	3002	2
2286	3002	3004	2
2287	3004	3006	2
2288	3006	3008	2
2289	3008	3010	2
2290	3010	3012	2
2291	3012	3014	2
2292	3014	3016	2
2293	3016	3018	2
2294	3018	3020	2
2295	3020	3022	2
2296	3022	3024	2
2297	3024	3026	2
2298	3026	3028	2
2299	3028	3030	2
2300	3030	3032	2
2301	3032	3034	2
2302	3034	3036	2
2303	3036	3038	2
2304	3038	3040	2
2305	3040	3042	2
2306	3042	3044	2
2307	3044	3046	2
2308	3046	3048	2
2309	3048	3050	2
2310	3050	3052	2
2311	3052	3054	2
2312	3054	3056	2
2313	3056	3058	2
2314	3058	3060	2
2315	3060	3062	2
2316	3062	3064	2
2317	3064	3066	2
2318	3066	3068	2
2319	3068	3070	2
2320	3070	3072	2
2321	3072	3074	2
2322	3074	3076	2
2323	3076	3078	2
2324	3078	3080	2
2325	3080	3082	2
2326	3082	3084	2
2327	3084	3086	2
2328	3086	3088	2
2329	3088	3090	2
2330	3090	3092	2
2331	3092	3094	2
2332	3094	3096	2
2333	3096	3098	2
2334	3098	3100	2
2335	3100	3102	2
2336	3102	3104	2
2337	3104	3106	2
2338	3106	3108	2
2339	3108	3110	2
2340	3110	3112	2
2341	3112	3114	2
2342	3114	3116	2
2343	3116	3118	2
2344	3118	3120	2
2345	3120	3122	2
2346	3122	3124	2
2347	3124	3126	2
2348	3126	3128	2
2349	3128	3130	2
2350	3130	3132	2
2351	3132	3134	2
2352	3134	3136	2
2353	3136	3138	2
2354	3138	3140	2
2355	3140	3142	2
2356	3142	3144	2
2357	3144	3146	2
2358	3146	3148	2
2359	3148	3150	2
2360	3150	3152	2
2361	3152	3154	2
2362	3154	3156	2
2363	3156	3158	2
2364	3158	3160	2
2365	3160	3162	2
2366	3162	3164	2
2367	3164	3166	2
2368	3166	3168	2
2369	3168	3170	2
2370	3170	3172	2
2371	3172	3174	2
2372	3174	3176	2
2373	3176	3178	2
2374	3178	3180	2
2375	3180	3182	2
2376	3182	3184	2
2377	3184	3186	2
2378	3186	3188	2
2379	3188	3190	2
2380	3190	3192	2
2381	3192	3194	2
2382	3194	3196	2
2383	3196	3198	2
2384	3198	3200	2
2385	3200	3202	2
2386	3202	3204	2
2387	3204	3206	2
2388	3206	3208	2
2389	3208	3210	2
2390	3210	3212	2
2391	3212	3214	2
2392	3214	3216	2
2393	3216	3218	2
2394	3218	3220	2
2395	3220	3222	2
2396	3222	3224	2
2397	3224	3226	2
2398	3226	3228	2
2399	3228	3230	2
2400	3230	3232	2
2401	3232	3234	2
2402	3234	3236	2
2403	3236	3238	2
2404	3238	3240	2
2405	3240	3242	2
2406	3242	3244	2
2407	3244	3246	2
2408	3246	3248	2
2409	3248	3250	2
2410	3250	3252	2
2411	3252	3254	2
2412	3254	3256	2
2413	3256	3258	2
2414	3258	3260	2
2415	3260	3262	2
2416	3262	3264	2
2417	3264	3266	2
2418	3266	3268	2
2419	3268	3270	2
2420	3270	3272	2
2421	3272	3274	2
2422	3274	3276	2
2423	3276	3278	2
2424	3278	3280	2
2425	3280	3282	2
2426	3282	3284	2
2427	3284	3286	2
2428	3286	3288	2
2429	3288	3290	2
2430	3290	3292	2
2431	3292	3294	2
2432	3294	3296	2
2433	3296	3298	2
2434	3298	3300	2
2435	3300	3302	2
2436	3302	3304	2
2437	3304	3306	2
2438	3306	3308	2
2439	3308	3310	2
2440	3310	3312	2
2441	3312	3314	2
2442	3314	3316	2
2443	3316	3318	2
2444	3318	3320	2
2445	3320	3322	2
2446	3322	3324	2
2447	3324	3326	2
2448	3326	3328	2
2449	3328	3330	2
2450	3330	3332	2
2451	3332	3334	2
2452	3334	3336	2
2453	3336	3338	2
2454	3338	3340	2
2455	3340	3342	2
2456	3342	3344	2
2457	3344	3346	2
2458	3346	3348	2
2459	3348	3350	2
2460	3350	3352	2
2461	3352	3354	2
2462	3354	3356	2
2463	3356	3358	2
2464	3358	3360	2
2465	3360	3362	2
2466	3362	3364	2
2467	3364	3366	2
2468	3366	3368	2
2469	3368	3370	2
2470	3370	3372	2
2471	3372	3374	2
2472	3374	3376	2
2473	3376	3378	2
2474	3378	3380	2
2475	3380	3382	2
2476	3382	3384	2
2477	3384	3386	2
2478	3386	3388	2
2479	3388	3390	2
2480	3390	3392	2
2481	3392	3394	2
2482	3394	3396	2
2483	3396	3398	2
2484	3398	3400	2
2485	3400	3402	2
2486	3402	3404	2
2487	3404	3406	2
2488	3406	3408	2
2489	3408	3410	2
2490	3410	3412	2
2491	3412	3414	2
2492	3414	3416	2
2493	3416	3418	2
2494	3418	3420	2
2495	3420	3422	2
2496	3422	3424	2
2497	3424	3426	2
2498	3426	3428	2
2499	3428	3430	2
2500	3430	3432	2
2501	3432	3434	2
2502	3434	3436	2
2503	3436	3438	2
2504	3438	3440	2
2505	3440	3442	2
2506	3442	3444	2
2507	3444	3446	2
2508	3446	3448	2
2509	3448	3450	2
2510	3450	3452	2
2511	3452	3454	2
2512	3454	3456	2
2513	3456	3458	2
2514	3458	3460	2
2515	3460	3462	2
2516	3462	3464	2
2517	3464	3466	2
2518	3466	3468	2
2519	3468	3470	2
2520	3470	3472	2
2521	3472	3474	2
2522	3474	3476	2
2523	3476	3478	2
2524	3478	3480	2
2525	3480	3482	2
2526	3482	3484	2
2527	3484	3486	2
2528	3486	3488	2
2529	3488	3490	2
2530	3490	3492	2
2531	3492	3494	2
2532	3494	3496	2
2533	3496	3498	2
2534	3498	3500	2
2535	3500	3502	2
2536	3502	3504	2
2537	3504	3506	2
2538	3506	3508	2
2539	3508	3510	2
2540	3510	3512	2
2541	3512	3514	2
2542	3514	3516	2
2543	3516	3518	2
2544	3518	3520	2
2545	3520	3522	2
2546	3522	3524	2
2547	3524	3526	2
2548	3526	3528	2
2549	3528	3530	2
2550	3530	3532	2
2551	3532	3534	2
2552	3534	3536	2
2553	3536	3538	2
2554	3538	3540	2
2555	3540	3542	2
2556	3542	3544	2
2557	3544	3546	2
2558	3546	3548	2
2559	3548	3550	2
2560	3550	3552	2
2561	3552	3554	2
2562	3554	3556	2
2563	3556	3558	2
2564	3558	3560	2
2565	3560	3562	2
2566	3562	3564	2
2567	3564	3566	2
2568	3566	3568	2
2569	3568	3570	2
2570	3570	3572	2
2571	3572	3574	2
2572	3574	3576	2
2573	3576	3578	2
2574	3578	3580	2
2575	3580	3582	2
2576	3582	3584	2
2577	3584	3586	2
2578	3586	3588	2
2579	3588	3590	2
2580	3590	3592	2
2581	3592	3594	2
2582	3594	3596	2
2583	3596	3598	2
2584	3598	3600	2
2585	3600	3602	2
2586	3602	3604	2
2587	3604	3606	2
2588	3606	3608	2
2589	3608	3610	2
2590	3610	3612	2
2591	3612	3614	2
2592	3614	3616	2
2593	3616	3618	2
2594	3618	3620	2
2595	3620	3622	2
2596	3622	3624	2
2597	3624	3626	2
2598	3626	3628	2
2599	3628	3630	2
2600	3630	3632	2
2601	3632	3634	2
2602	3634	3636	2
2603	3636	3638	2
2604	3638	3640	2
2605	3640	3642	2
2606	3642	3644	2
2607	3644	3646	2
2608	3646	3648	2
2609	3648	3650	2
2610	3650	3652	2
2611	3652	3654	2
2612	3654	3656	2
2613	3656	3658	2
2614	3658	3660	2
2615	3660	3662	2
2616	3662	3664	2
2617	3664	3666	2
2618	3666	3668	2
2619	3668	3670	2
2620	3670	3672	2
2621	3672	3674	2
2622	3674	3676	2
2623	3676	3678	2
2624	3678	3680	2
2625	3680	3682	2
2626	3682	3684	2
2627	3684	3686	2
2628	3686	3688	2
2629	3688	3690	2
2630	3690	3692	2
2631	3692	3694	2
2632	3694	3696	2
2633	3696	3698	2
2634	3698	3700	2
2635	3700	3702	2
2636	3702	3704	2
2637	3704	3706	2
2638	3706	3708	2
2639	3708	3710	2
2640	3710	3712	2
2641	3712	3714	2
2642	3714	3716	2
2643	3716	3719	3
2644	3719	3722	3
2645	3722	3725	3
2646	3725	3728	3
2647	3728	3731	3
2648	3731	3734	3
2649	3734	3737	3
2650	3737	3740	3
2651	3740	3743	3
2652	3743	3746	3
2653	3746	3749	3
2654	3749	3752	3
2655	3752	3755	3
2656	3755	3758	3
2657	3758	3761	3
2658	3761	3764	3
2659	3764	3767	3
2660	3767	3770	3
2661	3770	3773	3
2662	3773	3776	3
2663	3776	3779	3
2664	3779	3782	3
2665	3782	3785	3
2666	3785	3788	3
2667	3788	3791	3
2668	3791	3794	3
2669	3794	3797	3
2670	3797	3800	3
2671	3800	3803	3
2672	3803	3806	3
2673	3806	3809	3
2674	3809	3812	3
2675	3812	3815	3
2676	3815	3818	3
2677	3818	3821	3
2678	3821	3824	3
2679	3824	3827	3
2680	3827	3830	3
2681	3830	3833	3
2682	3833	3836	3
2683	3836	3839	3
2684	3839	3842	3
2685	3842	3845	3
2686	3845	3848	3
2687	3848	3851	3
2688	3851	3854	3
2689	3854	3857	3
2690	3857	3860	3
2691	3860	3863	3
2692	3863	3866	3
2693	3866	3869	3
2694	3869	3872	3
2695	3872	3875	3
2696	3875	3878	3
2697	3878	3881	3
2698	3881	3884	3
2699	3884	3887	3
2700	3887	3890	3
2701	3890	3893	3
2702	3893	3896	3
2703	3896	3899	3
2704	3899	3902	3
2705	3902	3905	3
2706	3905	3908	3
2707	3908	3911	3
2708	3911	3914	3
2709	3914	3917	3
2710	3917	3920	3
2711	3920	3923	3
2712	3923	3926	3
2713	3926	3929	3
2714	3929	3932	3
2715	3932	3935	3
2716	3935	3938	3
2717	3938	3941	3
2718	3941	3944	3
2719	3944	3947	3
2720	3947	3950	3
2721	3950	3953	3
2722	3953	3956	3
2723	3956	3959	3
2724	3959	3962	3
2725	3962	3965	3
2726	3965	3968	3
2727	3968	3971	3
2728	3971	3974	3
2729	3974	3977	3
2730	3977	3980	3
2731	3980	3983	3
2732	3983	3986	3
2733	3986	3989	3
2734	3989	3992	3
2735	3992	3995	3
2736	3995	3998	3
2737	3998	4001	3
2738	4001	4004	3
2739	4004	4007	3
2740	4007	4010	3
2741	4010	4013	3
2742	4013	4016	3
2743	4016	4019	3
2744	4019	4022	3
2745	4022	4025	3
2746	4025	4028	3
2747	4028	4031	3
2748	4031	4034	3
2749	4034	4037	3
2750	4037	4040	3
2751	4040	4043	3
2752	4043	4046	3
2753	4046	4049	3
2754	4049	4052	3
2755	4052	4055	3
2756	4055	4058	3
2757	4058	4061	3
2758	4061	4064	3
2759	4064	4067	3
2760	4067	4070	3
2761	4070	4073	3
2762	4073	4076	3
2763	4076	4079	3
2764	4079	4082	3
2765	4082	4085	3
2766	4085	4088	3
2767	4088	4091	3
2768	4091	4094	3
2769	4094	4097	3
2770	4097	4100	3
2771	4100	4103	3
2772	4103	4106	3
2773	4106	4109	3
2774	4109	4112	3
2775	4112	4115	3
2776	4115	4118	3
2777	4118	4121	3
2778	4121	4124	3
2779	4124	4127	3
2780	4127	4130	3
2781	4130	4133	3
2782	4133	4136	3
2783	4136	4139	3
2784	4139	4142	3
2785	4142	4145	3
2786	4145	4148	3
2787	4148	4151	3
2788	4151	4154	3
2789	4154	4157	3
2790	4157	4160	3
2791	4160	4163	3
2792	4163	4166	3
2793	4166	4169	3
2794	4169	4172	3
2795	4172	4175	3
2796	4175	4178	3
2797	4178	4181	3
2798	4181	4184	3
2799	4184	4187	3
2800	4187	4190	3
2801	4190	4193	3
2802	4193	4196	3
2803	4196	4199	3
2804	4199	4202	3
2805	4202	4205	3
2806	4205	4208	3
2807	4208	4211	3
2808	4211	4214	3
2809	4214	4217	3
2810	4217	4220	3
2811	4220	4223	3
2812	4223	4226	3
2813	4226	4229	3
2814	4229	4232	3
2815	4232	4235	3
2816	4235	4238	3
2817	4238	4241	3
2818	4241	4244	3
2819	4244	4247	3
2820	4247	4250	3
2821	4250	4253	3
2822	4253	4256	3
2823	4256	4259	3
2824	4259	4262	3
2825	4262	4265	3
2826	4265	4268	3
2827	4268	4271	3
2828	4271	4274	3
2829	4274	4277	3
2830	4277	4280	3
2831	4280	4283	3
2832	4283	4286	3
2833	4286	4289	3
2834	4289	4292	3
2835	4292	4295	3
2836	4295	4298	3
2837	4298	4301	3
2838	4301	4304	3
2839	4304	4307	3
2840	4307	4310	3
2841	4310	4313	3
2842	4313	4316	3
2843	4316	4319	3
2844	4319	4322	3
2845	4322	4325	3
2846	4325	4328	3
2847	4328	4331	3
2848	4331	4334	3
2849	4334	4337	3
2850	4337	4340	3
2851	4340	4343	3
2852	4343	4346	3
2853	4346	4349	3
2854	4349	4352	3
2855	4352	4355	3
2856	4355	4358	3
2857	4358	4361	3
2858	4361	4364	3
2859	4364	4367	3
2860	4367	4370	3
2861	4370	4373	3
2862	4373	4376	3
2863	4376	4379	3
2864	4379	4382	3
2865	4382	4385	3
2866	4385	4388	3
2867	4388	4391	3
2868	4391	4394	3
2869	4394	4397	3
2870	4397	4400	3
2871	4400	4403	3
2872	4403	4406	3
2873	4406	4409	3
2874	4409	4412	3
2875	4412	4415	3
2876	4415	4418	3
2877	4418	4421	3
2878	4421	4424	3
2879	4424	4427	3
2880	4427	4430	3
2881	4430	4433	3
2882	4433	4436	3
2883	4436	4439	3
2884	4439	4442	3
2885	4442	4445	3
2886	4445	4448	3
2887	4448	4451	3
2888	4451	4454	3
2889	4454	4457	3
2890	4457	4460	3
2891	4460	4463	3
2892	4463	4466	3
2893	4466	4469	3
2894	4469	4472	3
2895	4472	4475	3
2896	4475	4478	3
2897	4478	4481	3
2898	4481	4484	3
2899	4484	4487	3
2900	4487	4490	3
2901	4490	4493	3
2902	4493	4496	3
2903	4496	4499	3
2904	4499	4502	3
2905	4502	4505	3
2906	4505	4508	3
2907	4508	4511	3
2908	4511	4514	3
2909	4514	4517	3
2910	4517	4520	3
2911	4520	4523	3
2912	4523	4526	3
2913	4526	4529	3
2914	4529	4532	3
2915	4532	4535	3
2916	4535	4538	3
2917	4538	4541	3
2918	4541	4544	3
2919	4544	4547	3
2920	4547	4550	3
2921	4550	4553	3
2922	4553	4556	3
2923	4556	4559	3
2924	4559	4562	3
2925	4562	4565	3
2926	4565	4568	3
2927	4568	4571	3
2928	4571	4574	3
2929	4574	4577	3
2930	4577	4580	3
2931	4580	4583	3
2932	4583	4586	3
2933	4586	4589	3
2934	4589	4592	3
2935	4592	4595	3
2936	4595	4598	3
2937	4598	4601	3
2938	4601	4604	3
2939	4604	4607	3
2940	4607	4610	3
2941	4610	4613	3
2942	4613	4616	3
2943	4616	4619	3
2944	4619	4622	3
2945	4622	4625	3
2946	4625	4628	3
2947	4628	4631	3
2948	4631	4634	3
2949	4634	4637	3
2950	4637	4640	3
2951	4640	4643	3
2952	4643	4646	3
2953	4646	4649	3
2954	4649	4652	3
2955	4652	4655	3
2956	4655	4658	3
2957	4658	4661	3
2958	4661	4664	3
2959	4664	4667	3
2960	4667	4670	3
2961	4670	4673	3
2962	4673	4676	3
2963	4676	4679	3
2964	4679	4682	3
2965	4682	4685	3
2966	4685	4688	3
2967	4688	4691	3
2968	4691	4694	3
2969	4694	4697	3
2970	4697	4700	3
2971	4700	4703	3
2972	4703	4706	3
2973	4706	4709	3
2974	4709	4712	3
2975	4712	4715	3
2976	4715	4718	3
2977	4718	4721	3
2978	4721	4724	3
2979	4724	4727	3
2980	4727	4730	3
2981	4730	4733	3
2982	4733	4736	3
2983	4736	4739	3
2984	4739	4742	3
2985	4742	4745	3
2986	4745	4748	3
2987	4748	4751	3
2988	4751	4754	3
2989	4754	4757	3
2990	4757	4760	3
2991	4760	4763	3
2992	4763	4766	3
2993	4766	4769	3
2994	4769	4772	3
2995	4772	4775	3
2996	4775	4778	3
2997	4778	4781	3
2998	4781	4784	3
2999	4784	4787	3
3000	4787	4790	3
3001	4790	4793	3
3002	4793	4796	3
3003	4796	4799	3
3004	4799	4802	3
3005	4802	4805	3
3006	4805	4808	3
3007	4808	4811	3
3008	4811	4814	3
3009	4814	4817	3
3010	4817	4820	3
3011	4820	4823	3
3012	4823	4826	3
3013	4826	4829	3
3014	4829	4832	3
3015	4832	4835	3
3016	4835	4838	3
3017	4838	4841	3
3018	4841	4844	3
3019	4844	4847	3
3020	4847	4850	3
3021	4850	4853	3
3022	4853	4856	3
3023	4856	4859	3
3024	4859	4862	3
3025	4862	4865	3
3026	4865	4868	3
3027	4868	4871	3
3028	4871	4874	3
3029	4874	4877	3
3030	4877	4881	4
3031	4881	4885	4
3032	4885	4889	4
3033	4889	4893	4
3034	4893	4897	4
3035	4897	4901	4
3036	4901	4905	4
3037	4905	4909	4
3038	4909	4913	4
3039	4913	4917	4
3040	4917	4921	4
3041	4921	4925	4
3042	4925	4929	4
3043	4929	4933	4
3044	4933	4937	4
3045	4937	4941	4
3046	4941	4945	4
3047	4945	4949	4
3048	4949	4953	4
3049	4953	4957	4
3050	4957	4961	4
3051	4961	4965	4
3052	4965	4969	4
3053	4969	4973	4
3054	4973	4977	4
3055	4977	4981	4
3056	4981	4985	4
3057	4985	4989	4
3058	4989	4993	4
3059	4993	4997	4
3060	4997	5001	4
3061	5001	5005	4
3062	5005	5009	4
3063	5009	5013	4
3064	5013	5017	4
3065	5017	5021	4
3066	5021	5025	4
3067	5025	5029	4
3068	5029	5033	4
3069	5033	5037	4
3070	5037	5041	4
3071	5041	5045	4
3072	5045	5049	4
3073	5049	5053	4
3074	5053	5057	4
3075	5057	5061	4
3076	5061	5065	4
3077	5065	5069	4
3078	5069	5073	4
3079	5073	5077	4
3080	5077	5081	4
3081	5081	5085	4
3082	5085	5089	4
3083	5089	5093	4
3084	5093	5097	4
3085	5097	5101	4
3086	5101	5105	4
3087	5105	5109	4
3088	5109	5113	4
3089	5113	5117	4
3090	5117	5121	4
3091	5121	5125	4
3092	5125	5129	4
3093	5129	5133	4
3094	5133	5137	4
3095	5137	5141	4
3096	5141	5145	4
3097	5145	5149	4
3098	5149	5153	4
3099	5153	5157	4
3100	5157	5161	4
3101	5161	5165	4
3102	5165	5169	4
3103	5169	5173	4
3104	5173	5177	4
3105	5177	5181	4
3106	5181	5185	4
3107	5185	5189	4
3108	5189	5193	4
3109	5193	5197	4
3110	5197	5201	4
3111	5201	5205	4
3112	5205	5209	4
3113	5209	5213	4
3114	5213	5217	4
3115	5217	5221	4
3116	5221	5225	4
3117	5225	5229	4
3118	5229	5233	4
3119	5233	5237	4
3120	5237	5241	4
3121	5241	5245	4
3122	5245	5249	4
3123	5249	5253	4
3124	5253	5257	4
3125	5257	5261	4
3126	5261	5265	4
3127	5265	5269	4
3128	5269	5273	4
3129	5273	5277	4
3130	5277	5281	4
3131	5281	5285	4
3132	5285	5289	4
3133	5289	5293	4
3134	5293	5297	4
3135	5297	5301	4
3136	5301	5305	4
3137	5305	5309	4
3138	5309	5313	4
3139	5313	5317	4
3140	5317	5321	4
3141	5321	5325	4
3142	5325	5329	4
3143	5329	5333	4
3144	5333	5337	4
3145	5337	5341	4
3146	5341	5345	4
3147	5345	5349	4
3148	5349	5353	4
3149	5353	5357	4
3150	5357	5361	4
3151	5361	5365	4
3152	5365	5369	4
3153	5369	5373	4
3154	5373	5377	4
3155	5377	5381	4
3156	5381	5385	4
3157	5385	5389	4
3158	5389	5393	4
3159	5393	5397	4
3160	5397	5401	4
3161	5401	5405	4
3162	5405	5409	4
3163	5409	5413	4
3164	5413	5417	4
3165	5417	5421	4
3166	5421	5425	4
3167	5425	5429	4
3168	5429	5433	4
3169	5433	5437	4
3170	5437	5441	4
3171	5441	5445	4
3172	5445	5449	4
3173	5449	5453	4
3174	5453	5457	4
3175	5457	5461	4
3176	5461	5465	4
3177	5465	5469	4
3178	5469	5473	4
3179	5473	5477	4
3180	5477	5481	4
3181	5481	5485	4
3182	5485	5489	4
3183	5489	5493	4
3184	5493	5497	4
3185	5497	5501	4
3186	5501	5505	4
3187	5505	5509	4
3188	5509	5513	4
3189	5513	5517	4
3190	5517	5521	4
3191	5521	5525	4
3192	5525	5529	4
3193	5529	5533	4
3194	5533	5537	4
3195	5537	5541	4
3196	5541	5545	4
3197	5545	5549	4
3198	5549	5553	4
3199	5553	5557	4
3200	5557	5561	4
3201	5561	5565	4
3202	5565	5569	4
3203	5569	5573	4
3204	5573	5577	4
3205	5577	5581	4
3206	5581	5585	4
3207	5585	5589	4
3208	5589	5593	4
3209	5593	5597	4
3210	5597	5601	4
3211	5601	5605	4
3212	5605	5609	4
3213	5609	5613	4
3214	5613	5617	4
3215	5617	5621	4
3216	5621	5625	4
3217	5625	5629	4
3218	5629	5633	4
3219	5633	5637	4
3220	5637	5641	4
3221	5641	5645	4
3222	5645	5649	4
3223	5649	5653	4
3224	5653	5657	4
3225	5657	5661	4
3226	5661	5665	4
3227	5665	5669	4
3228	5669	5673	4
3229	5673	5677	4
3230	5677	5681	4
3231	5681	5685	4
3232	5685	5689	4
3233	5689	5693	4
3234	5693	5697	4
3235	5697	5701	4
3236	5701	5705	4
3237	5705	5709	4
3238	5709	5713	4
3239	5713	5717	4
3240	5717	5721	4
3241	5721	5725	4
3242	5725	5729	4
3243	5729	5733	4
3244	5733	5737	4
3245	5737	5741	4
3246	5741	5745	4
3247	5745	5749	4
3248	5749	5753	4
3249	5753	5757	4
3250	5757	5761	4
3251	5761	5765	4
3252	5765	5769	4
3253	5769	5773	4
3254	5773	5777	4
3255	5777	5781	4
3256	5781	5785	4
3257	5785	5789	4
3258	5789	5793	4
3259	5793	5797	4
3260	5797	5801	4
3261	5801	5805	4
3262	5805	5809	4
3263	5809	5813	4
3264	5813	5817	4
3265	5817	5821	4
3266	5821	5825	4
3267	5825	5829	4
3268	5829	5833	4
3269	5833	5837	4
3270	5837	5841	4
3271	5841	5845	4
3272	5845	5849	4
3273	5849	5853	4
3274	5853	5857	4
3275	5857	5862	5
3276	5862	5867	5
3277	5867	5872	5
3278	5872	5877	5
3279	5877	5882	5
3280	5882	5887	5
3281	5887	5892	5
3282	5892	5897	5
3283	5897	5902	5
3284	5902	5907	5
3285	5907	5912	5
3286	5912	5917	5
3287	5917	5922	5
3288	5922	5927	5
3289	5927	5932	5
3290	5932	5937	5
3291	5937	5942	5
3292	5942	5947	5
3293	5947	5952	5
3294	5952	5957	5
3295	5957	5962	5
3296	5962	5967	5
3297	5967	5972	5
3298	5972	5977	5
3299	5977	5982	5
3300	5982	5987	5
3301	5987	5992	5
3302	5992	5997	5
3303	5997	6002	5
3304	6002	6007	5
3305	6007	6012	5
3306	6012	6017	5
3307	6017	6022	5
3308	6022	6027	5
3309	6027	6032	5
3310	6032	6037	5
3311	6037	6042	5
3312	6042	6047	5
3313	6047	6052	5
3314	6052	6057	5
3315	6057	6062	5
3316	6062	6067	5
3317	6067	6072	5
3318	6072	6077	5
3319	6077	6082	5
3320	6082	6087	5
3321	6087	6092	5
3322	6092	6097	5
3323	6097	6102	5
3324	6102	6107	5
3325	6107	6112	5
3326	6112	6117	5
3327	6117	6122	5
3328	6122	6127	5
3329	6127	6132	5
3330	6132	6137	5
3331	6137	6142	5
3332	6142	6147	5
3333	6147	6152	5
3334	6152	6157	5
3335	6157	6162	5
3336	6162	6167	5
3337	6167	6172	5
3338	6172	6177	5
3339	6177	6182	5
3340	6182	6187	5
3341	6187	6192	5
3342	6192	6197	5
3343	6197	6202	5
3344	6202	6207	5
3345	6207	6212	5
3346	6212	6217	5
3347	6217	6222	5
3348	6222	6227	5
3349	6227	6232	5
3350	6232	6237	5
3351	6237	6242	5
3352	6242	6247	5
3353	6247	6252	5
3354	6252	6257	5
3355	6257	6262	5
3356	6262	6267	5
3357	6267	6272	5
3358	6272	6277	5
3359	6277	6282	5
3360	6282	6287	5
3361	6287	6292	5
3362	6292	6297	5
3363	6297	6302	5
3364	6302	6307	5
3365	6307	6312	5
3366	6312	6317	5
3367	6317	6322	5
3368	6322	6327	5
3369	6327	6332	5
3370	6332	6337	5
3371	6337	6342	5
3372	6342	6347	5
3373	6347	6352	5
3374	6352	6357	5
3375	6357	6362	5
3376	6362	6367	5
3377	6367	6372	5
3378	6372	6377	5
3379	6377	6382	5
3380	6382	6387	5
3381	6387	6392	5
3382	6392	6397	5
3383	6397	6402	5
3384	6402	6407	5
3385	6407	6412	5
3386	6412	6417	5
3387	6417	6422	5
3388	6422	6427	5
3389	6427	6432	5
3390	6432	6437	5
3391	6437	6442	5
3392	6442	6447	5
3393	6447	6452	5
3394	6452	6457	5
3395	6457	6462	5
3396	6462	6467	5
3397	6467	6472	5
3398	6472	6477	5
3399	6477	6482	5
3400	6482	6487	5
3401	6487	6492	5
3402	6492	6497	5
3403	6497	6502	5
3404	6502	6507	5
3405	6507	6512	5
3406	6512	6517	5
3407	6517	6522	5
3408	6522	6527	5
3409	6527	6532	5
3410	6532	6537	5
3411	6537	6542	5
3412	6542	6547	5
3413	6547	6552	5
3414	6552	6557	5
3415	6557	6562	5
3416	6562	6567	5
3417	6567	6572	5
3418	6572	6577	5
3419	6577	6582	5
3420	6582	6587	5
3421	6587	6592	5
3422	6592	6597	5
3423	6597	6602	5
3424	6602	6607	5
3425	6607	6612	5
3426	6612	6617	5
3427	6617	6622	5
3428	6622	6627	5
3429	6627	6632	5
3430	6632	6637	5
3431	6637	6643	6
3432	6643	6649	6
3433	6649	6655	6
3434	6655	6661	6
3435	6661	6667	6
3436	6667	6673	6
3437	6673	6679	6
3438	6679	6685	6
3439	6685	6691	6
3440	6691	6697	6
3441	6697	6703	6
3442	6703	6709	6
3443	6709	6715	6
3444	6715	6721	6
3445	6721	6727	6
3446	6727	6733	6
3447	6733	6739	6
3448	6739	6745	6
3449	6745	6751	6
3450	6751	6757	6
3451	6757	6763	6
3452	6763	6769	6
3453	6769	6775	6
3454	6775	6781	6
3455	6781	6787	6
3456	6787	6793	6
3457	6793	6799	6
3458	6799	6805	6
3459	6805	6811	6
3460	6811	6817	6
3461	6817	6823	6
3462	6823	6829	6
3463	6829	6835	6
3464	6835	6841	6
3465	6841	6847	6
3466	6847	6853	6
3467	6853	6859	6
3468	6859	6865	6
3469	6865	6871	6
3470	6871	6877	6
3471	6877	6883	6
3472	6883	6889	6
3473	6889	6895	6
3474	6895	6901	6
3475	6901	6907	6
3476	6907	6913	6
3477	6913	6919	6
3478	6919	6925	6
3479	6925	6931	6
3480	6931	6937	6
3481	6937	6943	6
3482	6943	6949	6
3483	6949	6955	6
3484	6955	6961	6
3485	6961	6967	6
3486	6967	6973	6
3487	6973	6979	6
3488	6979	6985	6
3489	6985	6991	6
3490	6991	6997	6
3491	6997	7003	6
3492	7003	7009	6
3493	7009	7015	6
3494	7015	7021	6
3495	7021	7027	6
3496	7027	7033	6
3497	7033	7039	6
3498	7039	7045	6
3499	7045	7051	6
3500	7051	7057	6
3501	7057	7063	6
3502	7063	7069	6
3503	7069	7075	6
3504	7075	7081	6
3505	7081	7087	6
3506	7087	7093	6
3507	7093	7099	6
3508	7099	7105	6
3509	7105	7111	6
3510	7111	7117	6
3511	7117	7123	6
3512	7123	7129	6
3513	7129	7135	6
3514	7135	7141	6
3515	7141	7147	6
3516	7147	7153	6
3517	7153	7159	6
3518	7159	7165	6
3519	7165	7171	6
3520	7171	7177	6
3521	7177	7183	6
3522	7183	7189	6
3523	7189	7195	6
3524	7195	7201	6
3525	7201	7207	6
3526	7207	7213	6
3527	7213	7219	6
3528	7219	7225	6
3529	7225	7231	6
3530	7231	7237	6
3531	7237	7243	6
3532	7243	7249	6
3533	7249	7255	6
3534	7255	7261	6
3535	7261	7267	6
3536	7267	7273	6
3537	7273	7279	6
3538	7279	7285	6
3539	7285	7291	6
3540	7291	7297	6
3541	7297	7303	6
3542	7303	7309	6
3543	7309	7315	6
3544	7315	7321	6
3545	7321	7327	6
3546	7327	7333	6
3547	7333	7339	6
3548	7339	7345	6
3549	7345	7351	6
3550	7351	7357	6
3551	7357	7363	6
3552	7363	7369	6
3553	7369	7375	6
3554	7375	7382	7
3555	7382	7389	7
3556	7389	7396	7
3557	7396	7403	7
3558	7403	7410	7
3559	7410	7417	7
3560	7417	7424	7
3561	7424	7431	7
3562	7431	7438	7
3563	7438	7445	7
3564	7445	7452	7
3565	7452	7459	7
3566	7459	7466	7
3567	7466	7473	7
3568	7473	7480	7
3569	7480	7487	7
3570	7487	7494	7
3571	7494	7501	7
3572	7501	7508	7
3573	7508	7515	7
3574	7515	7522	7
3575	7522	7529	7
3576	7529	7536	7
3577	7536	7543	7
3578	7543	7550	7
3579	7550	7557	7
3580	7557	7564	7
3581	7564	7571	7
3582	7571	7578	7
3583	7578	7585	7
3584	7585	7592	7
3585	7592	7599	7
3586	7599	7606	7
3587	7606	7613	7
3588	7613	7620	7
3589	7620	7627	7
3590	7627	7634	7
3591	7634	7641	7
3592	7641	7648	7
3593	7648	7655	7
3594	7655	7662	7
3595	7662	7669	7
3596	7669	7676	7
3597	7676	7683	7
3598	7683	7690	7
3599	7690	7697	7
3600	7697	7704	7
3601	7704	7711	7
3602	7711	7718	7
3603	7718	7725	7
3604	7725	7732	7
3605	7732	7739	7
3606	7739	7746	7
3607	7746	7753	7
3608	7753	7760	7
3609	7760	7767	7
3610	7767	7774	7
3611	7774	7781	7
3612	7781	7788	7
3613	7788	7795	7
3614	7795	7802	7
3615	7802	7809	7
3616	7809	7816	7
3617	7816	7823	7
3618	7823	7830	7
3619	7830	7837	7
3620	7837	7844	7
3621	7844	7851	7
3622	7851	7858	7
3623	7858	7865	7
3624	7865	7872	7
3625	7872	7879	7
3626	7879	7886	7
3627	7886	7893	7
3628	7893	7900	7
3629	7900	7907	7
3630	7907	7914	7
3631	7914	7921	7
3632	7921	7929	8
3633	7929	7937	8
3634	7937	7945	8
3635	7945	7953	8
3636	7953	7961	8
3637	7961	7969	8
3638	7969	7977	8
3639	7977	7985	8
3640	7985	7993	8
3641	7993	8001	8
3642	8001	8009	8
3643	8009	8017	8
3644	8017	8025	8
3645	8025	8033	8
3646	8033	8041	8
3647	8041	8049	8
3648	8049	8057	8
3649	8057	8065	8
3650	8065	8073	8
3651	8073	8081	8
3652	8081	8089	8
3653	8089	8097	8
3654	8097	8105	8
3655	8105	8113	8
3656	8113	8121	8
3657	8121	8129	8
3658	8129	8137	8
3659	8137	8145	8
3660	8145	8153	8
3661	8153	8161	8
3662	8161	8169	8
3663	8169	8177	8
3664	8177	8185	8
3665	8185	8193	8
3666	8193	8201	8
3667	8201	8209	8
3668	8209	8217	8
3669	8217	8225	8
3670	8225	8233	8
3671	8233	8241	8
3672	8241	8249	8
3673	8249	8257	8
3674	8257	8265	8
3675	8265	8273	8
3676	8273	8281	8
3677	8281	8289	8
3678	8289	8297	8
3679	8297	8305	8
3680	8305	8313	8
3681	8313	8321	8
3682	8321	8329	8
3683	8329	8337	8
3684	8337	8345	8
3685	8345	8353	8
3686	8353	8361	8
3687	8361	8369	8
3688	8369	8377	8
3689	8377	8385	8
3690	8385	8393	8
3691	8393	8401	8
3692	8401	8409	8
3693	8409	8417	8
3694	8417	8425	8
3695	8425	8433	8
3696	8433	8441	8
3697	8441	8449	8
3698	8449	8457	8
3699	8457	8465	8
3700	8465	8473	8
3701	8473	8481	8
3702	8481	8489	8
3703	8489	8497	8
3704	8497	8505	8
3705	8505	8513	8
3706	8513	8521	8
3707	8521	8529	8
3708	8529	8537	8
3709	8537	8545	8
3710	8545	8553	8
3711	8553	8561	8
3712	8561	8569	8
3713	8569	8577	8
3714	8577	8585	8
3715	8585	8593	8
3716	8593	8601	8
3717	8601	8609	8
3718	8609	8618	9
3719	8618	8627	9
3720	8627	8636	9
3721	8636	8645	9
3722	8645	8654	9
3723	8654	8663	9
3724	8663	8672	9
3725	8672	8681	9
3726	8681	8690	9
3727	8690	8699	9
3728	8699	8708	9
3729	8708	8717	9
3730	8717	8726	9
3731	8726	8735	9
3732	8735	8744	9
3733	8744	8753	9
3734	8753	8762	9
3735	8762	8771	9
3736	8771	8780	9
3737	8780	8789	9
3738	8789	8798	9
3739	8798	8807	9
3740	8807	8816	9
3741	8816	8825	9
3742	8825	8834	9
3743	8834	8843	9
3744	8843	8852	9
3745	8852	8861	9
3746	8861	8870	9
3747	8870	8879	9
3748	8879	8888	9
3749	8888	8897	9
3750	8897	8906	9
3751	8906	8915	9
3752	8915	8924	9
3753	8924	8933	9
3754	8933	8942	9
3755	8942	8951	9
3756	8951	8960	9
3757	8960	8969	9
3758	8969	8978	9
3759	8978	8987	9
3760	8987	8996	9
3761	8996	9005	9
3762	9005	9014	9
3763	9014	9023	9
3764	9023	9032	9
3765	9032	9041	9
3766	9041	9050	9
3767	9050	9059	9
3768	9059	9068	9
3769	9068	9077	9
3770	9077	9086	9
3771	9086	9095	9
3772	9095	9104	9
3773	9104	9113	9
3774	9113	9122	9
3775	9122	9131	9
3776	9131	9140	9
3777	9140	9149	9
3778	9149	9158	9
3779	9158	9167	9
3780	9167	9176	9
3781	9176	9186	10
3782	9186	9196	10
3783	9196	9206	10
3784	9206	9216	10
3785	9216	9226	10
3786	9226	9236	10
3787	9236	9246	10
3788	9246	9256	10
3789	9256	9266	10
3790	9266	9276	10
3791	9276	9286	10
3792	9286	9296	10
3793	9296	9306	10
3794	9306	9316	10
3795	9316	9326	10
3796	9326	9336	10
3797	9336	9346	10
3798	9346	9356	10
3799	9356	9366	10
3800	9366	9376	10
3801	9376	9386	10
3802	9386	9396	10
3803	9396	9406	10
3804	9406	9416	10
3805	9416	9426	10
3806	9426	9436	10
3807	9436	9446	10
3808	9446	9456	10
3809	9456	9466	10
3810	9466	9476	10
3811	9476	9486	10
3812	9486	9496	10
3813	9496	9506	10
3814	9506	9516	10
3815	9516	9526	10
3816	9526	9536	10
3817	9536	9546	10
3818	9546	9556	10
3819	9556	9566	10
3820	9566	9576	10
3821	9576	9586	10
3822	9586	9596	10
3823	9596	9606	10
3824	9606	9616	10
3825	9616	9626	10
3826	9626	9636	10
3827	9636	9647	11
3828	9647	9658	11
3829	9658	9669	11
3830	9669	9680	11
3831	9680	9691	11
3832	9691	9702	11
3833	9702	9713	11
3834	9713	9724	11
3835	9724	9735	11
3836	9735	9746	11
3837	9746	9757	11
3838	9757	9768	11
3839	9768	9779	11
3840	9779	9790	11
3841	9790	9801	11
3842	9801	9812	11
3843	9812	9823	11
3844	9823	9834	11
3845	9834	9845	11
3846	9845	9856	11
3847	9856	9867	11
3848	9867	9878	11
3849	9878	9889	11
3850	9889	9900	11
3851	9900	9911	11
3852	9911	9922	11
3853	9922	9933	11
3854	9933	9944	11
3855	9944	9955	11
3856	9955	9966	11
3857	9966	9977	11
3858	9977	9988	11
3859	9988	9999	11
3860	9999	10010	11
3861	10010	10021	11
3862	10021	10032	11
3863	10032	10043	11
3864	10043	10054	11
3865	10054	10066	12
3866	10066	10078	12
3867	10078	10090	12
3868	10090	10102	12
3869	10102	10114	12
3870	10114	10126	12
3871	10126	10138	12
3872	10138	10150	12
3873	10150	10162	12
3874	10162	10174	12
3875	10174	10186	12
3876	10186	10198	12
