#
#N Pointing	tstart	tend	Obs time
#		s
1	210	211	1
2	211	212	1
3	212	213	1
4	213	214	1
5	214	215	1
6	215	216	1
7	216	217	1
8	217	218	1
9	218	219	1
10	219	220	1
11	220	221	1
12	221	222	1
13	222	223	1
14	223	224	1
15	224	225	1
16	225	226	1
17	226	227	1
18	227	228	1
19	228	229	1
20	229	230	1
21	230	231	1
22	231	232	1
23	232	233	1
24	233	234	1
25	234	235	1
26	235	236	1
27	236	237	1
28	237	238	1
29	238	239	1
30	239	240	1
31	240	241	1
32	241	242	1
33	242	243	1
34	243	244	1
35	244	245	1
36	245	246	1
37	246	247	1
38	247	248	1
39	248	249	1
40	249	250	1
41	250	251	1
42	251	252	1
43	252	253	1
44	253	254	1
45	254	255	1
46	255	256	1
47	256	257	1
48	257	258	1
49	258	259	1
50	259	260	1
51	260	261	1
52	261	262	1
53	262	263	1
54	263	264	1
55	264	265	1
56	265	266	1
57	266	267	1
58	267	268	1
59	268	269	1
60	269	270	1
61	270	271	1
62	271	272	1
63	272	273	1
64	273	274	1
65	274	275	1
66	275	276	1
67	276	277	1
68	277	278	1
69	278	279	1
70	279	280	1
71	280	281	1
72	281	282	1
73	282	283	1
74	283	284	1
75	284	285	1
76	285	286	1
77	286	287	1
78	287	288	1
79	288	289	1
80	289	290	1
81	290	291	1
82	291	292	1
83	292	293	1
84	293	294	1
85	294	295	1
86	295	296	1
87	296	297	1
88	297	298	1
89	298	299	1
90	299	300	1
91	300	301	1
92	301	302	1
93	302	303	1
94	303	304	1
95	304	305	1
96	305	306	1
97	306	307	1
98	307	308	1
99	308	309	1
100	309	310	1
101	310	311	1
102	311	312	1
103	312	313	1
104	313	314	1
105	314	315	1
106	315	316	1
107	316	317	1
108	317	318	1
109	318	319	1
110	319	320	1
111	320	321	1
112	321	322	1
113	322	323	1
114	323	324	1
115	324	325	1
116	325	326	1
117	326	327	1
118	327	328	1
119	328	329	1
120	329	330	1
121	330	331	1
122	331	332	1
123	332	333	1
124	333	334	1
125	334	335	1
126	335	336	1
127	336	337	1
128	337	338	1
129	338	339	1
130	339	340	1
131	340	341	1
132	341	342	1
133	342	343	1
134	343	344	1
135	344	345	1
136	345	346	1
137	346	347	1
138	347	348	1
139	348	349	1
140	349	350	1
141	350	351	1
142	351	352	1
143	352	353	1
144	353	354	1
145	354	355	1
146	355	356	1
147	356	357	1
148	357	358	1
149	358	359	1
150	359	360	1
151	360	361	1
152	361	362	1
153	362	363	1
154	363	364	1
155	364	365	1
156	365	366	1
157	366	367	1
158	367	368	1
159	368	369	1
160	369	370	1
161	370	371	1
162	371	372	1
163	372	373	1
164	373	374	1
165	374	375	1
166	375	376	1
167	376	377	1
168	377	378	1
169	378	379	1
170	379	380	1
171	380	381	1
172	381	382	1
173	382	383	1
174	383	384	1
175	384	385	1
176	385	386	1
177	386	387	1
178	387	388	1
179	388	389	1
180	389	390	1
181	390	391	1
182	391	392	1
183	392	393	1
184	393	394	1
185	394	395	1
186	395	396	1
187	396	397	1
188	397	398	1
189	398	399	1
190	399	400	1
191	400	401	1
192	401	402	1
193	402	403	1
194	403	404	1
195	404	405	1
196	405	406	1
197	406	407	1
198	407	408	1
199	408	409	1
200	409	410	1
201	410	411	1
202	411	412	1
203	412	413	1
204	413	414	1
205	414	415	1
206	415	416	1
207	416	417	1
208	417	418	1
209	418	419	1
210	419	420	1
211	420	421	1
212	421	422	1
213	422	423	1
214	423	424	1
215	424	425	1
216	425	426	1
217	426	427	1
218	427	428	1
219	428	429	1
220	429	430	1
221	430	431	1
222	431	432	1
223	432	433	1
224	433	434	1
225	434	435	1
226	435	436	1
227	436	437	1
228	437	438	1
229	438	439	1
230	439	440	1
231	440	441	1
232	441	442	1
233	442	443	1
234	443	444	1
235	444	445	1
236	445	446	1
237	446	447	1
238	447	448	1
239	448	449	1
240	449	450	1
241	450	451	1
242	451	452	1
243	452	453	1
244	453	454	1
245	454	455	1
246	455	456	1
247	456	457	1
248	457	458	1
249	458	459	1
250	459	460	1
251	460	461	1
252	461	462	1
253	462	463	1
254	463	464	1
255	464	465	1
256	465	466	1
257	466	467	1
258	467	468	1
259	468	469	1
260	469	470	1
261	470	471	1
262	471	472	1
263	472	473	1
264	473	474	1
265	474	475	1
266	475	476	1
267	476	477	1
268	477	478	1
269	478	479	1
270	479	480	1
271	480	481	1
272	481	482	1
273	482	483	1
274	483	484	1
275	484	485	1
276	485	486	1
277	486	487	1
278	487	488	1
279	488	489	1
280	489	490	1
281	490	491	1
282	491	492	1
283	492	493	1
284	493	494	1
285	494	495	1
286	495	496	1
287	496	497	1
288	497	498	1
289	498	499	1
290	499	500	1
291	500	501	1
292	501	502	1
293	502	503	1
294	503	504	1
295	504	505	1
296	505	506	1
297	506	507	1
298	507	508	1
299	508	509	1
300	509	510	1
301	510	511	1
302	511	512	1
303	512	513	1
304	513	514	1
305	514	515	1
306	515	516	1
307	516	517	1
308	517	518	1
309	518	519	1
310	519	520	1
311	520	521	1
312	521	522	1
313	522	523	1
314	523	524	1
315	524	525	1
316	525	526	1
317	526	527	1
318	527	528	1
319	528	529	1
320	529	530	1
321	530	531	1
322	531	532	1
323	532	533	1
324	533	534	1
325	534	535	1
326	535	536	1
327	536	537	1
328	537	538	1
329	538	539	1
330	539	540	1
331	540	541	1
332	541	542	1
333	542	543	1
334	543	544	1
335	544	545	1
336	545	546	1
337	546	547	1
338	547	548	1
339	548	549	1
340	549	550	1
341	550	551	1
342	551	552	1
343	552	553	1
344	553	554	1
345	554	555	1
346	555	556	1
347	556	557	1
348	557	558	1
349	558	559	1
350	559	560	1
351	560	561	1
352	561	562	1
353	562	563	1
354	563	564	1
355	564	565	1
356	565	566	1
357	566	567	1
358	567	568	1
359	568	569	1
360	569	570	1
361	570	571	1
362	571	572	1
363	572	573	1
364	573	574	1
365	574	575	1
366	575	576	1
367	576	577	1
368	577	578	1
369	578	579	1
370	579	580	1
371	580	581	1
372	581	582	1
373	582	583	1
374	583	584	1
375	584	585	1
376	585	586	1
377	586	587	1
378	587	588	1
379	588	589	1
380	589	590	1
381	590	591	1
382	591	592	1
383	592	593	1
384	593	594	1
385	594	595	1
386	595	596	1
387	596	597	1
388	597	598	1
389	598	599	1
390	599	600	1
391	600	601	1
392	601	602	1
393	602	603	1
394	603	604	1
395	604	605	1
396	605	606	1
397	606	607	1
398	607	608	1
399	608	609	1
400	609	610	1
401	610	611	1
402	611	612	1
403	612	613	1
404	613	614	1
405	614	615	1
406	615	616	1
407	616	617	1
408	617	618	1
409	618	619	1
410	619	620	1
411	620	621	1
412	621	622	1
413	622	623	1
414	623	624	1
415	624	625	1
416	625	626	1
417	626	627	1
418	627	628	1
419	628	629	1
420	629	630	1
421	630	631	1
422	631	632	1
423	632	633	1
424	633	634	1
425	634	635	1
426	635	636	1
427	636	637	1
428	637	638	1
429	638	639	1
430	639	640	1
431	640	641	1
432	641	642	1
433	642	643	1
434	643	644	1
435	644	645	1
436	645	646	1
437	646	647	1
438	647	648	1
439	648	649	1
440	649	650	1
441	650	651	1
442	651	652	1
443	652	653	1
444	653	654	1
445	654	655	1
446	655	656	1
447	656	657	1
448	657	658	1
449	658	659	1
450	659	660	1
451	660	661	1
452	661	662	1
453	662	663	1
454	663	664	1
455	664	665	1
456	665	666	1
457	666	667	1
458	667	668	1
459	668	669	1
460	669	670	1
461	670	671	1
462	671	672	1
463	672	673	1
464	673	674	1
465	674	675	1
466	675	676	1
467	676	677	1
468	677	678	1
469	678	679	1
470	679	680	1
471	680	681	1
472	681	682	1
473	682	683	1
474	683	684	1
475	684	685	1
476	685	686	1
477	686	687	1
478	687	688	1
479	688	689	1
480	689	690	1
481	690	691	1
482	691	692	1
483	692	693	1
484	693	694	1
485	694	695	1
486	695	696	1
487	696	697	1
488	697	698	1
489	698	699	1
490	699	700	1
491	700	701	1
492	701	702	1
493	702	703	1
494	703	704	1
495	704	705	1
496	705	706	1
497	706	707	1
498	707	708	1
499	708	709	1
500	709	710	1
501	710	711	1
502	711	712	1
503	712	713	1
504	713	714	1
505	714	715	1
506	715	716	1
507	716	717	1
508	717	718	1
509	718	719	1
510	719	720	1
511	720	721	1
512	721	722	1
513	722	723	1
514	723	724	1
515	724	725	1
516	725	726	1
517	726	727	1
518	727	728	1
519	728	729	1
520	729	730	1
521	730	731	1
522	731	732	1
523	732	733	1
524	733	734	1
525	734	735	1
526	735	736	1
527	736	737	1
528	737	738	1
529	738	739	1
530	739	740	1
531	740	741	1
532	741	742	1
533	742	743	1
534	743	744	1
535	744	745	1
536	745	746	1
537	746	747	1
538	747	748	1
539	748	749	1
540	749	750	1
541	750	751	1
542	751	752	1
543	752	753	1
544	753	754	1
545	754	755	1
546	755	756	1
547	756	757	1
548	757	758	1
549	758	759	1
550	759	760	1
551	760	761	1
552	761	762	1
553	762	763	1
554	763	764	1
555	764	765	1
556	765	766	1
557	766	767	1
558	767	768	1
559	768	769	1
560	769	770	1
561	770	771	1
562	771	772	1
563	772	773	1
564	773	774	1
565	774	775	1
566	775	776	1
567	776	777	1
568	777	778	1
569	778	779	1
570	779	780	1
571	780	781	1
572	781	782	1
573	782	783	1
574	783	784	1
575	784	785	1
576	785	786	1
577	786	787	1
578	787	788	1
579	788	789	1
580	789	790	1
581	790	791	1
582	791	792	1
583	792	793	1
584	793	794	1
585	794	795	1
586	795	796	1
587	796	797	1
588	797	798	1
589	798	799	1
590	799	800	1
591	800	801	1
592	801	802	1
593	802	803	1
594	803	804	1
595	804	805	1
596	805	806	1
597	806	807	1
598	807	808	1
599	808	809	1
600	809	810	1
601	810	811	1
602	811	812	1
603	812	813	1
604	813	814	1
605	814	815	1
606	815	816	1
607	816	817	1
608	817	818	1
609	818	819	1
610	819	820	1
611	820	821	1
612	821	822	1
613	822	823	1
614	823	824	1
615	824	825	1
616	825	826	1
617	826	827	1
618	827	828	1
619	828	829	1
620	829	830	1
621	830	831	1
622	831	832	1
623	832	833	1
624	833	834	1
625	834	835	1
626	835	836	1
627	836	837	1
628	837	838	1
629	838	839	1
630	839	840	1
631	840	841	1
632	841	842	1
633	842	843	1
634	843	844	1
635	844	845	1
636	845	846	1
637	846	847	1
638	847	848	1
639	848	849	1
640	849	850	1
641	850	851	1
642	851	852	1
643	852	853	1
644	853	854	1
645	854	855	1
646	855	856	1
647	856	857	1
648	857	858	1
649	858	859	1
650	859	860	1
651	860	861	1
652	861	862	1
653	862	863	1
654	863	864	1
655	864	865	1
656	865	866	1
657	866	867	1
658	867	868	1
659	868	869	1
660	869	870	1
661	870	871	1
662	871	872	1
663	872	873	1
664	873	874	1
665	874	875	1
666	875	876	1
667	876	877	1
668	877	878	1
669	878	879	1
670	879	880	1
671	880	881	1
672	881	882	1
673	882	883	1
674	883	884	1
675	884	885	1
676	885	886	1
677	886	887	1
678	887	888	1
679	888	889	1
680	889	890	1
681	890	891	1
682	891	892	1
683	892	893	1
684	893	894	1
685	894	895	1
686	895	896	1
687	896	897	1
688	897	898	1
689	898	899	1
690	899	900	1
691	900	901	1
692	901	902	1
693	902	903	1
694	903	904	1
695	904	905	1
696	905	906	1
697	906	907	1
698	907	908	1
699	908	909	1
700	909	910	1
701	910	911	1
702	911	912	1
703	912	913	1
704	913	914	1
705	914	915	1
706	915	916	1
707	916	917	1
708	917	918	1
709	918	919	1
710	919	920	1
711	920	921	1
712	921	922	1
713	922	923	1
714	923	924	1
715	924	925	1
716	925	926	1
717	926	927	1
718	927	928	1
719	928	929	1
720	929	930	1
721	930	931	1
722	931	932	1
723	932	933	1
724	933	934	1
725	934	935	1
726	935	936	1
727	936	937	1
728	937	938	1
729	938	939	1
730	939	940	1
731	940	941	1
732	941	942	1
733	942	943	1
734	943	944	1
735	944	945	1
736	945	946	1
737	946	947	1
738	947	948	1
739	948	949	1
740	949	950	1
741	950	951	1
742	951	952	1
743	952	953	1
744	953	954	1
745	954	955	1
746	955	956	1
747	956	957	1
748	957	958	1
749	958	959	1
750	959	960	1
751	960	961	1
752	961	962	1
753	962	963	1
754	963	964	1
755	964	965	1
756	965	966	1
757	966	967	1
758	967	968	1
759	968	969	1
760	969	970	1
761	970	971	1
762	971	972	1
763	972	973	1
764	973	974	1
765	974	975	1
766	975	976	1
767	976	977	1
768	977	978	1
769	978	979	1
770	979	980	1
771	980	981	1
772	981	982	1
773	982	983	1
774	983	984	1
775	984	985	1
776	985	986	1
777	986	987	1
778	987	988	1
779	988	989	1
780	989	990	1
781	990	991	1
782	991	992	1
783	992	993	1
784	993	994	1
785	994	995	1
786	995	996	1
787	996	997	1
788	997	998	1
789	998	999	1
790	999	1000	1
791	1000	1001	1
792	1001	1002	1
793	1002	1003	1
794	1003	1004	1
795	1004	1005	1
796	1005	1006	1
797	1006	1007	1
798	1007	1008	1
799	1008	1009	1
800	1009	1010	1
801	1010	1011	1
802	1011	1012	1
803	1012	1013	1
804	1013	1014	1
805	1014	1015	1
806	1015	1016	1
807	1016	1017	1
808	1017	1018	1
809	1018	1019	1
810	1019	1020	1
811	1020	1021	1
812	1021	1022	1
813	1022	1023	1
814	1023	1024	1
815	1024	1025	1
816	1025	1026	1
817	1026	1027	1
818	1027	1028	1
819	1028	1029	1
820	1029	1030	1
821	1030	1031	1
822	1031	1032	1
823	1032	1033	1
824	1033	1034	1
825	1034	1035	1
826	1035	1036	1
827	1036	1037	1
828	1037	1038	1
829	1038	1039	1
830	1039	1040	1
831	1040	1041	1
832	1041	1042	1
833	1042	1043	1
834	1043	1044	1
835	1044	1045	1
836	1045	1046	1
837	1046	1047	1
838	1047	1048	1
839	1048	1049	1
840	1049	1050	1
841	1050	1051	1
842	1051	1052	1
843	1052	1053	1
844	1053	1054	1
845	1054	1055	1
846	1055	1056	1
847	1056	1057	1
848	1057	1058	1
849	1058	1059	1
850	1059	1060	1
851	1060	1061	1
852	1061	1062	1
853	1062	1063	1
854	1063	1064	1
855	1064	1065	1
856	1065	1066	1
857	1066	1067	1
858	1067	1068	1
859	1068	1069	1
860	1069	1070	1
861	1070	1071	1
862	1071	1072	1
863	1072	1073	1
864	1073	1074	1
865	1074	1075	1
866	1075	1076	1
867	1076	1077	1
868	1077	1078	1
869	1078	1079	1
870	1079	1080	1
871	1080	1081	1
872	1081	1082	1
873	1082	1083	1
874	1083	1084	1
875	1084	1085	1
876	1085	1086	1
877	1086	1087	1
878	1087	1088	1
879	1088	1089	1
880	1089	1090	1
881	1090	1091	1
882	1091	1092	1
883	1092	1093	1
884	1093	1094	1
885	1094	1095	1
886	1095	1096	1
887	1096	1097	1
888	1097	1098	1
889	1098	1099	1
890	1099	1100	1
891	1100	1101	1
892	1101	1102	1
893	1102	1103	1
894	1103	1104	1
895	1104	1105	1
896	1105	1106	1
897	1106	1107	1
898	1107	1108	1
899	1108	1109	1
900	1109	1110	1
901	1110	1111	1
902	1111	1112	1
903	1112	1113	1
904	1113	1114	1
905	1114	1115	1
906	1115	1116	1
907	1116	1117	1
908	1117	1118	1
909	1118	1119	1
910	1119	1120	1
911	1120	1121	1
912	1121	1122	1
913	1122	1123	1
914	1123	1124	1
915	1124	1125	1
916	1125	1126	1
917	1126	1127	1
918	1127	1128	1
919	1128	1129	1
920	1129	1130	1
921	1130	1131	1
922	1131	1132	1
923	1132	1133	1
924	1133	1134	1
925	1134	1135	1
926	1135	1136	1
927	1136	1137	1
928	1137	1138	1
929	1138	1139	1
930	1139	1140	1
931	1140	1141	1
932	1141	1142	1
933	1142	1143	1
934	1143	1144	1
935	1144	1145	1
936	1145	1146	1
937	1146	1147	1
938	1147	1148	1
939	1148	1149	1
940	1149	1150	1
941	1150	1151	1
942	1151	1152	1
943	1152	1153	1
944	1153	1154	1
945	1154	1155	1
946	1155	1156	1
947	1156	1157	1
948	1157	1158	1
949	1158	1159	1
950	1159	1160	1
951	1160	1161	1
952	1161	1162	1
953	1162	1163	1
954	1163	1164	1
955	1164	1165	1
956	1165	1166	1
957	1166	1167	1
958	1167	1168	1
959	1168	1169	1
960	1169	1170	1
961	1170	1171	1
962	1171	1172	1
963	1172	1173	1
964	1173	1174	1
965	1174	1175	1
966	1175	1176	1
967	1176	1177	1
968	1177	1178	1
969	1178	1179	1
970	1179	1180	1
971	1180	1181	1
972	1181	1182	1
973	1182	1183	1
974	1183	1184	1
975	1184	1185	1
976	1185	1186	1
977	1186	1187	1
978	1187	1188	1
979	1188	1189	1
980	1189	1190	1
981	1190	1191	1
982	1191	1192	1
983	1192	1193	1
984	1193	1194	1
985	1194	1195	1
986	1195	1196	1
987	1196	1197	1
988	1197	1198	1
989	1198	1199	1
990	1199	1200	1
991	1200	1201	1
992	1201	1202	1
993	1202	1203	1
994	1203	1204	1
995	1204	1205	1
996	1205	1206	1
997	1206	1207	1
998	1207	1208	1
999	1208	1209	1
1000	1209	1210	1
1001	1210	1211	1
1002	1211	1212	1
1003	1212	1213	1
1004	1213	1214	1
1005	1214	1215	1
1006	1215	1216	1
1007	1216	1217	1
1008	1217	1218	1
1009	1218	1219	1
1010	1219	1220	1
1011	1220	1221	1
1012	1221	1222	1
1013	1222	1223	1
1014	1223	1224	1
1015	1224	1225	1
1016	1225	1226	1
1017	1226	1227	1
1018	1227	1228	1
1019	1228	1229	1
1020	1229	1230	1
1021	1230	1231	1
1022	1231	1232	1
1023	1232	1233	1
1024	1233	1234	1
1025	1234	1235	1
1026	1235	1236	1
1027	1236	1237	1
1028	1237	1238	1
1029	1238	1239	1
1030	1239	1240	1
1031	1240	1241	1
1032	1241	1242	1
1033	1242	1243	1
1034	1243	1244	1
1035	1244	1245	1
1036	1245	1246	1
1037	1246	1247	1
1038	1247	1248	1
1039	1248	1249	1
1040	1249	1250	1
1041	1250	1251	1
1042	1251	1252	1
1043	1252	1253	1
1044	1253	1254	1
1045	1254	1255	1
1046	1255	1256	1
1047	1256	1257	1
1048	1257	1258	1
1049	1258	1259	1
1050	1259	1260	1
1051	1260	1261	1
1052	1261	1262	1
1053	1262	1263	1
1054	1263	1264	1
1055	1264	1265	1
1056	1265	1266	1
1057	1266	1267	1
1058	1267	1268	1
1059	1268	1269	1
1060	1269	1270	1
1061	1270	1271	1
1062	1271	1272	1
1063	1272	1273	1
1064	1273	1274	1
1065	1274	1275	1
1066	1275	1276	1
1067	1276	1277	1
1068	1277	1278	1
1069	1278	1279	1
1070	1279	1280	1
1071	1280	1281	1
1072	1281	1282	1
1073	1282	1283	1
1074	1283	1284	1
1075	1284	1285	1
1076	1285	1286	1
1077	1286	1287	1
1078	1287	1288	1
1079	1288	1289	1
1080	1289	1290	1
1081	1290	1291	1
1082	1291	1292	1
1083	1292	1293	1
1084	1293	1294	1
1085	1294	1295	1
1086	1295	1296	1
1087	1296	1297	1
1088	1297	1298	1
1089	1298	1299	1
1090	1299	1300	1
1091	1300	1301	1
1092	1301	1302	1
1093	1302	1303	1
1094	1303	1304	1
1095	1304	1305	1
1096	1305	1306	1
1097	1306	1307	1
1098	1307	1308	1
1099	1308	1309	1
1100	1309	1310	1
1101	1310	1311	1
1102	1311	1312	1
1103	1312	1313	1
1104	1313	1314	1
1105	1314	1315	1
1106	1315	1316	1
1107	1316	1317	1
1108	1317	1318	1
1109	1318	1319	1
1110	1319	1320	1
1111	1320	1321	1
1112	1321	1322	1
1113	1322	1323	1
1114	1323	1324	1
1115	1324	1325	1
1116	1325	1326	1
1117	1326	1327	1
1118	1327	1328	1
1119	1328	1329	1
1120	1329	1330	1
1121	1330	1331	1
1122	1331	1332	1
1123	1332	1333	1
1124	1333	1334	1
1125	1334	1335	1
1126	1335	1336	1
1127	1336	1337	1
1128	1337	1338	1
1129	1338	1339	1
1130	1339	1340	1
1131	1340	1341	1
1132	1341	1342	1
1133	1342	1343	1
1134	1343	1344	1
1135	1344	1345	1
1136	1345	1346	1
1137	1346	1347	1
1138	1347	1348	1
1139	1348	1349	1
1140	1349	1350	1
1141	1350	1351	1
1142	1351	1352	1
1143	1352	1353	1
1144	1353	1354	1
1145	1354	1355	1
1146	1355	1356	1
1147	1356	1357	1
1148	1357	1358	1
1149	1358	1359	1
1150	1359	1360	1
1151	1360	1361	1
1152	1361	1362	1
1153	1362	1363	1
1154	1363	1364	1
1155	1364	1365	1
1156	1365	1366	1
1157	1366	1367	1
1158	1367	1368	1
1159	1368	1369	1
1160	1369	1370	1
1161	1370	1371	1
1162	1371	1372	1
1163	1372	1373	1
1164	1373	1374	1
1165	1374	1375	1
1166	1375	1376	1
1167	1376	1377	1
1168	1377	1378	1
1169	1378	1379	1
1170	1379	1380	1
1171	1380	1381	1
1172	1381	1382	1
1173	1382	1383	1
1174	1383	1384	1
1175	1384	1385	1
1176	1385	1386	1
1177	1386	1387	1
1178	1387	1388	1
1179	1388	1389	1
1180	1389	1390	1
1181	1390	1391	1
1182	1391	1392	1
1183	1392	1393	1
1184	1393	1394	1
1185	1394	1395	1
1186	1395	1396	1
1187	1396	1397	1
1188	1397	1398	1
1189	1398	1399	1
1190	1399	1400	1
1191	1400	1401	1
1192	1401	1402	1
1193	1402	1403	1
1194	1403	1404	1
1195	1404	1405	1
1196	1405	1406	1
1197	1406	1407	1
1198	1407	1408	1
1199	1408	1409	1
1200	1409	1410	1
1201	1410	1411	1
1202	1411	1412	1
1203	1412	1413	1
1204	1413	1414	1
1205	1414	1415	1
1206	1415	1416	1
1207	1416	1417	1
1208	1417	1418	1
1209	1418	1419	1
1210	1419	1420	1
1211	1420	1421	1
1212	1421	1422	1
1213	1422	1423	1
1214	1423	1424	1
1215	1424	1425	1
1216	1425	1426	1
1217	1426	1427	1
1218	1427	1428	1
1219	1428	1429	1
1220	1429	1430	1
1221	1430	1431	1
1222	1431	1432	1
1223	1432	1433	1
1224	1433	1434	1
1225	1434	1435	1
1226	1435	1436	1
1227	1436	1437	1
1228	1437	1438	1
1229	1438	1439	1
1230	1439	1440	1
1231	1440	1441	1
1232	1441	1442	1
1233	1442	1443	1
1234	1443	1444	1
1235	1444	1445	1
1236	1445	1446	1
1237	1446	1447	1
1238	1447	1448	1
1239	1448	1449	1
1240	1449	1450	1
1241	1450	1451	1
1242	1451	1452	1
1243	1452	1453	1
1244	1453	1454	1
1245	1454	1455	1
1246	1455	1456	1
1247	1456	1457	1
1248	1457	1458	1
1249	1458	1459	1
1250	1459	1460	1
1251	1460	1461	1
1252	1461	1462	1
1253	1462	1463	1
1254	1463	1464	1
1255	1464	1465	1
1256	1465	1466	1
1257	1466	1467	1
1258	1467	1468	1
1259	1468	1469	1
1260	1469	1470	1
1261	1470	1471	1
1262	1471	1472	1
1263	1472	1473	1
1264	1473	1474	1
1265	1474	1475	1
1266	1475	1476	1
1267	1476	1477	1
1268	1477	1478	1
1269	1478	1479	1
1270	1479	1480	1
1271	1480	1481	1
1272	1481	1482	1
1273	1482	1483	1
1274	1483	1484	1
1275	1484	1485	1
1276	1485	1486	1
1277	1486	1487	1
1278	1487	1488	1
1279	1488	1489	1
1280	1489	1490	1
1281	1490	1491	1
1282	1491	1492	1
1283	1492	1493	1
1284	1493	1494	1
1285	1494	1495	1
1286	1495	1496	1
1287	1496	1497	1
1288	1497	1498	1
1289	1498	1499	1
1290	1499	1500	1
1291	1500	1501	1
1292	1501	1502	1
1293	1502	1503	1
1294	1503	1504	1
1295	1504	1505	1
1296	1505	1506	1
1297	1506	1507	1
1298	1507	1508	1
1299	1508	1509	1
1300	1509	1510	1
1301	1510	1511	1
1302	1511	1512	1
1303	1512	1513	1
1304	1513	1514	1
1305	1514	1515	1
1306	1515	1516	1
1307	1516	1517	1
1308	1517	1518	1
1309	1518	1519	1
1310	1519	1520	1
1311	1520	1521	1
1312	1521	1522	1
1313	1522	1523	1
1314	1523	1524	1
1315	1524	1525	1
1316	1525	1526	1
1317	1526	1527	1
1318	1527	1528	1
1319	1528	1529	1
1320	1529	1530	1
1321	1530	1531	1
1322	1531	1532	1
1323	1532	1533	1
1324	1533	1534	1
1325	1534	1535	1
1326	1535	1536	1
1327	1536	1537	1
1328	1537	1538	1
1329	1538	1539	1
1330	1539	1540	1
1331	1540	1541	1
1332	1541	1542	1
1333	1542	1543	1
1334	1543	1544	1
1335	1544	1545	1
1336	1545	1546	1
1337	1546	1547	1
1338	1547	1548	1
1339	1548	1549	1
1340	1549	1550	1
1341	1550	1551	1
1342	1551	1552	1
1343	1552	1553	1
1344	1553	1554	1
1345	1554	1555	1
1346	1555	1556	1
1347	1556	1557	1
1348	1557	1558	1
1349	1558	1559	1
1350	1559	1560	1
1351	1560	1561	1
1352	1561	1562	1
1353	1562	1563	1
1354	1563	1564	1
1355	1564	1565	1
1356	1565	1566	1
1357	1566	1567	1
1358	1567	1568	1
1359	1568	1569	1
1360	1569	1570	1
1361	1570	1571	1
1362	1571	1572	1
1363	1572	1573	1
1364	1573	1574	1
1365	1574	1575	1
1366	1575	1576	1
1367	1576	1577	1
1368	1577	1578	1
1369	1578	1579	1
1370	1579	1580	1
1371	1580	1581	1
1372	1581	1582	1
1373	1582	1583	1
1374	1583	1584	1
1375	1584	1585	1
1376	1585	1586	1
1377	1586	1587	1
1378	1587	1588	1
1379	1588	1589	1
1380	1589	1590	1
1381	1590	1591	1
1382	1591	1592	1
1383	1592	1593	1
1384	1593	1594	1
1385	1594	1595	1
1386	1595	1596	1
1387	1596	1597	1
1388	1597	1598	1
1389	1598	1599	1
1390	1599	1600	1
1391	1600	1601	1
1392	1601	1602	1
1393	1602	1603	1
1394	1603	1604	1
1395	1604	1605	1
1396	1605	1606	1
1397	1606	1607	1
1398	1607	1608	1
1399	1608	1609	1
1400	1609	1610	1
1401	1610	1611	1
1402	1611	1612	1
1403	1612	1613	1
1404	1613	1614	1
1405	1614	1615	1
1406	1615	1616	1
1407	1616	1617	1
1408	1617	1618	1
1409	1618	1619	1
1410	1619	1620	1
1411	1620	1621	1
1412	1621	1622	1
1413	1622	1623	1
1414	1623	1624	1
1415	1624	1625	1
1416	1625	1626	1
1417	1626	1627	1
1418	1627	1628	1
1419	1628	1629	1
1420	1629	1630	1
1421	1630	1631	1
1422	1631	1632	1
1423	1632	1633	1
1424	1633	1634	1
1425	1634	1635	1
1426	1635	1636	1
1427	1636	1637	1
1428	1637	1638	1
1429	1638	1639	1
1430	1639	1640	1
1431	1640	1641	1
1432	1641	1642	1
1433	1642	1643	1
1434	1643	1644	1
1435	1644	1645	1
1436	1645	1646	1
1437	1646	1647	1
1438	1647	1648	1
1439	1648	1649	1
1440	1649	1650	1
1441	1650	1651	1
1442	1651	1652	1
1443	1652	1653	1
1444	1653	1654	1
1445	1654	1655	1
1446	1655	1656	1
1447	1656	1657	1
1448	1657	1658	1
1449	1658	1659	1
1450	1659	1660	1
1451	1660	1661	1
1452	1661	1662	1
1453	1662	1663	1
1454	1663	1664	1
1455	1664	1665	1
1456	1665	1666	1
1457	1666	1667	1
1458	1667	1668	1
1459	1668	1669	1
1460	1669	1670	1
1461	1670	1671	1
1462	1671	1672	1
1463	1672	1673	1
1464	1673	1674	1
1465	1674	1675	1
1466	1675	1676	1
1467	1676	1677	1
1468	1677	1678	1
1469	1678	1679	1
1470	1679	1680	1
1471	1680	1681	1
1472	1681	1682	1
1473	1682	1683	1
1474	1683	1684	1
1475	1684	1685	1
1476	1685	1686	1
1477	1686	1687	1
1478	1687	1688	1
1479	1688	1689	1
1480	1689	1690	1
1481	1690	1691	1
1482	1691	1692	1
1483	1692	1693	1
1484	1693	1694	1
1485	1694	1695	1
1486	1695	1696	1
1487	1696	1697	1
1488	1697	1698	1
1489	1698	1699	1
1490	1699	1700	1
1491	1700	1701	1
1492	1701	1702	1
1493	1702	1703	1
1494	1703	1704	1
1495	1704	1705	1
1496	1705	1706	1
1497	1706	1707	1
1498	1707	1708	1
1499	1708	1709	1
1500	1709	1710	1
1501	1710	1711	1
1502	1711	1712	1
1503	1712	1713	1
1504	1713	1714	1
1505	1714	1715	1
1506	1715	1716	1
1507	1716	1717	1
1508	1717	1718	1
1509	1718	1719	1
1510	1719	1720	1
1511	1720	1721	1
1512	1721	1722	1
1513	1722	1723	1
1514	1723	1724	1
1515	1724	1725	1
1516	1725	1726	1
1517	1726	1727	1
1518	1727	1728	1
1519	1728	1729	1
1520	1729	1730	1
1521	1730	1731	1
1522	1731	1732	1
1523	1732	1733	1
1524	1733	1734	1
1525	1734	1735	1
1526	1735	1736	1
1527	1736	1737	1
1528	1737	1738	1
1529	1738	1739	1
1530	1739	1740	1
1531	1740	1741	1
1532	1741	1742	1
1533	1742	1743	1
1534	1743	1744	1
1535	1744	1745	1
1536	1745	1746	1
1537	1746	1747	1
1538	1747	1748	1
1539	1748	1749	1
1540	1749	1750	1
1541	1750	1751	1
1542	1751	1752	1
1543	1752	1753	1
1544	1753	1754	1
1545	1754	1755	1
1546	1755	1756	1
1547	1756	1757	1
1548	1757	1758	1
1549	1758	1759	1
1550	1759	1760	1
1551	1760	1761	1
1552	1761	1762	1
1553	1762	1763	1
1554	1763	1764	1
1555	1764	1765	1
1556	1765	1766	1
1557	1766	1767	1
1558	1767	1768	1
1559	1768	1769	1
1560	1769	1770	1
1561	1770	1771	1
1562	1771	1772	1
1563	1772	1773	1
1564	1773	1774	1
1565	1774	1775	1
1566	1775	1776	1
1567	1776	1777	1
1568	1777	1778	1
1569	1778	1779	1
1570	1779	1780	1
1571	1780	1781	1
1572	1781	1782	1
1573	1782	1783	1
1574	1783	1784	1
1575	1784	1785	1
1576	1785	1786	1
1577	1786	1787	1
1578	1787	1788	1
1579	1788	1789	1
1580	1789	1790	1
1581	1790	1791	1
1582	1791	1792	1
1583	1792	1793	1
1584	1793	1794	1
1585	1794	1795	1
1586	1795	1796	1
1587	1796	1797	1
1588	1797	1798	1
1589	1798	1799	1
1590	1799	1800	1
1591	1800	1801	1
1592	1801	1802	1
1593	1802	1803	1
1594	1803	1804	1
1595	1804	1805	1
1596	1805	1806	1
1597	1806	1807	1
1598	1807	1808	1
1599	1808	1809	1
1600	1809	1810	1
1601	1810	1811	1
1602	1811	1812	1
1603	1812	1813	1
1604	1813	1814	1
1605	1814	1815	1
1606	1815	1816	1
1607	1816	1817	1
1608	1817	1818	1
1609	1818	1819	1
1610	1819	1820	1
1611	1820	1821	1
1612	1821	1822	1
1613	1822	1823	1
1614	1823	1824	1
1615	1824	1825	1
1616	1825	1826	1
1617	1826	1827	1
1618	1827	1828	1
1619	1828	1829	1
1620	1829	1830	1
1621	1830	1831	1
1622	1831	1832	1
1623	1832	1833	1
1624	1833	1834	1
1625	1834	1835	1
1626	1835	1836	1
1627	1836	1837	1
1628	1837	1838	1
1629	1838	1839	1
1630	1839	1840	1
1631	1840	1841	1
1632	1841	1842	1
1633	1842	1843	1
1634	1843	1844	1
1635	1844	1845	1
1636	1845	1846	1
1637	1846	1847	1
1638	1847	1848	1
1639	1848	1849	1
1640	1849	1850	1
1641	1850	1851	1
1642	1851	1852	1
1643	1852	1853	1
1644	1853	1854	1
1645	1854	1855	1
1646	1855	1856	1
1647	1856	1857	1
1648	1857	1858	1
1649	1858	1859	1
1650	1859	1860	1
1651	1860	1861	1
1652	1861	1862	1
1653	1862	1863	1
1654	1863	1864	1
1655	1864	1865	1
1656	1865	1866	1
1657	1866	1867	1
1658	1867	1868	1
1659	1868	1869	1
1660	1869	1870	1
1661	1870	1871	1
1662	1871	1872	1
1663	1872	1873	1
1664	1873	1874	1
1665	1874	1875	1
1666	1875	1876	1
1667	1876	1877	1
1668	1877	1878	1
1669	1878	1879	1
1670	1879	1880	1
1671	1880	1881	1
1672	1881	1882	1
1673	1882	1883	1
1674	1883	1884	1
1675	1884	1885	1
1676	1885	1886	1
1677	1886	1887	1
1678	1887	1888	1
1679	1888	1889	1
1680	1889	1890	1
1681	1890	1891	1
1682	1891	1892	1
1683	1892	1893	1
1684	1893	1894	1
1685	1894	1895	1
1686	1895	1896	1
1687	1896	1897	1
1688	1897	1898	1
1689	1898	1899	1
1690	1899	1900	1
1691	1900	1901	1
1692	1901	1902	1
1693	1902	1903	1
1694	1903	1904	1
1695	1904	1905	1
1696	1905	1906	1
1697	1906	1907	1
1698	1907	1908	1
1699	1908	1909	1
1700	1909	1910	1
1701	1910	1911	1
1702	1911	1912	1
1703	1912	1913	1
1704	1913	1914	1
1705	1914	1915	1
1706	1915	1916	1
1707	1916	1917	1
1708	1917	1918	1
1709	1918	1919	1
1710	1919	1920	1
1711	1920	1921	1
1712	1921	1922	1
1713	1922	1923	1
1714	1923	1924	1
1715	1924	1925	1
1716	1925	1926	1
1717	1926	1927	1
1718	1927	1928	1
1719	1928	1929	1
1720	1929	1930	1
1721	1930	1931	1
1722	1931	1932	1
1723	1932	1933	1
1724	1933	1934	1
1725	1934	1935	1
1726	1935	1936	1
1727	1936	1937	1
1728	1937	1938	1
1729	1938	1939	1
1730	1939	1940	1
1731	1940	1941	1
1732	1941	1942	1
1733	1942	1943	1
1734	1943	1944	1
1735	1944	1945	1
1736	1945	1946	1
1737	1946	1947	1
1738	1947	1948	1
1739	1948	1949	1
1740	1949	1950	1
1741	1950	1951	1
1742	1951	1952	1
1743	1952	1953	1
1744	1953	1954	1
1745	1954	1955	1
1746	1955	1956	1
1747	1956	1957	1
1748	1957	1958	1
1749	1958	1959	1
1750	1959	1960	1
1751	1960	1961	1
1752	1961	1962	1
1753	1962	1963	1
1754	1963	1964	1
1755	1964	1965	1
1756	1965	1966	1
1757	1966	1967	1
1758	1967	1968	1
1759	1968	1969	1
1760	1969	1970	1
1761	1970	1971	1
1762	1971	1972	1
1763	1972	1973	1
1764	1973	1974	1
1765	1974	1975	1
1766	1975	1976	1
1767	1976	1977	1
1768	1977	1978	1
1769	1978	1979	1
1770	1979	1980	1
1771	1980	1981	1
1772	1981	1982	1
1773	1982	1983	1
1774	1983	1984	1
1775	1984	1985	1
1776	1985	1986	1
1777	1986	1987	1
1778	1987	1988	1
1779	1988	1989	1
1780	1989	1990	1
1781	1990	1991	1
1782	1991	1992	1
1783	1992	1993	1
1784	1993	1994	1
1785	1994	1995	1
1786	1995	1996	1
1787	1996	1997	1
1788	1997	1998	1
1789	1998	1999	1
1790	1999	2000	1
1791	2000	2001	1
1792	2001	2002	1
1793	2002	2003	1
1794	2003	2004	1
1795	2004	2005	1
1796	2005	2006	1
1797	2006	2007	1
1798	2007	2008	1
1799	2008	2009	1
1800	2009	2010	1
1801	2010	2011	1
1802	2011	2012	1
1803	2012	2013	1
1804	2013	2014	1
1805	2014	2015	1
1806	2015	2016	1
1807	2016	2017	1
1808	2017	2018	1
1809	2018	2019	1
1810	2019	2020	1
1811	2020	2021	1
1812	2021	2022	1
1813	2022	2023	1
1814	2023	2024	1
1815	2024	2025	1
1816	2025	2026	1
1817	2026	2027	1
1818	2027	2028	1
1819	2028	2029	1
1820	2029	2030	1
1821	2030	2031	1
1822	2031	2032	1
1823	2032	2033	1
1824	2033	2034	1
1825	2034	2035	1
1826	2035	2036	1
1827	2036	2037	1
1828	2037	2038	1
1829	2038	2039	1
1830	2039	2040	1
1831	2040	2041	1
1832	2041	2042	1
1833	2042	2043	1
1834	2043	2044	1
1835	2044	2045	1
1836	2045	2046	1
1837	2046	2047	1
1838	2047	2048	1
1839	2048	2049	1
1840	2049	2050	1
1841	2050	2051	1
1842	2051	2052	1
1843	2052	2053	1
1844	2053	2054	1
1845	2054	2055	1
1846	2055	2056	1
1847	2056	2057	1
1848	2057	2058	1
1849	2058	2059	1
1850	2059	2060	1
1851	2060	2061	1
1852	2061	2062	1
1853	2062	2063	1
1854	2063	2064	1
1855	2064	2065	1
1856	2065	2066	1
1857	2066	2067	1
1858	2067	2068	1
1859	2068	2069	1
1860	2069	2070	1
1861	2070	2071	1
1862	2071	2072	1
1863	2072	2073	1
1864	2073	2074	1
1865	2074	2075	1
1866	2075	2076	1
1867	2076	2077	1
1868	2077	2078	1
1869	2078	2079	1
1870	2079	2080	1
1871	2080	2081	1
1872	2081	2082	1
1873	2082	2083	1
1874	2083	2084	1
1875	2084	2085	1
1876	2085	2086	1
1877	2086	2087	1
1878	2087	2088	1
1879	2088	2089	1
1880	2089	2090	1
1881	2090	2091	1
1882	2091	2092	1
1883	2092	2093	1
1884	2093	2094	1
1885	2094	2095	1
1886	2095	2096	1
1887	2096	2097	1
1888	2097	2098	1
1889	2098	2099	1
1890	2099	2100	1
1891	2100	2101	1
1892	2101	2102	1
1893	2102	2103	1
1894	2103	2104	1
1895	2104	2105	1
1896	2105	2106	1
1897	2106	2107	1
1898	2107	2108	1
1899	2108	2109	1
1900	2109	2110	1
1901	2110	2111	1
1902	2111	2112	1
1903	2112	2113	1
1904	2113	2114	1
1905	2114	2115	1
1906	2115	2116	1
1907	2116	2117	1
1908	2117	2118	1
1909	2118	2119	1
1910	2119	2120	1
1911	2120	2121	1
1912	2121	2122	1
1913	2122	2123	1
1914	2123	2124	1
1915	2124	2125	1
1916	2125	2126	1
1917	2126	2127	1
1918	2127	2128	1
1919	2128	2129	1
1920	2129	2130	1
1921	2130	2131	1
1922	2131	2132	1
1923	2132	2133	1
1924	2133	2134	1
1925	2134	2135	1
1926	2135	2136	1
1927	2136	2137	1
1928	2137	2138	1
1929	2138	2139	1
1930	2139	2140	1
1931	2140	2141	1
1932	2141	2142	1
1933	2142	2143	1
1934	2143	2144	1
1935	2144	2145	1
1936	2145	2146	1
1937	2146	2147	1
1938	2147	2148	1
1939	2148	2149	1
1940	2149	2150	1
1941	2150	2151	1
1942	2151	2152	1
1943	2152	2153	1
1944	2153	2154	1
1945	2154	2155	1
1946	2155	2156	1
1947	2156	2157	1
1948	2157	2158	1
1949	2158	2159	1
1950	2159	2160	1
1951	2160	2161	1
1952	2161	2162	1
1953	2162	2163	1
1954	2163	2164	1
1955	2164	2165	1
1956	2165	2166	1
1957	2166	2167	1
1958	2167	2168	1
1959	2168	2169	1
1960	2169	2170	1
1961	2170	2171	1
1962	2171	2172	1
1963	2172	2173	1
1964	2173	2174	1
1965	2174	2175	1
1966	2175	2176	1
1967	2176	2177	1
1968	2177	2178	1
1969	2178	2179	1
1970	2179	2180	1
1971	2180	2181	1
1972	2181	2182	1
1973	2182	2183	1
1974	2183	2184	1
1975	2184	2185	1
1976	2185	2186	1
1977	2186	2187	1
1978	2187	2188	1
1979	2188	2189	1
1980	2189	2190	1
1981	2190	2191	1
1982	2191	2192	1
1983	2192	2193	1
1984	2193	2194	1
1985	2194	2195	1
1986	2195	2196	1
1987	2196	2197	1
1988	2197	2198	1
1989	2198	2199	1
1990	2199	2200	1
1991	2200	2201	1
1992	2201	2202	1
1993	2202	2203	1
1994	2203	2204	1
1995	2204	2205	1
1996	2205	2206	1
1997	2206	2207	1
1998	2207	2208	1
1999	2208	2209	1
2000	2209	2210	1
2001	2210	2211	1
2002	2211	2212	1
2003	2212	2213	1
2004	2213	2214	1
2005	2214	2215	1
2006	2215	2216	1
2007	2216	2217	1
2008	2217	2218	1
2009	2218	2219	1
2010	2219	2220	1
2011	2220	2221	1
2012	2221	2222	1
2013	2222	2223	1
2014	2223	2224	1
2015	2224	2225	1
2016	2225	2226	1
2017	2226	2227	1
2018	2227	2228	1
2019	2228	2229	1
2020	2229	2230	1
2021	2230	2231	1
2022	2231	2232	1
2023	2232	2233	1
2024	2233	2234	1
2025	2234	2235	1
2026	2235	2236	1
2027	2236	2237	1
2028	2237	2238	1
2029	2238	2239	1
2030	2239	2240	1
2031	2240	2241	1
2032	2241	2242	1
2033	2242	2243	1
2034	2243	2244	1
2035	2244	2245	1
2036	2245	2246	1
2037	2246	2247	1
2038	2247	2248	1
2039	2248	2249	1
2040	2249	2250	1
2041	2250	2251	1
2042	2251	2252	1
2043	2252	2253	1
2044	2253	2254	1
2045	2254	2255	1
2046	2255	2256	1
2047	2256	2257	1
2048	2257	2258	1
2049	2258	2259	1
2050	2259	2260	1
2051	2260	2261	1
2052	2261	2262	1
2053	2262	2263	1
2054	2263	2264	1
2055	2264	2265	1
2056	2265	2266	1
2057	2266	2267	1
2058	2267	2268	1
2059	2268	2269	1
2060	2269	2270	1
2061	2270	2271	1
2062	2271	2272	1
2063	2272	2273	1
2064	2273	2274	1
2065	2274	2275	1
2066	2275	2276	1
2067	2276	2277	1
2068	2277	2278	1
2069	2278	2279	1
2070	2279	2280	1
2071	2280	2281	1
2072	2281	2282	1
2073	2282	2283	1
2074	2283	2284	1
2075	2284	2285	1
2076	2285	2286	1
2077	2286	2287	1
2078	2287	2288	1
2079	2288	2289	1
2080	2289	2290	1
2081	2290	2291	1
2082	2291	2292	1
2083	2292	2293	1
2084	2293	2294	1
2085	2294	2295	1
2086	2295	2296	1
2087	2296	2297	1
2088	2297	2298	1
2089	2298	2299	1
2090	2299	2300	1
2091	2300	2301	1
2092	2301	2302	1
2093	2302	2303	1
2094	2303	2304	1
2095	2304	2305	1
2096	2305	2306	1
2097	2306	2307	1
2098	2307	2308	1
2099	2308	2309	1
2100	2309	2310	1
2101	2310	2311	1
2102	2311	2312	1
2103	2312	2313	1
2104	2313	2314	1
2105	2314	2315	1
2106	2315	2316	1
2107	2316	2317	1
2108	2317	2318	1
2109	2318	2319	1
2110	2319	2320	1
2111	2320	2321	1
2112	2321	2322	1
2113	2322	2323	1
2114	2323	2324	1
2115	2324	2325	1
2116	2325	2326	1
2117	2326	2327	1
2118	2327	2328	1
2119	2328	2329	1
2120	2329	2330	1
2121	2330	2331	1
2122	2331	2332	1
2123	2332	2333	1
2124	2333	2334	1
2125	2334	2335	1
2126	2335	2336	1
2127	2336	2337	1
2128	2337	2338	1
2129	2338	2339	1
2130	2339	2340	1
2131	2340	2341	1
2132	2341	2342	1
2133	2342	2343	1
2134	2343	2344	1
2135	2344	2345	1
2136	2345	2346	1
2137	2346	2347	1
2138	2347	2348	1
2139	2348	2349	1
2140	2349	2350	1
2141	2350	2351	1
2142	2351	2352	1
2143	2352	2353	1
2144	2353	2354	1
2145	2354	2355	1
2146	2355	2356	1
2147	2356	2357	1
2148	2357	2358	1
2149	2358	2359	1
2150	2359	2360	1
2151	2360	2361	1
2152	2361	2362	1
2153	2362	2363	1
2154	2363	2364	1
2155	2364	2365	1
2156	2365	2366	1
2157	2366	2367	1
2158	2367	2368	1
2159	2368	2369	1
2160	2369	2370	1
2161	2370	2371	1
2162	2371	2372	1
2163	2372	2373	1
2164	2373	2374	1
2165	2374	2375	1
2166	2375	2376	1
2167	2376	2377	1
2168	2377	2378	1
2169	2378	2379	1
2170	2379	2380	1
2171	2380	2381	1
2172	2381	2382	1
2173	2382	2383	1
2174	2383	2384	1
2175	2384	2385	1
2176	2385	2386	1
2177	2386	2387	1
2178	2387	2388	1
2179	2388	2389	1
2180	2389	2390	1
2181	2390	2391	1
2182	2391	2392	1
2183	2392	2393	1
2184	2393	2394	1
2185	2394	2395	1
2186	2395	2396	1
2187	2396	2397	1
2188	2397	2398	1
2189	2398	2399	1
2190	2399	2400	1
2191	2400	2401	1
2192	2401	2402	1
2193	2402	2403	1
2194	2403	2404	1
2195	2404	2405	1
2196	2405	2406	1
2197	2406	2407	1
2198	2407	2408	1
2199	2408	2409	1
2200	2409	2410	1
2201	2410	2411	1
2202	2411	2412	1
2203	2412	2413	1
2204	2413	2414	1
2205	2414	2415	1
2206	2415	2416	1
2207	2416	2417	1
2208	2417	2418	1
2209	2418	2419	1
2210	2419	2420	1
2211	2420	2421	1
2212	2421	2422	1
2213	2422	2423	1
2214	2423	2424	1
2215	2424	2425	1
2216	2425	2426	1
2217	2426	2427	1
2218	2427	2428	1
2219	2428	2429	1
2220	2429	2430	1
2221	2430	2431	1
2222	2431	2432	1
2223	2432	2433	1
2224	2433	2434	1
2225	2434	2435	1
2226	2435	2436	1
2227	2436	2437	1
2228	2437	2438	1
2229	2438	2439	1
2230	2439	2440	1
2231	2440	2441	1
2232	2441	2442	1
2233	2442	2443	1
2234	2443	2444	1
2235	2444	2445	1
2236	2445	2446	1
2237	2446	2447	1
2238	2447	2448	1
2239	2448	2449	1
2240	2449	2450	1
2241	2450	2451	1
2242	2451	2452	1
2243	2452	2453	1
2244	2453	2454	1
2245	2454	2455	1
2246	2455	2456	1
2247	2456	2457	1
2248	2457	2458	1
2249	2458	2459	1
2250	2459	2460	1
2251	2460	2461	1
2252	2461	2462	1
2253	2462	2463	1
2254	2463	2464	1
2255	2464	2465	1
2256	2465	2466	1
2257	2466	2467	1
2258	2467	2468	1
2259	2468	2469	1
2260	2469	2470	1
2261	2470	2471	1
2262	2471	2472	1
2263	2472	2473	1
2264	2473	2474	1
2265	2474	2475	1
2266	2475	2476	1
2267	2476	2477	1
2268	2477	2478	1
2269	2478	2479	1
2270	2479	2480	1
2271	2480	2481	1
2272	2481	2482	1
2273	2482	2483	1
2274	2483	2484	1
2275	2484	2485	1
2276	2485	2486	1
2277	2486	2487	1
2278	2487	2488	1
2279	2488	2489	1
2280	2489	2490	1
2281	2490	2491	1
2282	2491	2492	1
2283	2492	2493	1
2284	2493	2494	1
2285	2494	2495	1
2286	2495	2496	1
2287	2496	2497	1
2288	2497	2498	1
2289	2498	2499	1
2290	2499	2500	1
2291	2500	2501	1
2292	2501	2502	1
2293	2502	2503	1
2294	2503	2504	1
2295	2504	2505	1
2296	2505	2506	1
2297	2506	2507	1
2298	2507	2508	1
2299	2508	2509	1
2300	2509	2510	1
2301	2510	2511	1
2302	2511	2512	1
2303	2512	2513	1
2304	2513	2514	1
2305	2514	2515	1
2306	2515	2516	1
2307	2516	2517	1
2308	2517	2518	1
2309	2518	2519	1
2310	2519	2520	1
2311	2520	2521	1
2312	2521	2522	1
2313	2522	2523	1
2314	2523	2524	1
2315	2524	2525	1
2316	2525	2526	1
2317	2526	2527	1
2318	2527	2528	1
2319	2528	2529	1
2320	2529	2530	1
2321	2530	2531	1
2322	2531	2532	1
2323	2532	2533	1
2324	2533	2534	1
2325	2534	2535	1
2326	2535	2536	1
2327	2536	2537	1
2328	2537	2538	1
2329	2538	2539	1
2330	2539	2540	1
2331	2540	2541	1
2332	2541	2542	1
2333	2542	2543	1
2334	2543	2544	1
2335	2544	2545	1
2336	2545	2546	1
2337	2546	2547	1
2338	2547	2548	1
2339	2548	2549	1
2340	2549	2550	1
2341	2550	2551	1
2342	2551	2552	1
2343	2552	2553	1
2344	2553	2554	1
2345	2554	2555	1
2346	2555	2556	1
2347	2556	2557	1
2348	2557	2558	1
2349	2558	2559	1
2350	2559	2560	1
2351	2560	2561	1
2352	2561	2562	1
2353	2562	2563	1
2354	2563	2564	1
2355	2564	2565	1
2356	2565	2566	1
2357	2566	2567	1
2358	2567	2568	1
2359	2568	2569	1
2360	2569	2570	1
2361	2570	2571	1
2362	2571	2572	1
2363	2572	2573	1
2364	2573	2574	1
2365	2574	2575	1
2366	2575	2576	1
2367	2576	2577	1
2368	2577	2578	1
2369	2578	2579	1
2370	2579	2580	1
2371	2580	2581	1
2372	2581	2582	1
2373	2582	2583	1
2374	2583	2584	1
2375	2584	2585	1
2376	2585	2586	1
2377	2586	2587	1
2378	2587	2588	1
2379	2588	2589	1
2380	2589	2590	1
2381	2590	2591	1
2382	2591	2592	1
2383	2592	2593	1
2384	2593	2594	1
2385	2594	2595	1
2386	2595	2596	1
2387	2596	2597	1
2388	2597	2598	1
2389	2598	2599	1
2390	2599	2600	1
2391	2600	2601	1
2392	2601	2602	1
2393	2602	2603	1
2394	2603	2604	1
2395	2604	2605	1
2396	2605	2606	1
2397	2606	2607	1
2398	2607	2608	1
2399	2608	2609	1
2400	2609	2610	1
2401	2610	2611	1
2402	2611	2612	1
2403	2612	2613	1
2404	2613	2614	1
2405	2614	2615	1
2406	2615	2616	1
2407	2616	2617	1
2408	2617	2618	1
2409	2618	2619	1
2410	2619	2620	1
2411	2620	2621	1
2412	2621	2622	1
2413	2622	2623	1
2414	2623	2624	1
2415	2624	2625	1
2416	2625	2626	1
2417	2626	2627	1
2418	2627	2628	1
2419	2628	2629	1
2420	2629	2630	1
2421	2630	2631	1
2422	2631	2632	1
2423	2632	2633	1
2424	2633	2634	1
2425	2634	2635	1
2426	2635	2636	1
2427	2636	2637	1
2428	2637	2638	1
2429	2638	2639	1
2430	2639	2640	1
2431	2640	2641	1
2432	2641	2642	1
2433	2642	2643	1
2434	2643	2644	1
2435	2644	2645	1
2436	2645	2646	1
2437	2646	2647	1
2438	2647	2648	1
2439	2648	2649	1
2440	2649	2650	1
2441	2650	2651	1
2442	2651	2652	1
2443	2652	2653	1
2444	2653	2654	1
2445	2654	2655	1
2446	2655	2656	1
2447	2656	2657	1
2448	2657	2658	1
2449	2658	2659	1
2450	2659	2660	1
2451	2660	2661	1
2452	2661	2662	1
2453	2662	2663	1
2454	2663	2664	1
2455	2664	2665	1
2456	2665	2666	1
2457	2666	2667	1
2458	2667	2668	1
2459	2668	2669	1
2460	2669	2670	1
2461	2670	2671	1
2462	2671	2672	1
2463	2672	2673	1
2464	2673	2674	1
2465	2674	2675	1
2466	2675	2676	1
2467	2676	2677	1
2468	2677	2678	1
2469	2678	2679	1
2470	2679	2680	1
2471	2680	2681	1
2472	2681	2682	1
2473	2682	2683	1
2474	2683	2684	1
2475	2684	2685	1
2476	2685	2686	1
2477	2686	2687	1
2478	2687	2688	1
2479	2688	2689	1
2480	2689	2690	1
2481	2690	2691	1
2482	2691	2692	1
2483	2692	2693	1
2484	2693	2694	1
2485	2694	2695	1
2486	2695	2696	1
2487	2696	2697	1
2488	2697	2698	1
2489	2698	2699	1
2490	2699	2700	1
2491	2700	2701	1
2492	2701	2702	1
2493	2702	2703	1
2494	2703	2704	1
2495	2704	2705	1
2496	2705	2706	1
2497	2706	2707	1
2498	2707	2708	1
2499	2708	2709	1
2500	2709	2710	1
2501	2710	2711	1
2502	2711	2712	1
2503	2712	2713	1
2504	2713	2714	1
2505	2714	2715	1
2506	2715	2716	1
2507	2716	2717	1
2508	2717	2718	1
2509	2718	2719	1
2510	2719	2720	1
2511	2720	2721	1
2512	2721	2722	1
2513	2722	2723	1
2514	2723	2724	1
2515	2724	2725	1
2516	2725	2726	1
2517	2726	2727	1
2518	2727	2728	1
2519	2728	2729	1
2520	2729	2730	1
2521	2730	2731	1
2522	2731	2732	1
2523	2732	2733	1
2524	2733	2734	1
2525	2734	2735	1
2526	2735	2736	1
2527	2736	2737	1
2528	2737	2738	1
2529	2738	2739	1
2530	2739	2740	1
2531	2740	2741	1
2532	2741	2742	1
2533	2742	2743	1
2534	2743	2744	1
2535	2744	2745	1
2536	2745	2747	2
2537	2747	2749	2
2538	2749	2751	2
2539	2751	2753	2
2540	2753	2755	2
2541	2755	2757	2
2542	2757	2759	2
2543	2759	2761	2
2544	2761	2763	2
2545	2763	2765	2
2546	2765	2767	2
2547	2767	2769	2
2548	2769	2771	2
2549	2771	2773	2
2550	2773	2775	2
2551	2775	2777	2
2552	2777	2779	2
2553	2779	2781	2
2554	2781	2783	2
2555	2783	2785	2
2556	2785	2787	2
2557	2787	2789	2
2558	2789	2791	2
2559	2791	2793	2
2560	2793	2795	2
2561	2795	2797	2
2562	2797	2799	2
2563	2799	2801	2
2564	2801	2803	2
2565	2803	2805	2
2566	2805	2807	2
2567	2807	2809	2
2568	2809	2811	2
2569	2811	2813	2
2570	2813	2815	2
2571	2815	2817	2
2572	2817	2819	2
2573	2819	2821	2
2574	2821	2823	2
2575	2823	2825	2
2576	2825	2827	2
2577	2827	2829	2
2578	2829	2831	2
2579	2831	2833	2
2580	2833	2835	2
2581	2835	2837	2
2582	2837	2839	2
2583	2839	2841	2
2584	2841	2843	2
2585	2843	2845	2
2586	2845	2847	2
2587	2847	2849	2
2588	2849	2851	2
2589	2851	2853	2
2590	2853	2855	2
2591	2855	2857	2
2592	2857	2859	2
2593	2859	2861	2
2594	2861	2863	2
2595	2863	2865	2
2596	2865	2867	2
2597	2867	2869	2
2598	2869	2871	2
2599	2871	2873	2
2600	2873	2875	2
2601	2875	2877	2
2602	2877	2879	2
2603	2879	2881	2
2604	2881	2883	2
2605	2883	2885	2
2606	2885	2887	2
2607	2887	2889	2
2608	2889	2891	2
2609	2891	2893	2
2610	2893	2895	2
2611	2895	2897	2
2612	2897	2899	2
2613	2899	2901	2
2614	2901	2903	2
2615	2903	2905	2
2616	2905	2907	2
2617	2907	2909	2
2618	2909	2911	2
2619	2911	2913	2
2620	2913	2915	2
2621	2915	2917	2
2622	2917	2919	2
2623	2919	2921	2
2624	2921	2923	2
2625	2923	2925	2
2626	2925	2927	2
2627	2927	2929	2
2628	2929	2931	2
2629	2931	2933	2
2630	2933	2935	2
2631	2935	2937	2
2632	2937	2939	2
2633	2939	2941	2
2634	2941	2943	2
2635	2943	2945	2
2636	2945	2947	2
2637	2947	2949	2
2638	2949	2951	2
2639	2951	2953	2
2640	2953	2955	2
2641	2955	2957	2
2642	2957	2959	2
2643	2959	2961	2
2644	2961	2963	2
2645	2963	2965	2
2646	2965	2967	2
2647	2967	2969	2
2648	2969	2971	2
2649	2971	2973	2
2650	2973	2975	2
2651	2975	2977	2
2652	2977	2979	2
2653	2979	2981	2
2654	2981	2983	2
2655	2983	2985	2
2656	2985	2987	2
2657	2987	2989	2
2658	2989	2991	2
2659	2991	2993	2
2660	2993	2995	2
2661	2995	2997	2
2662	2997	2999	2
2663	2999	3001	2
2664	3001	3003	2
2665	3003	3005	2
2666	3005	3007	2
2667	3007	3009	2
2668	3009	3011	2
2669	3011	3013	2
2670	3013	3015	2
2671	3015	3017	2
2672	3017	3019	2
2673	3019	3021	2
2674	3021	3023	2
2675	3023	3025	2
2676	3025	3027	2
2677	3027	3029	2
2678	3029	3031	2
2679	3031	3033	2
2680	3033	3035	2
2681	3035	3037	2
2682	3037	3039	2
2683	3039	3041	2
2684	3041	3043	2
2685	3043	3045	2
2686	3045	3047	2
2687	3047	3049	2
2688	3049	3051	2
2689	3051	3053	2
2690	3053	3055	2
2691	3055	3057	2
2692	3057	3059	2
2693	3059	3061	2
2694	3061	3063	2
2695	3063	3065	2
2696	3065	3067	2
2697	3067	3069	2
2698	3069	3071	2
2699	3071	3073	2
2700	3073	3075	2
2701	3075	3077	2
2702	3077	3079	2
2703	3079	3081	2
2704	3081	3083	2
2705	3083	3085	2
2706	3085	3087	2
2707	3087	3089	2
2708	3089	3091	2
2709	3091	3093	2
2710	3093	3095	2
2711	3095	3097	2
2712	3097	3099	2
2713	3099	3101	2
2714	3101	3103	2
2715	3103	3105	2
2716	3105	3107	2
2717	3107	3109	2
2718	3109	3111	2
2719	3111	3113	2
2720	3113	3115	2
2721	3115	3117	2
2722	3117	3119	2
2723	3119	3121	2
2724	3121	3123	2
2725	3123	3125	2
2726	3125	3127	2
2727	3127	3129	2
2728	3129	3131	2
2729	3131	3133	2
2730	3133	3135	2
2731	3135	3137	2
2732	3137	3139	2
2733	3139	3141	2
2734	3141	3143	2
2735	3143	3145	2
2736	3145	3147	2
2737	3147	3149	2
2738	3149	3151	2
2739	3151	3153	2
2740	3153	3155	2
2741	3155	3157	2
2742	3157	3159	2
2743	3159	3161	2
2744	3161	3163	2
2745	3163	3165	2
2746	3165	3167	2
2747	3167	3169	2
2748	3169	3171	2
2749	3171	3173	2
2750	3173	3175	2
2751	3175	3177	2
2752	3177	3179	2
2753	3179	3181	2
2754	3181	3183	2
2755	3183	3185	2
2756	3185	3187	2
2757	3187	3189	2
2758	3189	3191	2
2759	3191	3193	2
2760	3193	3195	2
2761	3195	3197	2
2762	3197	3199	2
2763	3199	3201	2
2764	3201	3203	2
2765	3203	3205	2
2766	3205	3207	2
2767	3207	3209	2
2768	3209	3211	2
2769	3211	3213	2
2770	3213	3215	2
2771	3215	3217	2
2772	3217	3219	2
2773	3219	3221	2
2774	3221	3223	2
2775	3223	3225	2
2776	3225	3227	2
2777	3227	3229	2
2778	3229	3231	2
2779	3231	3233	2
2780	3233	3235	2
2781	3235	3237	2
2782	3237	3239	2
2783	3239	3241	2
2784	3241	3243	2
2785	3243	3245	2
2786	3245	3247	2
2787	3247	3249	2
2788	3249	3251	2
2789	3251	3253	2
2790	3253	3255	2
2791	3255	3257	2
2792	3257	3259	2
2793	3259	3261	2
2794	3261	3263	2
2795	3263	3265	2
2796	3265	3267	2
2797	3267	3269	2
2798	3269	3271	2
2799	3271	3273	2
2800	3273	3275	2
2801	3275	3277	2
2802	3277	3279	2
2803	3279	3281	2
2804	3281	3283	2
2805	3283	3285	2
2806	3285	3287	2
2807	3287	3289	2
2808	3289	3291	2
2809	3291	3293	2
2810	3293	3295	2
2811	3295	3297	2
2812	3297	3299	2
2813	3299	3301	2
2814	3301	3303	2
2815	3303	3305	2
2816	3305	3307	2
2817	3307	3309	2
2818	3309	3311	2
2819	3311	3313	2
2820	3313	3315	2
2821	3315	3317	2
2822	3317	3319	2
2823	3319	3321	2
2824	3321	3323	2
2825	3323	3325	2
2826	3325	3327	2
2827	3327	3329	2
2828	3329	3331	2
2829	3331	3333	2
2830	3333	3335	2
2831	3335	3337	2
2832	3337	3339	2
2833	3339	3341	2
2834	3341	3343	2
2835	3343	3345	2
2836	3345	3347	2
2837	3347	3349	2
2838	3349	3351	2
2839	3351	3353	2
2840	3353	3355	2
2841	3355	3357	2
2842	3357	3359	2
2843	3359	3361	2
2844	3361	3363	2
2845	3363	3365	2
2846	3365	3367	2
2847	3367	3369	2
2848	3369	3371	2
2849	3371	3373	2
2850	3373	3375	2
2851	3375	3377	2
2852	3377	3379	2
2853	3379	3381	2
2854	3381	3383	2
2855	3383	3385	2
2856	3385	3387	2
2857	3387	3389	2
2858	3389	3391	2
2859	3391	3393	2
2860	3393	3395	2
2861	3395	3397	2
2862	3397	3399	2
2863	3399	3401	2
2864	3401	3403	2
2865	3403	3405	2
2866	3405	3407	2
2867	3407	3409	2
2868	3409	3411	2
2869	3411	3413	2
2870	3413	3415	2
2871	3415	3417	2
2872	3417	3419	2
2873	3419	3421	2
2874	3421	3423	2
2875	3423	3425	2
2876	3425	3427	2
2877	3427	3429	2
2878	3429	3431	2
2879	3431	3433	2
2880	3433	3435	2
2881	3435	3437	2
2882	3437	3439	2
2883	3439	3441	2
2884	3441	3443	2
2885	3443	3445	2
2886	3445	3447	2
2887	3447	3449	2
2888	3449	3451	2
2889	3451	3453	2
2890	3453	3455	2
2891	3455	3457	2
2892	3457	3459	2
2893	3459	3461	2
2894	3461	3463	2
2895	3463	3465	2
2896	3465	3467	2
2897	3467	3469	2
2898	3469	3471	2
2899	3471	3473	2
2900	3473	3475	2
2901	3475	3477	2
2902	3477	3479	2
2903	3479	3481	2
2904	3481	3483	2
2905	3483	3485	2
2906	3485	3487	2
2907	3487	3489	2
2908	3489	3491	2
2909	3491	3493	2
2910	3493	3495	2
2911	3495	3497	2
2912	3497	3499	2
2913	3499	3501	2
2914	3501	3503	2
2915	3503	3505	2
2916	3505	3507	2
2917	3507	3509	2
2918	3509	3511	2
2919	3511	3513	2
2920	3513	3515	2
2921	3515	3517	2
2922	3517	3519	2
2923	3519	3521	2
2924	3521	3523	2
2925	3523	3525	2
2926	3525	3527	2
2927	3527	3529	2
2928	3529	3531	2
2929	3531	3533	2
2930	3533	3535	2
2931	3535	3537	2
2932	3537	3539	2
2933	3539	3541	2
2934	3541	3543	2
2935	3543	3545	2
2936	3545	3547	2
2937	3547	3549	2
2938	3549	3551	2
2939	3551	3553	2
2940	3553	3555	2
2941	3555	3557	2
2942	3557	3559	2
2943	3559	3561	2
2944	3561	3563	2
2945	3563	3565	2
2946	3565	3567	2
2947	3567	3569	2
2948	3569	3571	2
2949	3571	3573	2
2950	3573	3575	2
2951	3575	3577	2
2952	3577	3579	2
2953	3579	3581	2
2954	3581	3583	2
2955	3583	3585	2
2956	3585	3587	2
2957	3587	3589	2
2958	3589	3591	2
2959	3591	3593	2
2960	3593	3595	2
2961	3595	3597	2
2962	3597	3599	2
2963	3599	3601	2
2964	3601	3603	2
2965	3603	3605	2
2966	3605	3607	2
2967	3607	3609	2
2968	3609	3611	2
2969	3611	3613	2
2970	3613	3615	2
2971	3615	3617	2
2972	3617	3619	2
2973	3619	3621	2
2974	3621	3623	2
2975	3623	3625	2
2976	3625	3627	2
2977	3627	3629	2
2978	3629	3631	2
2979	3631	3633	2
2980	3633	3635	2
2981	3635	3637	2
2982	3637	3639	2
2983	3639	3641	2
2984	3641	3643	2
2985	3643	3645	2
2986	3645	3647	2
2987	3647	3649	2
2988	3649	3651	2
2989	3651	3653	2
2990	3653	3655	2
2991	3655	3657	2
2992	3657	3659	2
2993	3659	3661	2
2994	3661	3663	2
2995	3663	3665	2
2996	3665	3667	2
2997	3667	3669	2
2998	3669	3671	2
2999	3671	3673	2
3000	3673	3675	2
3001	3675	3677	2
3002	3677	3679	2
3003	3679	3681	2
3004	3681	3683	2
3005	3683	3685	2
3006	3685	3687	2
3007	3687	3689	2
3008	3689	3691	2
3009	3691	3693	2
3010	3693	3695	2
3011	3695	3697	2
3012	3697	3699	2
3013	3699	3701	2
3014	3701	3703	2
3015	3703	3705	2
3016	3705	3707	2
3017	3707	3709	2
3018	3709	3711	2
3019	3711	3713	2
3020	3713	3715	2
3021	3715	3717	2
3022	3717	3719	2
3023	3719	3721	2
3024	3721	3723	2
3025	3723	3725	2
3026	3725	3727	2
3027	3727	3729	2
3028	3729	3731	2
3029	3731	3733	2
3030	3733	3735	2
3031	3735	3737	2
3032	3737	3739	2
3033	3739	3741	2
3034	3741	3743	2
3035	3743	3745	2
3036	3745	3747	2
3037	3747	3749	2
3038	3749	3751	2
3039	3751	3753	2
3040	3753	3755	2
3041	3755	3757	2
3042	3757	3759	2
3043	3759	3761	2
3044	3761	3763	2
3045	3763	3765	2
3046	3765	3767	2
3047	3767	3769	2
3048	3769	3771	2
3049	3771	3773	2
3050	3773	3775	2
3051	3775	3777	2
3052	3777	3779	2
3053	3779	3781	2
3054	3781	3783	2
3055	3783	3785	2
3056	3785	3787	2
3057	3787	3789	2
3058	3789	3791	2
3059	3791	3793	2
3060	3793	3795	2
3061	3795	3797	2
3062	3797	3799	2
3063	3799	3801	2
3064	3801	3803	2
3065	3803	3805	2
3066	3805	3807	2
3067	3807	3809	2
3068	3809	3811	2
3069	3811	3813	2
3070	3813	3815	2
3071	3815	3817	2
3072	3817	3819	2
3073	3819	3821	2
3074	3821	3823	2
3075	3823	3825	2
3076	3825	3827	2
3077	3827	3829	2
3078	3829	3831	2
3079	3831	3833	2
3080	3833	3835	2
3081	3835	3837	2
3082	3837	3839	2
3083	3839	3841	2
3084	3841	3843	2
3085	3843	3845	2
3086	3845	3847	2
3087	3847	3849	2
3088	3849	3851	2
3089	3851	3853	2
3090	3853	3855	2
3091	3855	3857	2
3092	3857	3859	2
3093	3859	3861	2
3094	3861	3863	2
3095	3863	3865	2
3096	3865	3867	2
3097	3867	3869	2
3098	3869	3871	2
3099	3871	3873	2
3100	3873	3875	2
3101	3875	3877	2
3102	3877	3879	2
3103	3879	3881	2
3104	3881	3883	2
3105	3883	3885	2
3106	3885	3887	2
3107	3887	3889	2
3108	3889	3891	2
3109	3891	3893	2
3110	3893	3895	2
3111	3895	3897	2
3112	3897	3899	2
3113	3899	3901	2
3114	3901	3903	2
3115	3903	3905	2
3116	3905	3907	2
3117	3907	3909	2
3118	3909	3911	2
3119	3911	3913	2
3120	3913	3915	2
3121	3915	3917	2
3122	3917	3919	2
3123	3919	3921	2
3124	3921	3923	2
3125	3923	3925	2
3126	3925	3927	2
3127	3927	3929	2
3128	3929	3931	2
3129	3931	3933	2
3130	3933	3935	2
3131	3935	3937	2
3132	3937	3939	2
3133	3939	3941	2
3134	3941	3943	2
3135	3943	3945	2
3136	3945	3947	2
3137	3947	3949	2
3138	3949	3951	2
3139	3951	3953	2
3140	3953	3955	2
3141	3955	3957	2
3142	3957	3959	2
3143	3959	3961	2
3144	3961	3963	2
3145	3963	3965	2
3146	3965	3967	2
3147	3967	3969	2
3148	3969	3971	2
3149	3971	3973	2
3150	3973	3975	2
3151	3975	3977	2
3152	3977	3979	2
3153	3979	3981	2
3154	3981	3983	2
3155	3983	3985	2
3156	3985	3987	2
3157	3987	3989	2
3158	3989	3991	2
3159	3991	3993	2
3160	3993	3995	2
3161	3995	3997	2
3162	3997	3999	2
3163	3999	4001	2
3164	4001	4003	2
3165	4003	4005	2
3166	4005	4007	2
3167	4007	4009	2
3168	4009	4011	2
3169	4011	4013	2
3170	4013	4015	2
3171	4015	4017	2
3172	4017	4019	2
3173	4019	4021	2
3174	4021	4023	2
3175	4023	4025	2
3176	4025	4027	2
3177	4027	4029	2
3178	4029	4031	2
3179	4031	4033	2
3180	4033	4035	2
3181	4035	4037	2
3182	4037	4039	2
3183	4039	4041	2
3184	4041	4043	2
3185	4043	4045	2
3186	4045	4047	2
3187	4047	4049	2
3188	4049	4051	2
3189	4051	4053	2
3190	4053	4055	2
3191	4055	4057	2
3192	4057	4059	2
3193	4059	4061	2
3194	4061	4063	2
3195	4063	4065	2
3196	4065	4067	2
3197	4067	4069	2
3198	4069	4071	2
3199	4071	4073	2
3200	4073	4075	2
3201	4075	4077	2
3202	4077	4079	2
3203	4079	4081	2
3204	4081	4083	2
3205	4083	4085	2
3206	4085	4087	2
3207	4087	4089	2
3208	4089	4091	2
3209	4091	4093	2
3210	4093	4095	2
3211	4095	4097	2
3212	4097	4099	2
3213	4099	4101	2
3214	4101	4103	2
3215	4103	4105	2
3216	4105	4107	2
3217	4107	4109	2
3218	4109	4111	2
3219	4111	4113	2
3220	4113	4115	2
3221	4115	4117	2
3222	4117	4119	2
3223	4119	4121	2
3224	4121	4123	2
3225	4123	4125	2
3226	4125	4127	2
3227	4127	4129	2
3228	4129	4131	2
3229	4131	4133	2
3230	4133	4135	2
3231	4135	4137	2
3232	4137	4139	2
3233	4139	4141	2
3234	4141	4143	2
3235	4143	4145	2
3236	4145	4147	2
3237	4147	4149	2
3238	4149	4151	2
3239	4151	4153	2
3240	4153	4155	2
3241	4155	4157	2
3242	4157	4159	2
3243	4159	4161	2
3244	4161	4163	2
3245	4163	4165	2
3246	4165	4167	2
3247	4167	4169	2
3248	4169	4171	2
3249	4171	4173	2
3250	4173	4175	2
3251	4175	4177	2
3252	4177	4179	2
3253	4179	4181	2
3254	4181	4183	2
3255	4183	4185	2
3256	4185	4187	2
3257	4187	4189	2
3258	4189	4191	2
3259	4191	4193	2
3260	4193	4195	2
3261	4195	4197	2
3262	4197	4199	2
3263	4199	4201	2
3264	4201	4203	2
3265	4203	4205	2
3266	4205	4207	2
3267	4207	4209	2
3268	4209	4211	2
3269	4211	4213	2
3270	4213	4215	2
3271	4215	4217	2
3272	4217	4219	2
3273	4219	4221	2
3274	4221	4223	2
3275	4223	4225	2
3276	4225	4227	2
3277	4227	4229	2
3278	4229	4231	2
3279	4231	4233	2
3280	4233	4235	2
3281	4235	4237	2
3282	4237	4239	2
3283	4239	4241	2
3284	4241	4243	2
3285	4243	4245	2
3286	4245	4247	2
3287	4247	4249	2
3288	4249	4251	2
3289	4251	4253	2
3290	4253	4255	2
3291	4255	4257	2
3292	4257	4259	2
3293	4259	4261	2
3294	4261	4263	2
3295	4263	4265	2
3296	4265	4267	2
3297	4267	4269	2
3298	4269	4271	2
3299	4271	4273	2
3300	4273	4275	2
3301	4275	4277	2
3302	4277	4279	2
3303	4279	4281	2
3304	4281	4283	2
3305	4283	4285	2
3306	4285	4287	2
3307	4287	4289	2
3308	4289	4291	2
3309	4291	4293	2
3310	4293	4295	2
3311	4295	4297	2
3312	4297	4299	2
3313	4299	4301	2
3314	4301	4303	2
3315	4303	4305	2
3316	4305	4307	2
3317	4307	4309	2
3318	4309	4311	2
3319	4311	4313	2
3320	4313	4315	2
3321	4315	4317	2
3322	4317	4319	2
3323	4319	4321	2
3324	4321	4323	2
3325	4323	4325	2
3326	4325	4327	2
3327	4327	4329	2
3328	4329	4331	2
3329	4331	4333	2
3330	4333	4335	2
3331	4335	4337	2
3332	4337	4339	2
3333	4339	4341	2
3334	4341	4343	2
3335	4343	4345	2
3336	4345	4347	2
3337	4347	4349	2
3338	4349	4351	2
3339	4351	4353	2
3340	4353	4355	2
3341	4355	4357	2
3342	4357	4359	2
3343	4359	4361	2
3344	4361	4363	2
3345	4363	4365	2
3346	4365	4367	2
3347	4367	4369	2
3348	4369	4371	2
3349	4371	4373	2
3350	4373	4375	2
3351	4375	4377	2
3352	4377	4379	2
3353	4379	4381	2
3354	4381	4383	2
3355	4383	4385	2
3356	4385	4387	2
3357	4387	4389	2
3358	4389	4391	2
3359	4391	4393	2
3360	4393	4395	2
3361	4395	4397	2
3362	4397	4399	2
3363	4399	4401	2
3364	4401	4403	2
3365	4403	4405	2
3366	4405	4407	2
3367	4407	4409	2
3368	4409	4411	2
3369	4411	4413	2
3370	4413	4415	2
3371	4415	4417	2
3372	4417	4419	2
3373	4419	4421	2
3374	4421	4423	2
3375	4423	4425	2
3376	4425	4427	2
3377	4427	4429	2
3378	4429	4431	2
3379	4431	4433	2
3380	4433	4435	2
3381	4435	4437	2
3382	4437	4439	2
3383	4439	4441	2
3384	4441	4443	2
3385	4443	4445	2
3386	4445	4447	2
3387	4447	4449	2
3388	4449	4451	2
3389	4451	4453	2
3390	4453	4455	2
3391	4455	4457	2
3392	4457	4459	2
3393	4459	4461	2
3394	4461	4463	2
3395	4463	4465	2
3396	4465	4467	2
3397	4467	4469	2
3398	4469	4471	2
3399	4471	4473	2
3400	4473	4475	2
3401	4475	4477	2
3402	4477	4479	2
3403	4479	4481	2
3404	4481	4483	2
3405	4483	4485	2
3406	4485	4487	2
3407	4487	4489	2
3408	4489	4491	2
3409	4491	4493	2
3410	4493	4495	2
3411	4495	4497	2
3412	4497	4499	2
3413	4499	4501	2
3414	4501	4503	2
3415	4503	4505	2
3416	4505	4507	2
3417	4507	4509	2
3418	4509	4511	2
3419	4511	4513	2
3420	4513	4515	2
3421	4515	4517	2
3422	4517	4519	2
3423	4519	4521	2
3424	4521	4523	2
3425	4523	4525	2
3426	4525	4527	2
3427	4527	4529	2
3428	4529	4531	2
3429	4531	4533	2
3430	4533	4535	2
3431	4535	4537	2
3432	4537	4539	2
3433	4539	4541	2
3434	4541	4543	2
3435	4543	4545	2
3436	4545	4547	2
3437	4547	4549	2
3438	4549	4551	2
3439	4551	4553	2
3440	4553	4555	2
3441	4555	4557	2
3442	4557	4559	2
3443	4559	4561	2
3444	4561	4563	2
3445	4563	4565	2
3446	4565	4567	2
3447	4567	4569	2
3448	4569	4571	2
3449	4571	4573	2
3450	4573	4575	2
3451	4575	4577	2
3452	4577	4579	2
3453	4579	4581	2
3454	4581	4583	2
3455	4583	4585	2
3456	4585	4587	2
3457	4587	4589	2
3458	4589	4591	2
3459	4591	4593	2
3460	4593	4595	2
3461	4595	4597	2
3462	4597	4599	2
3463	4599	4601	2
3464	4601	4603	2
3465	4603	4605	2
3466	4605	4607	2
3467	4607	4609	2
3468	4609	4611	2
3469	4611	4613	2
3470	4613	4615	2
3471	4615	4617	2
3472	4617	4619	2
3473	4619	4621	2
3474	4621	4623	2
3475	4623	4625	2
3476	4625	4627	2
3477	4627	4629	2
3478	4629	4631	2
3479	4631	4633	2
3480	4633	4635	2
3481	4635	4637	2
3482	4637	4639	2
3483	4639	4641	2
3484	4641	4643	2
3485	4643	4645	2
3486	4645	4647	2
3487	4647	4649	2
3488	4649	4651	2
3489	4651	4653	2
3490	4653	4655	2
3491	4655	4657	2
3492	4657	4659	2
3493	4659	4661	2
3494	4661	4663	2
3495	4663	4665	2
3496	4665	4667	2
3497	4667	4669	2
3498	4669	4671	2
3499	4671	4673	2
3500	4673	4675	2
3501	4675	4677	2
3502	4677	4679	2
3503	4679	4681	2
3504	4681	4683	2
3505	4683	4685	2
3506	4685	4687	2
3507	4687	4689	2
3508	4689	4691	2
3509	4691	4693	2
3510	4693	4695	2
3511	4695	4697	2
3512	4697	4699	2
3513	4699	4701	2
3514	4701	4703	2
3515	4703	4705	2
3516	4705	4707	2
3517	4707	4709	2
3518	4709	4711	2
3519	4711	4713	2
3520	4713	4715	2
3521	4715	4717	2
3522	4717	4719	2
3523	4719	4721	2
3524	4721	4723	2
3525	4723	4725	2
3526	4725	4727	2
3527	4727	4729	2
3528	4729	4731	2
3529	4731	4733	2
3530	4733	4735	2
3531	4735	4737	2
3532	4737	4739	2
3533	4739	4741	2
3534	4741	4743	2
3535	4743	4745	2
3536	4745	4747	2
3537	4747	4749	2
3538	4749	4751	2
3539	4751	4753	2
3540	4753	4755	2
3541	4755	4757	2
3542	4757	4759	2
3543	4759	4761	2
3544	4761	4763	2
3545	4763	4765	2
3546	4765	4767	2
3547	4767	4769	2
3548	4769	4771	2
3549	4771	4773	2
3550	4773	4775	2
3551	4775	4777	2
3552	4777	4779	2
3553	4779	4781	2
3554	4781	4783	2
3555	4783	4785	2
3556	4785	4787	2
3557	4787	4789	2
3558	4789	4791	2
3559	4791	4793	2
3560	4793	4795	2
3561	4795	4797	2
3562	4797	4799	2
3563	4799	4801	2
3564	4801	4803	2
3565	4803	4805	2
3566	4805	4807	2
3567	4807	4809	2
3568	4809	4811	2
3569	4811	4813	2
3570	4813	4815	2
3571	4815	4817	2
3572	4817	4819	2
3573	4819	4821	2
3574	4821	4823	2
3575	4823	4825	2
3576	4825	4827	2
3577	4827	4829	2
3578	4829	4831	2
3579	4831	4833	2
3580	4833	4835	2
3581	4835	4837	2
3582	4837	4839	2
3583	4839	4841	2
3584	4841	4843	2
3585	4843	4845	2
3586	4845	4847	2
3587	4847	4849	2
3588	4849	4851	2
3589	4851	4853	2
3590	4853	4855	2
3591	4855	4857	2
3592	4857	4859	2
3593	4859	4861	2
3594	4861	4863	2
3595	4863	4865	2
3596	4865	4867	2
3597	4867	4869	2
3598	4869	4871	2
3599	4871	4873	2
3600	4873	4875	2
3601	4875	4877	2
3602	4877	4879	2
3603	4879	4881	2
3604	4881	4883	2
3605	4883	4885	2
3606	4885	4887	2
3607	4887	4889	2
3608	4889	4891	2
3609	4891	4893	2
3610	4893	4895	2
3611	4895	4897	2
3612	4897	4899	2
3613	4899	4901	2
3614	4901	4903	2
3615	4903	4905	2
3616	4905	4907	2
3617	4907	4909	2
3618	4909	4911	2
3619	4911	4913	2
3620	4913	4915	2
3621	4915	4917	2
3622	4917	4919	2
3623	4919	4921	2
3624	4921	4923	2
3625	4923	4925	2
3626	4925	4927	2
3627	4927	4929	2
3628	4929	4931	2
3629	4931	4933	2
3630	4933	4935	2
3631	4935	4937	2
3632	4937	4939	2
3633	4939	4941	2
3634	4941	4943	2
3635	4943	4945	2
3636	4945	4947	2
3637	4947	4949	2
3638	4949	4951	2
3639	4951	4953	2
3640	4953	4955	2
3641	4955	4957	2
3642	4957	4959	2
3643	4959	4961	2
3644	4961	4963	2
3645	4963	4965	2
3646	4965	4967	2
3647	4967	4969	2
3648	4969	4971	2
3649	4971	4973	2
3650	4973	4975	2
3651	4975	4977	2
3652	4977	4979	2
3653	4979	4981	2
3654	4981	4983	2
3655	4983	4985	2
3656	4985	4987	2
3657	4987	4989	2
3658	4989	4991	2
3659	4991	4993	2
3660	4993	4995	2
3661	4995	4997	2
3662	4997	4999	2
3663	4999	5001	2
3664	5001	5003	2
3665	5003	5005	2
3666	5005	5007	2
3667	5007	5009	2
3668	5009	5011	2
3669	5011	5013	2
3670	5013	5015	2
3671	5015	5017	2
3672	5017	5019	2
3673	5019	5021	2
3674	5021	5023	2
3675	5023	5025	2
3676	5025	5027	2
3677	5027	5029	2
3678	5029	5031	2
3679	5031	5033	2
3680	5033	5035	2
3681	5035	5037	2
3682	5037	5039	2
3683	5039	5041	2
3684	5041	5043	2
3685	5043	5045	2
3686	5045	5047	2
3687	5047	5049	2
3688	5049	5051	2
3689	5051	5053	2
3690	5053	5055	2
3691	5055	5057	2
3692	5057	5059	2
3693	5059	5061	2
3694	5061	5063	2
3695	5063	5065	2
3696	5065	5067	2
3697	5067	5069	2
3698	5069	5071	2
3699	5071	5073	2
3700	5073	5075	2
3701	5075	5077	2
3702	5077	5079	2
3703	5079	5081	2
3704	5081	5083	2
3705	5083	5085	2
3706	5085	5087	2
3707	5087	5089	2
3708	5089	5091	2
3709	5091	5093	2
3710	5093	5095	2
3711	5095	5097	2
3712	5097	5099	2
3713	5099	5101	2
3714	5101	5103	2
3715	5103	5105	2
3716	5105	5107	2
3717	5107	5109	2
3718	5109	5111	2
3719	5111	5113	2
3720	5113	5115	2
3721	5115	5117	2
3722	5117	5119	2
3723	5119	5121	2
3724	5121	5123	2
3725	5123	5125	2
3726	5125	5127	2
3727	5127	5129	2
3728	5129	5131	2
3729	5131	5133	2
3730	5133	5135	2
3731	5135	5137	2
3732	5137	5139	2
3733	5139	5141	2
3734	5141	5143	2
3735	5143	5145	2
3736	5145	5147	2
3737	5147	5149	2
3738	5149	5151	2
3739	5151	5153	2
3740	5153	5155	2
3741	5155	5157	2
3742	5157	5159	2
3743	5159	5161	2
3744	5161	5163	2
3745	5163	5165	2
3746	5165	5167	2
3747	5167	5169	2
3748	5169	5171	2
3749	5171	5173	2
3750	5173	5175	2
3751	5175	5177	2
3752	5177	5179	2
3753	5179	5181	2
3754	5181	5183	2
3755	5183	5185	2
3756	5185	5187	2
3757	5187	5189	2
3758	5189	5191	2
3759	5191	5193	2
3760	5193	5195	2
3761	5195	5197	2
3762	5197	5199	2
3763	5199	5201	2
3764	5201	5203	2
3765	5203	5205	2
3766	5205	5207	2
3767	5207	5209	2
3768	5209	5211	2
3769	5211	5213	2
3770	5213	5215	2
3771	5215	5217	2
3772	5217	5219	2
3773	5219	5221	2
3774	5221	5223	2
3775	5223	5225	2
3776	5225	5227	2
3777	5227	5229	2
3778	5229	5231	2
3779	5231	5233	2
3780	5233	5235	2
3781	5235	5237	2
3782	5237	5239	2
3783	5239	5241	2
3784	5241	5243	2
3785	5243	5245	2
3786	5245	5247	2
3787	5247	5249	2
3788	5249	5251	2
3789	5251	5253	2
3790	5253	5255	2
3791	5255	5257	2
3792	5257	5259	2
3793	5259	5261	2
3794	5261	5263	2
3795	5263	5265	2
3796	5265	5267	2
3797	5267	5269	2
3798	5269	5271	2
3799	5271	5273	2
3800	5273	5275	2
3801	5275	5277	2
3802	5277	5279	2
3803	5279	5281	2
3804	5281	5283	2
3805	5283	5285	2
3806	5285	5287	2
3807	5287	5289	2
3808	5289	5291	2
3809	5291	5293	2
3810	5293	5295	2
3811	5295	5297	2
3812	5297	5299	2
3813	5299	5301	2
3814	5301	5303	2
3815	5303	5305	2
3816	5305	5307	2
3817	5307	5309	2
3818	5309	5311	2
3819	5311	5313	2
3820	5313	5315	2
3821	5315	5317	2
3822	5317	5319	2
3823	5319	5321	2
3824	5321	5323	2
3825	5323	5325	2
3826	5325	5327	2
3827	5327	5329	2
3828	5329	5331	2
3829	5331	5333	2
3830	5333	5335	2
3831	5335	5337	2
3832	5337	5339	2
3833	5339	5341	2
3834	5341	5343	2
3835	5343	5345	2
3836	5345	5347	2
3837	5347	5349	2
3838	5349	5351	2
3839	5351	5353	2
3840	5353	5355	2
3841	5355	5357	2
3842	5357	5359	2
3843	5359	5361	2
3844	5361	5363	2
3845	5363	5365	2
3846	5365	5367	2
3847	5367	5369	2
3848	5369	5371	2
3849	5371	5373	2
3850	5373	5375	2
3851	5375	5377	2
3852	5377	5379	2
3853	5379	5381	2
3854	5381	5383	2
3855	5383	5385	2
3856	5385	5387	2
3857	5387	5389	2
3858	5389	5391	2
3859	5391	5393	2
3860	5393	5395	2
3861	5395	5397	2
3862	5397	5399	2
3863	5399	5401	2
3864	5401	5403	2
3865	5403	5405	2
3866	5405	5407	2
3867	5407	5409	2
3868	5409	5411	2
3869	5411	5413	2
3870	5413	5415	2
3871	5415	5417	2
3872	5417	5419	2
3873	5419	5421	2
3874	5421	5423	2
3875	5423	5425	2
3876	5425	5427	2
3877	5427	5429	2
3878	5429	5431	2
3879	5431	5433	2
3880	5433	5435	2
3881	5435	5437	2
3882	5437	5439	2
3883	5439	5441	2
3884	5441	5443	2
3885	5443	5445	2
3886	5445	5447	2
3887	5447	5449	2
3888	5449	5451	2
3889	5451	5453	2
3890	5453	5455	2
3891	5455	5457	2
3892	5457	5459	2
3893	5459	5461	2
3894	5461	5463	2
3895	5463	5465	2
3896	5465	5467	2
3897	5467	5469	2
3898	5469	5471	2
3899	5471	5473	2
3900	5473	5475	2
3901	5475	5477	2
3902	5477	5479	2
3903	5479	5481	2
3904	5481	5483	2
3905	5483	5485	2
3906	5485	5487	2
3907	5487	5489	2
3908	5489	5491	2
3909	5491	5493	2
3910	5493	5495	2
3911	5495	5497	2
3912	5497	5499	2
3913	5499	5501	2
3914	5501	5503	2
3915	5503	5505	2
3916	5505	5507	2
3917	5507	5509	2
3918	5509	5511	2
3919	5511	5513	2
3920	5513	5515	2
3921	5515	5517	2
3922	5517	5519	2
3923	5519	5521	2
3924	5521	5523	2
3925	5523	5525	2
3926	5525	5527	2
3927	5527	5529	2
3928	5529	5531	2
3929	5531	5533	2
3930	5533	5535	2
3931	5535	5537	2
3932	5537	5539	2
3933	5539	5541	2
3934	5541	5543	2
3935	5543	5545	2
3936	5545	5547	2
3937	5547	5549	2
3938	5549	5551	2
3939	5551	5553	2
3940	5553	5555	2
3941	5555	5557	2
3942	5557	5559	2
3943	5559	5561	2
3944	5561	5563	2
3945	5563	5565	2
3946	5565	5567	2
3947	5567	5569	2
3948	5569	5571	2
3949	5571	5573	2
3950	5573	5575	2
3951	5575	5577	2
3952	5577	5579	2
3953	5579	5581	2
3954	5581	5583	2
3955	5583	5585	2
3956	5585	5587	2
3957	5587	5589	2
3958	5589	5591	2
3959	5591	5593	2
3960	5593	5595	2
3961	5595	5597	2
3962	5597	5599	2
3963	5599	5601	2
3964	5601	5603	2
3965	5603	5605	2
3966	5605	5607	2
3967	5607	5609	2
3968	5609	5611	2
3969	5611	5613	2
3970	5613	5615	2
3971	5615	5617	2
3972	5617	5619	2
3973	5619	5621	2
3974	5621	5623	2
3975	5623	5625	2
3976	5625	5627	2
3977	5627	5629	2
3978	5629	5631	2
3979	5631	5633	2
3980	5633	5635	2
3981	5635	5637	2
3982	5637	5639	2
3983	5639	5641	2
3984	5641	5643	2
3985	5643	5645	2
3986	5645	5647	2
3987	5647	5649	2
3988	5649	5651	2
3989	5651	5653	2
3990	5653	5655	2
3991	5655	5657	2
3992	5657	5659	2
3993	5659	5661	2
3994	5661	5663	2
3995	5663	5665	2
3996	5665	5667	2
3997	5667	5669	2
3998	5669	5671	2
3999	5671	5673	2
4000	5673	5675	2
4001	5675	5677	2
4002	5677	5679	2
4003	5679	5681	2
4004	5681	5683	2
4005	5683	5685	2
4006	5685	5687	2
4007	5687	5689	2
4008	5689	5691	2
4009	5691	5693	2
4010	5693	5695	2
4011	5695	5697	2
4012	5697	5699	2
4013	5699	5701	2
4014	5701	5703	2
4015	5703	5705	2
4016	5705	5707	2
4017	5707	5709	2
4018	5709	5711	2
4019	5711	5713	2
4020	5713	5715	2
4021	5715	5717	2
4022	5717	5719	2
4023	5719	5721	2
4024	5721	5723	2
4025	5723	5725	2
4026	5725	5727	2
4027	5727	5729	2
4028	5729	5731	2
4029	5731	5733	2
4030	5733	5735	2
4031	5735	5737	2
4032	5737	5739	2
4033	5739	5741	2
4034	5741	5743	2
4035	5743	5745	2
4036	5745	5747	2
4037	5747	5749	2
4038	5749	5751	2
4039	5751	5753	2
4040	5753	5755	2
4041	5755	5757	2
4042	5757	5759	2
4043	5759	5761	2
4044	5761	5763	2
4045	5763	5765	2
4046	5765	5767	2
4047	5767	5769	2
4048	5769	5771	2
4049	5771	5773	2
4050	5773	5775	2
4051	5775	5777	2
4052	5777	5779	2
4053	5779	5781	2
4054	5781	5783	2
4055	5783	5785	2
4056	5785	5787	2
4057	5787	5789	2
4058	5789	5791	2
4059	5791	5793	2
4060	5793	5795	2
4061	5795	5797	2
4062	5797	5799	2
4063	5799	5801	2
4064	5801	5803	2
4065	5803	5805	2
4066	5805	5807	2
4067	5807	5809	2
4068	5809	5811	2
4069	5811	5813	2
4070	5813	5815	2
4071	5815	5817	2
4072	5817	5819	2
4073	5819	5821	2
4074	5821	5823	2
4075	5823	5825	2
4076	5825	5827	2
4077	5827	5829	2
4078	5829	5831	2
4079	5831	5833	2
4080	5833	5835	2
4081	5835	5837	2
4082	5837	5839	2
4083	5839	5841	2
4084	5841	5843	2
4085	5843	5845	2
4086	5845	5847	2
4087	5847	5849	2
4088	5849	5851	2
4089	5851	5853	2
4090	5853	5855	2
4091	5855	5857	2
4092	5857	5859	2
4093	5859	5861	2
4094	5861	5863	2
4095	5863	5865	2
4096	5865	5867	2
4097	5867	5869	2
4098	5869	5871	2
4099	5871	5873	2
4100	5873	5875	2
4101	5875	5877	2
4102	5877	5879	2
4103	5879	5881	2
4104	5881	5883	2
4105	5883	5885	2
4106	5885	5887	2
4107	5887	5889	2
4108	5889	5891	2
4109	5891	5893	2
4110	5893	5895	2
4111	5895	5897	2
4112	5897	5899	2
4113	5899	5901	2
4114	5901	5903	2
4115	5903	5905	2
4116	5905	5907	2
4117	5907	5909	2
4118	5909	5911	2
4119	5911	5913	2
4120	5913	5915	2
4121	5915	5917	2
4122	5917	5919	2
4123	5919	5921	2
4124	5921	5923	2
4125	5923	5925	2
4126	5925	5927	2
4127	5927	5929	2
4128	5929	5931	2
4129	5931	5933	2
4130	5933	5935	2
4131	5935	5937	2
4132	5937	5939	2
4133	5939	5941	2
4134	5941	5943	2
4135	5943	5945	2
4136	5945	5947	2
4137	5947	5949	2
4138	5949	5951	2
4139	5951	5953	2
4140	5953	5955	2
4141	5955	5957	2
4142	5957	5959	2
4143	5959	5961	2
4144	5961	5963	2
4145	5963	5965	2
4146	5965	5967	2
4147	5967	5969	2
4148	5969	5971	2
4149	5971	5973	2
4150	5973	5975	2
4151	5975	5977	2
4152	5977	5979	2
4153	5979	5981	2
4154	5981	5983	2
4155	5983	5985	2
4156	5985	5987	2
4157	5987	5989	2
4158	5989	5991	2
4159	5991	5993	2
4160	5993	5995	2
4161	5995	5997	2
4162	5997	5999	2
4163	5999	6001	2
4164	6001	6003	2
4165	6003	6005	2
4166	6005	6007	2
4167	6007	6009	2
4168	6009	6011	2
4169	6011	6013	2
4170	6013	6015	2
4171	6015	6017	2
4172	6017	6019	2
4173	6019	6021	2
4174	6021	6023	2
4175	6023	6025	2
4176	6025	6027	2
4177	6027	6029	2
4178	6029	6031	2
4179	6031	6033	2
4180	6033	6035	2
4181	6035	6037	2
4182	6037	6039	2
4183	6039	6041	2
4184	6041	6043	2
4185	6043	6045	2
4186	6045	6047	2
4187	6047	6049	2
4188	6049	6051	2
4189	6051	6053	2
4190	6053	6055	2
4191	6055	6057	2
4192	6057	6059	2
4193	6059	6061	2
4194	6061	6063	2
4195	6063	6065	2
4196	6065	6067	2
4197	6067	6069	2
4198	6069	6071	2
4199	6071	6073	2
4200	6073	6075	2
4201	6075	6077	2
4202	6077	6079	2
4203	6079	6081	2
4204	6081	6083	2
4205	6083	6085	2
4206	6085	6087	2
4207	6087	6089	2
4208	6089	6091	2
4209	6091	6093	2
4210	6093	6095	2
4211	6095	6097	2
4212	6097	6099	2
4213	6099	6101	2
4214	6101	6103	2
4215	6103	6105	2
4216	6105	6107	2
4217	6107	6109	2
4218	6109	6111	2
4219	6111	6113	2
4220	6113	6115	2
4221	6115	6117	2
4222	6117	6119	2
4223	6119	6121	2
4224	6121	6123	2
4225	6123	6125	2
4226	6125	6127	2
4227	6127	6129	2
4228	6129	6131	2
4229	6131	6133	2
4230	6133	6135	2
4231	6135	6137	2
4232	6137	6139	2
4233	6139	6141	2
4234	6141	6143	2
4235	6143	6145	2
4236	6145	6147	2
4237	6147	6149	2
4238	6149	6151	2
4239	6151	6153	2
4240	6153	6155	2
4241	6155	6157	2
4242	6157	6159	2
4243	6159	6161	2
4244	6161	6163	2
4245	6163	6165	2
4246	6165	6167	2
4247	6167	6169	2
4248	6169	6171	2
4249	6171	6173	2
4250	6173	6175	2
4251	6175	6177	2
4252	6177	6179	2
4253	6179	6181	2
4254	6181	6183	2
4255	6183	6185	2
4256	6185	6187	2
4257	6187	6189	2
4258	6189	6191	2
4259	6191	6193	2
4260	6193	6195	2
4261	6195	6197	2
4262	6197	6199	2
4263	6199	6201	2
4264	6201	6203	2
4265	6203	6205	2
4266	6205	6207	2
4267	6207	6209	2
4268	6209	6211	2
4269	6211	6213	2
4270	6213	6215	2
4271	6215	6217	2
4272	6217	6219	2
4273	6219	6221	2
4274	6221	6223	2
4275	6223	6225	2
4276	6225	6227	2
4277	6227	6229	2
4278	6229	6231	2
4279	6231	6233	2
4280	6233	6235	2
4281	6235	6237	2
4282	6237	6239	2
4283	6239	6241	2
4284	6241	6243	2
4285	6243	6245	2
4286	6245	6247	2
4287	6247	6249	2
4288	6249	6251	2
4289	6251	6253	2
4290	6253	6255	2
4291	6255	6257	2
4292	6257	6259	2
4293	6259	6261	2
4294	6261	6263	2
4295	6263	6265	2
4296	6265	6267	2
4297	6267	6269	2
4298	6269	6271	2
4299	6271	6273	2
4300	6273	6275	2
4301	6275	6277	2
4302	6277	6279	2
4303	6279	6281	2
4304	6281	6283	2
4305	6283	6285	2
4306	6285	6287	2
4307	6287	6289	2
4308	6289	6291	2
4309	6291	6293	2
4310	6293	6295	2
4311	6295	6297	2
4312	6297	6299	2
4313	6299	6301	2
4314	6301	6303	2
4315	6303	6305	2
4316	6305	6307	2
4317	6307	6309	2
4318	6309	6311	2
4319	6311	6313	2
4320	6313	6315	2
4321	6315	6317	2
4322	6317	6319	2
4323	6319	6321	2
4324	6321	6323	2
4325	6323	6325	2
4326	6325	6327	2
4327	6327	6329	2
4328	6329	6331	2
4329	6331	6333	2
4330	6333	6335	2
4331	6335	6337	2
4332	6337	6339	2
4333	6339	6341	2
4334	6341	6343	2
4335	6343	6345	2
4336	6345	6347	2
4337	6347	6349	2
4338	6349	6351	2
4339	6351	6353	2
4340	6353	6355	2
4341	6355	6357	2
4342	6357	6359	2
4343	6359	6361	2
4344	6361	6363	2
4345	6363	6365	2
4346	6365	6367	2
4347	6367	6369	2
4348	6369	6371	2
4349	6371	6373	2
4350	6373	6375	2
4351	6375	6377	2
4352	6377	6379	2
4353	6379	6381	2
4354	6381	6383	2
4355	6383	6385	2
4356	6385	6387	2
4357	6387	6389	2
4358	6389	6391	2
4359	6391	6393	2
4360	6393	6395	2
4361	6395	6397	2
4362	6397	6399	2
4363	6399	6401	2
4364	6401	6403	2
4365	6403	6405	2
4366	6405	6407	2
4367	6407	6409	2
4368	6409	6411	2
4369	6411	6413	2
4370	6413	6415	2
4371	6415	6417	2
4372	6417	6419	2
4373	6419	6421	2
4374	6421	6423	2
4375	6423	6425	2
4376	6425	6427	2
4377	6427	6429	2
4378	6429	6431	2
4379	6431	6433	2
4380	6433	6435	2
4381	6435	6437	2
4382	6437	6439	2
4383	6439	6441	2
4384	6441	6443	2
4385	6443	6445	2
4386	6445	6447	2
4387	6447	6449	2
4388	6449	6451	2
4389	6451	6453	2
4390	6453	6455	2
4391	6455	6457	2
4392	6457	6459	2
4393	6459	6461	2
4394	6461	6463	2
4395	6463	6465	2
4396	6465	6467	2
4397	6467	6469	2
4398	6469	6471	2
4399	6471	6473	2
4400	6473	6475	2
4401	6475	6477	2
4402	6477	6479	2
4403	6479	6481	2
4404	6481	6483	2
4405	6483	6485	2
4406	6485	6487	2
4407	6487	6489	2
4408	6489	6491	2
4409	6491	6493	2
4410	6493	6495	2
4411	6495	6497	2
4412	6497	6499	2
4413	6499	6501	2
4414	6501	6503	2
4415	6503	6505	2
4416	6505	6507	2
4417	6507	6509	2
4418	6509	6511	2
4419	6511	6513	2
4420	6513	6515	2
4421	6515	6517	2
4422	6517	6519	2
4423	6519	6521	2
4424	6521	6523	2
4425	6523	6525	2
4426	6525	6527	2
4427	6527	6529	2
4428	6529	6531	2
4429	6531	6533	2
4430	6533	6535	2
4431	6535	6537	2
4432	6537	6539	2
4433	6539	6541	2
4434	6541	6543	2
4435	6543	6545	2
4436	6545	6547	2
4437	6547	6549	2
4438	6549	6551	2
4439	6551	6553	2
4440	6553	6555	2
4441	6555	6557	2
4442	6557	6559	2
4443	6559	6561	2
4444	6561	6563	2
4445	6563	6565	2
4446	6565	6567	2
4447	6567	6569	2
4448	6569	6571	2
4449	6571	6573	2
4450	6573	6575	2
4451	6575	6577	2
4452	6577	6579	2
4453	6579	6581	2
4454	6581	6583	2
4455	6583	6585	2
4456	6585	6587	2
4457	6587	6589	2
4458	6589	6591	2
4459	6591	6593	2
4460	6593	6595	2
4461	6595	6597	2
4462	6597	6599	2
4463	6599	6601	2
4464	6601	6603	2
4465	6603	6605	2
4466	6605	6607	2
4467	6607	6609	2
4468	6609	6611	2
4469	6611	6613	2
4470	6613	6615	2
4471	6615	6617	2
4472	6617	6619	2
4473	6619	6621	2
4474	6621	6623	2
4475	6623	6625	2
4476	6625	6627	2
4477	6627	6629	2
4478	6629	6631	2
4479	6631	6633	2
4480	6633	6635	2
4481	6635	6637	2
4482	6637	6639	2
4483	6639	6641	2
4484	6641	6643	2
4485	6643	6645	2
4486	6645	6647	2
4487	6647	6649	2
4488	6649	6651	2
4489	6651	6653	2
4490	6653	6655	2
4491	6655	6657	2
4492	6657	6659	2
4493	6659	6661	2
4494	6661	6663	2
4495	6663	6665	2
4496	6665	6667	2
4497	6667	6669	2
4498	6669	6671	2
4499	6671	6673	2
4500	6673	6675	2
4501	6675	6677	2
4502	6677	6679	2
4503	6679	6681	2
4504	6681	6683	2
4505	6683	6685	2
4506	6685	6687	2
4507	6687	6689	2
4508	6689	6691	2
4509	6691	6693	2
4510	6693	6695	2
4511	6695	6697	2
4512	6697	6699	2
4513	6699	6701	2
4514	6701	6703	2
4515	6703	6705	2
4516	6705	6707	2
4517	6707	6709	2
4518	6709	6711	2
4519	6711	6713	2
4520	6713	6715	2
4521	6715	6717	2
4522	6717	6719	2
4523	6719	6721	2
4524	6721	6723	2
4525	6723	6725	2
4526	6725	6727	2
4527	6727	6729	2
4528	6729	6731	2
4529	6731	6733	2
4530	6733	6735	2
4531	6735	6737	2
4532	6737	6739	2
4533	6739	6741	2
4534	6741	6743	2
4535	6743	6745	2
4536	6745	6747	2
4537	6747	6749	2
4538	6749	6751	2
4539	6751	6754	3
4540	6754	6757	3
4541	6757	6760	3
4542	6760	6763	3
4543	6763	6766	3
4544	6766	6769	3
4545	6769	6772	3
4546	6772	6775	3
4547	6775	6778	3
4548	6778	6781	3
4549	6781	6784	3
4550	6784	6787	3
4551	6787	6790	3
4552	6790	6793	3
4553	6793	6796	3
4554	6796	6799	3
4555	6799	6802	3
4556	6802	6805	3
4557	6805	6808	3
4558	6808	6811	3
4559	6811	6814	3
4560	6814	6817	3
4561	6817	6820	3
4562	6820	6823	3
4563	6823	6826	3
4564	6826	6829	3
4565	6829	6832	3
4566	6832	6835	3
4567	6835	6838	3
4568	6838	6841	3
4569	6841	6844	3
4570	6844	6847	3
4571	6847	6850	3
4572	6850	6853	3
4573	6853	6856	3
4574	6856	6859	3
4575	6859	6862	3
4576	6862	6865	3
4577	6865	6868	3
4578	6868	6871	3
4579	6871	6874	3
4580	6874	6877	3
4581	6877	6880	3
4582	6880	6883	3
4583	6883	6886	3
4584	6886	6889	3
4585	6889	6892	3
4586	6892	6895	3
4587	6895	6898	3
4588	6898	6901	3
4589	6901	6904	3
4590	6904	6907	3
4591	6907	6910	3
4592	6910	6913	3
4593	6913	6916	3
4594	6916	6919	3
4595	6919	6922	3
4596	6922	6925	3
4597	6925	6928	3
4598	6928	6931	3
4599	6931	6934	3
4600	6934	6937	3
4601	6937	6940	3
4602	6940	6943	3
4603	6943	6946	3
4604	6946	6949	3
4605	6949	6952	3
4606	6952	6955	3
4607	6955	6958	3
4608	6958	6961	3
4609	6961	6964	3
4610	6964	6967	3
4611	6967	6970	3
4612	6970	6973	3
4613	6973	6976	3
4614	6976	6979	3
4615	6979	6982	3
4616	6982	6985	3
4617	6985	6988	3
4618	6988	6991	3
4619	6991	6994	3
4620	6994	6997	3
4621	6997	7000	3
4622	7000	7003	3
4623	7003	7006	3
4624	7006	7009	3
4625	7009	7012	3
4626	7012	7015	3
4627	7015	7018	3
4628	7018	7021	3
4629	7021	7024	3
4630	7024	7027	3
4631	7027	7030	3
4632	7030	7033	3
4633	7033	7036	3
4634	7036	7039	3
4635	7039	7042	3
4636	7042	7045	3
4637	7045	7048	3
4638	7048	7051	3
4639	7051	7054	3
4640	7054	7057	3
4641	7057	7060	3
4642	7060	7063	3
4643	7063	7066	3
4644	7066	7069	3
4645	7069	7072	3
4646	7072	7075	3
4647	7075	7078	3
4648	7078	7081	3
4649	7081	7084	3
4650	7084	7087	3
4651	7087	7090	3
4652	7090	7093	3
4653	7093	7096	3
4654	7096	7099	3
4655	7099	7102	3
4656	7102	7105	3
4657	7105	7108	3
4658	7108	7111	3
4659	7111	7114	3
4660	7114	7117	3
4661	7117	7120	3
4662	7120	7123	3
4663	7123	7126	3
4664	7126	7129	3
4665	7129	7132	3
4666	7132	7135	3
4667	7135	7138	3
4668	7138	7141	3
4669	7141	7144	3
4670	7144	7147	3
4671	7147	7150	3
4672	7150	7153	3
4673	7153	7156	3
4674	7156	7159	3
4675	7159	7162	3
4676	7162	7165	3
4677	7165	7168	3
4678	7168	7171	3
4679	7171	7174	3
4680	7174	7177	3
4681	7177	7180	3
4682	7180	7183	3
4683	7183	7186	3
4684	7186	7189	3
4685	7189	7192	3
4686	7192	7195	3
4687	7195	7198	3
4688	7198	7201	3
4689	7201	7204	3
4690	7204	7207	3
4691	7207	7210	3
4692	7210	7213	3
4693	7213	7216	3
4694	7216	7219	3
4695	7219	7222	3
4696	7222	7225	3
4697	7225	7228	3
4698	7228	7231	3
4699	7231	7234	3
4700	7234	7237	3
4701	7237	7240	3
4702	7240	7243	3
4703	7243	7246	3
4704	7246	7249	3
4705	7249	7252	3
4706	7252	7255	3
4707	7255	7258	3
4708	7258	7261	3
4709	7261	7264	3
4710	7264	7267	3
4711	7267	7270	3
4712	7270	7273	3
4713	7273	7276	3
4714	7276	7279	3
4715	7279	7282	3
4716	7282	7285	3
4717	7285	7288	3
4718	7288	7291	3
4719	7291	7294	3
4720	7294	7297	3
4721	7297	7300	3
4722	7300	7303	3
4723	7303	7306	3
4724	7306	7309	3
4725	7309	7312	3
4726	7312	7315	3
4727	7315	7318	3
4728	7318	7321	3
4729	7321	7324	3
4730	7324	7327	3
4731	7327	7330	3
4732	7330	7333	3
4733	7333	7336	3
4734	7336	7339	3
4735	7339	7342	3
4736	7342	7345	3
4737	7345	7348	3
4738	7348	7351	3
4739	7351	7354	3
4740	7354	7357	3
4741	7357	7360	3
4742	7360	7363	3
4743	7363	7366	3
4744	7366	7369	3
4745	7369	7372	3
4746	7372	7375	3
4747	7375	7378	3
4748	7378	7381	3
4749	7381	7384	3
4750	7384	7387	3
4751	7387	7390	3
4752	7390	7393	3
4753	7393	7396	3
4754	7396	7399	3
4755	7399	7402	3
4756	7402	7405	3
4757	7405	7408	3
4758	7408	7411	3
4759	7411	7414	3
4760	7414	7417	3
4761	7417	7420	3
4762	7420	7423	3
4763	7423	7426	3
4764	7426	7429	3
4765	7429	7432	3
4766	7432	7435	3
4767	7435	7438	3
4768	7438	7441	3
4769	7441	7444	3
4770	7444	7447	3
4771	7447	7450	3
4772	7450	7453	3
4773	7453	7456	3
4774	7456	7459	3
4775	7459	7462	3
4776	7462	7465	3
4777	7465	7468	3
4778	7468	7471	3
4779	7471	7474	3
4780	7474	7477	3
4781	7477	7480	3
4782	7480	7483	3
4783	7483	7486	3
4784	7486	7489	3
4785	7489	7492	3
4786	7492	7495	3
4787	7495	7498	3
4788	7498	7501	3
4789	7501	7504	3
4790	7504	7507	3
4791	7507	7510	3
4792	7510	7513	3
4793	7513	7516	3
4794	7516	7519	3
4795	7519	7522	3
4796	7522	7525	3
4797	7525	7528	3
4798	7528	7531	3
4799	7531	7534	3
4800	7534	7537	3
4801	7537	7540	3
4802	7540	7543	3
4803	7543	7546	3
4804	7546	7549	3
4805	7549	7552	3
4806	7552	7555	3
4807	7555	7558	3
4808	7558	7561	3
4809	7561	7564	3
4810	7564	7567	3
4811	7567	7570	3
4812	7570	7573	3
4813	7573	7576	3
4814	7576	7579	3
4815	7579	7582	3
4816	7582	7585	3
4817	7585	7588	3
4818	7588	7591	3
4819	7591	7594	3
4820	7594	7597	3
4821	7597	7600	3
4822	7600	7603	3
4823	7603	7606	3
4824	7606	7609	3
4825	7609	7612	3
4826	7612	7615	3
4827	7615	7618	3
4828	7618	7621	3
4829	7621	7624	3
4830	7624	7627	3
4831	7627	7630	3
4832	7630	7633	3
4833	7633	7636	3
4834	7636	7639	3
4835	7639	7642	3
4836	7642	7645	3
4837	7645	7648	3
4838	7648	7651	3
4839	7651	7654	3
4840	7654	7657	3
4841	7657	7660	3
4842	7660	7663	3
4843	7663	7666	3
4844	7666	7669	3
4845	7669	7672	3
4846	7672	7675	3
4847	7675	7678	3
4848	7678	7681	3
4849	7681	7684	3
4850	7684	7687	3
4851	7687	7690	3
4852	7690	7693	3
4853	7693	7696	3
4854	7696	7699	3
4855	7699	7702	3
4856	7702	7705	3
4857	7705	7708	3
4858	7708	7711	3
4859	7711	7714	3
4860	7714	7717	3
4861	7717	7720	3
4862	7720	7723	3
4863	7723	7726	3
4864	7726	7729	3
4865	7729	7732	3
4866	7732	7735	3
4867	7735	7738	3
4868	7738	7741	3
4869	7741	7744	3
4870	7744	7747	3
4871	7747	7750	3
4872	7750	7753	3
4873	7753	7756	3
4874	7756	7759	3
4875	7759	7762	3
4876	7762	7765	3
4877	7765	7768	3
4878	7768	7771	3
4879	7771	7774	3
4880	7774	7777	3
4881	7777	7780	3
4882	7780	7783	3
4883	7783	7786	3
4884	7786	7789	3
4885	7789	7792	3
4886	7792	7795	3
4887	7795	7798	3
4888	7798	7801	3
4889	7801	7804	3
4890	7804	7807	3
4891	7807	7810	3
4892	7810	7813	3
4893	7813	7816	3
4894	7816	7819	3
4895	7819	7822	3
4896	7822	7825	3
4897	7825	7828	3
4898	7828	7831	3
4899	7831	7834	3
4900	7834	7837	3
4901	7837	7840	3
4902	7840	7843	3
4903	7843	7846	3
4904	7846	7849	3
4905	7849	7852	3
4906	7852	7855	3
4907	7855	7858	3
4908	7858	7861	3
4909	7861	7864	3
4910	7864	7867	3
4911	7867	7870	3
4912	7870	7873	3
4913	7873	7876	3
4914	7876	7879	3
4915	7879	7882	3
4916	7882	7885	3
4917	7885	7888	3
4918	7888	7891	3
4919	7891	7894	3
4920	7894	7897	3
4921	7897	7900	3
4922	7900	7903	3
4923	7903	7906	3
4924	7906	7909	3
4925	7909	7912	3
4926	7912	7915	3
4927	7915	7918	3
4928	7918	7921	3
4929	7921	7924	3
4930	7924	7927	3
4931	7927	7930	3
4932	7930	7933	3
4933	7933	7936	3
4934	7936	7939	3
4935	7939	7942	3
4936	7942	7945	3
4937	7945	7948	3
4938	7948	7951	3
4939	7951	7954	3
4940	7954	7957	3
4941	7957	7960	3
4942	7960	7963	3
4943	7963	7966	3
4944	7966	7969	3
4945	7969	7972	3
4946	7972	7975	3
4947	7975	7978	3
4948	7978	7981	3
4949	7981	7984	3
4950	7984	7987	3
4951	7987	7990	3
4952	7990	7993	3
4953	7993	7996	3
4954	7996	7999	3
4955	7999	8002	3
4956	8002	8005	3
4957	8005	8008	3
4958	8008	8011	3
4959	8011	8014	3
4960	8014	8017	3
4961	8017	8020	3
4962	8020	8023	3
4963	8023	8026	3
4964	8026	8029	3
4965	8029	8032	3
4966	8032	8035	3
4967	8035	8038	3
4968	8038	8041	3
4969	8041	8044	3
4970	8044	8047	3
4971	8047	8050	3
4972	8050	8053	3
4973	8053	8056	3
4974	8056	8059	3
4975	8059	8062	3
4976	8062	8065	3
4977	8065	8068	3
4978	8068	8071	3
4979	8071	8074	3
4980	8074	8077	3
4981	8077	8080	3
4982	8080	8083	3
4983	8083	8086	3
4984	8086	8089	3
4985	8089	8092	3
4986	8092	8095	3
4987	8095	8098	3
4988	8098	8101	3
4989	8101	8104	3
4990	8104	8107	3
4991	8107	8110	3
4992	8110	8113	3
4993	8113	8116	3
4994	8116	8119	3
4995	8119	8122	3
4996	8122	8125	3
4997	8125	8128	3
4998	8128	8131	3
4999	8131	8134	3
5000	8134	8137	3
5001	8137	8140	3
5002	8140	8143	3
5003	8143	8146	3
5004	8146	8149	3
5005	8149	8152	3
5006	8152	8155	3
5007	8155	8158	3
5008	8158	8161	3
5009	8161	8164	3
5010	8164	8167	3
5011	8167	8170	3
5012	8170	8173	3
5013	8173	8176	3
5014	8176	8179	3
5015	8179	8182	3
5016	8182	8185	3
5017	8185	8188	3
5018	8188	8191	3
5019	8191	8194	3
5020	8194	8197	3
5021	8197	8200	3
5022	8200	8203	3
5023	8203	8206	3
5024	8206	8209	3
5025	8209	8212	3
5026	8212	8215	3
5027	8215	8218	3
5028	8218	8221	3
5029	8221	8224	3
5030	8224	8227	3
5031	8227	8230	3
5032	8230	8233	3
5033	8233	8236	3
5034	8236	8239	3
5035	8239	8242	3
5036	8242	8245	3
5037	8245	8248	3
5038	8248	8251	3
5039	8251	8254	3
5040	8254	8257	3
5041	8257	8260	3
5042	8260	8263	3
5043	8263	8266	3
5044	8266	8269	3
5045	8269	8272	3
5046	8272	8275	3
5047	8275	8278	3
5048	8278	8281	3
5049	8281	8284	3
5050	8284	8287	3
5051	8287	8290	3
5052	8290	8293	3
5053	8293	8296	3
5054	8296	8299	3
5055	8299	8302	3
5056	8302	8305	3
5057	8305	8308	3
5058	8308	8311	3
5059	8311	8314	3
5060	8314	8317	3
5061	8317	8320	3
5062	8320	8323	3
5063	8323	8326	3
5064	8326	8329	3
5065	8329	8332	3
5066	8332	8335	3
5067	8335	8338	3
5068	8338	8341	3
5069	8341	8344	3
5070	8344	8347	3
5071	8347	8350	3
5072	8350	8353	3
5073	8353	8356	3
5074	8356	8359	3
5075	8359	8362	3
5076	8362	8365	3
5077	8365	8368	3
5078	8368	8371	3
5079	8371	8374	3
5080	8374	8377	3
5081	8377	8380	3
5082	8380	8383	3
5083	8383	8386	3
5084	8386	8389	3
5085	8389	8392	3
5086	8392	8395	3
5087	8395	8398	3
5088	8398	8401	3
5089	8401	8404	3
5090	8404	8407	3
5091	8407	8410	3
5092	8410	8413	3
5093	8413	8416	3
5094	8416	8419	3
5095	8419	8422	3
5096	8422	8425	3
5097	8425	8428	3
5098	8428	8431	3
5099	8431	8434	3
5100	8434	8437	3
5101	8437	8440	3
5102	8440	8443	3
5103	8443	8446	3
5104	8446	8449	3
5105	8449	8452	3
5106	8452	8455	3
5107	8455	8458	3
5108	8458	8461	3
5109	8461	8464	3
5110	8464	8467	3
5111	8467	8470	3
5112	8470	8473	3
5113	8473	8476	3
5114	8476	8479	3
5115	8479	8482	3
5116	8482	8485	3
5117	8485	8488	3
5118	8488	8491	3
5119	8491	8494	3
5120	8494	8497	3
5121	8497	8500	3
5122	8500	8503	3
5123	8503	8506	3
5124	8506	8509	3
5125	8509	8512	3
5126	8512	8515	3
5127	8515	8518	3
5128	8518	8521	3
5129	8521	8524	3
5130	8524	8527	3
5131	8527	8530	3
5132	8530	8533	3
5133	8533	8536	3
5134	8536	8539	3
5135	8539	8542	3
5136	8542	8545	3
5137	8545	8548	3
5138	8548	8551	3
5139	8551	8554	3
5140	8554	8557	3
5141	8557	8560	3
5142	8560	8563	3
5143	8563	8566	3
5144	8566	8569	3
5145	8569	8572	3
5146	8572	8575	3
5147	8575	8578	3
5148	8578	8581	3
5149	8581	8584	3
5150	8584	8587	3
5151	8587	8590	3
5152	8590	8593	3
5153	8593	8596	3
5154	8596	8599	3
5155	8599	8602	3
5156	8602	8605	3
5157	8605	8608	3
5158	8608	8611	3
5159	8611	8614	3
5160	8614	8617	3
5161	8617	8620	3
5162	8620	8623	3
5163	8623	8626	3
5164	8626	8629	3
5165	8629	8632	3
5166	8632	8635	3
5167	8635	8638	3
5168	8638	8641	3
5169	8641	8644	3
5170	8644	8647	3
5171	8647	8650	3
5172	8650	8653	3
5173	8653	8656	3
5174	8656	8659	3
5175	8659	8662	3
5176	8662	8665	3
5177	8665	8668	3
5178	8668	8671	3
5179	8671	8674	3
5180	8674	8677	3
5181	8677	8680	3
5182	8680	8683	3
5183	8683	8686	3
5184	8686	8689	3
5185	8689	8692	3
5186	8692	8695	3
5187	8695	8698	3
5188	8698	8701	3
5189	8701	8704	3
5190	8704	8707	3
5191	8707	8710	3
5192	8710	8713	3
5193	8713	8716	3
5194	8716	8719	3
5195	8719	8722	3
5196	8722	8725	3
5197	8725	8728	3
5198	8728	8731	3
5199	8731	8734	3
5200	8734	8737	3
5201	8737	8740	3
5202	8740	8743	3
5203	8743	8746	3
5204	8746	8749	3
5205	8749	8752	3
5206	8752	8755	3
5207	8755	8758	3
5208	8758	8761	3
5209	8761	8764	3
5210	8764	8767	3
5211	8767	8770	3
5212	8770	8773	3
5213	8773	8776	3
5214	8776	8779	3
5215	8779	8782	3
5216	8782	8785	3
5217	8785	8788	3
5218	8788	8791	3
5219	8791	8794	3
5220	8794	8797	3
5221	8797	8800	3
5222	8800	8803	3
5223	8803	8806	3
5224	8806	8809	3
5225	8809	8812	3
5226	8812	8815	3
5227	8815	8818	3
5228	8818	8822	4
5229	8822	8826	4
5230	8826	8830	4
5231	8830	8834	4
5232	8834	8838	4
5233	8838	8842	4
5234	8842	8846	4
5235	8846	8850	4
5236	8850	8854	4
5237	8854	8858	4
5238	8858	8862	4
5239	8862	8866	4
5240	8866	8870	4
5241	8870	8874	4
5242	8874	8878	4
5243	8878	8882	4
5244	8882	8886	4
5245	8886	8890	4
5246	8890	8894	4
5247	8894	8898	4
5248	8898	8902	4
5249	8902	8906	4
5250	8906	8910	4
5251	8910	8914	4
5252	8914	8918	4
5253	8918	8922	4
5254	8922	8926	4
5255	8926	8930	4
5256	8930	8934	4
5257	8934	8938	4
5258	8938	8942	4
5259	8942	8946	4
5260	8946	8950	4
5261	8950	8954	4
5262	8954	8958	4
5263	8958	8962	4
5264	8962	8966	4
5265	8966	8970	4
5266	8970	8974	4
5267	8974	8978	4
5268	8978	8982	4
5269	8982	8986	4
5270	8986	8990	4
5271	8990	8994	4
5272	8994	8998	4
5273	8998	9002	4
5274	9002	9006	4
5275	9006	9010	4
5276	9010	9014	4
5277	9014	9018	4
5278	9018	9022	4
5279	9022	9026	4
5280	9026	9030	4
5281	9030	9034	4
5282	9034	9038	4
5283	9038	9042	4
5284	9042	9046	4
5285	9046	9050	4
5286	9050	9054	4
5287	9054	9058	4
5288	9058	9062	4
5289	9062	9066	4
5290	9066	9070	4
5291	9070	9074	4
5292	9074	9078	4
5293	9078	9082	4
5294	9082	9086	4
5295	9086	9090	4
5296	9090	9094	4
5297	9094	9098	4
5298	9098	9102	4
5299	9102	9106	4
5300	9106	9110	4
5301	9110	9114	4
5302	9114	9118	4
5303	9118	9122	4
5304	9122	9126	4
5305	9126	9130	4
5306	9130	9134	4
5307	9134	9138	4
5308	9138	9142	4
5309	9142	9146	4
5310	9146	9150	4
5311	9150	9154	4
5312	9154	9158	4
5313	9158	9162	4
5314	9162	9166	4
5315	9166	9170	4
5316	9170	9174	4
5317	9174	9178	4
5318	9178	9182	4
5319	9182	9186	4
5320	9186	9190	4
5321	9190	9194	4
5322	9194	9198	4
5323	9198	9202	4
5324	9202	9206	4
5325	9206	9210	4
5326	9210	9214	4
5327	9214	9218	4
5328	9218	9222	4
5329	9222	9226	4
5330	9226	9230	4
5331	9230	9234	4
5332	9234	9238	4
5333	9238	9242	4
5334	9242	9246	4
5335	9246	9250	4
5336	9250	9254	4
5337	9254	9258	4
5338	9258	9262	4
5339	9262	9266	4
5340	9266	9270	4
5341	9270	9274	4
5342	9274	9278	4
5343	9278	9282	4
5344	9282	9286	4
5345	9286	9290	4
5346	9290	9294	4
5347	9294	9298	4
5348	9298	9302	4
5349	9302	9306	4
5350	9306	9310	4
5351	9310	9314	4
5352	9314	9318	4
5353	9318	9322	4
5354	9322	9326	4
5355	9326	9330	4
5356	9330	9334	4
5357	9334	9338	4
5358	9338	9342	4
5359	9342	9346	4
5360	9346	9350	4
5361	9350	9354	4
5362	9354	9358	4
5363	9358	9362	4
5364	9362	9366	4
5365	9366	9370	4
5366	9370	9374	4
5367	9374	9378	4
5368	9378	9382	4
5369	9382	9386	4
5370	9386	9390	4
5371	9390	9394	4
5372	9394	9398	4
5373	9398	9402	4
5374	9402	9406	4
5375	9406	9410	4
5376	9410	9414	4
5377	9414	9418	4
5378	9418	9422	4
5379	9422	9426	4
5380	9426	9430	4
5381	9430	9434	4
5382	9434	9438	4
5383	9438	9442	4
5384	9442	9446	4
5385	9446	9450	4
5386	9450	9454	4
5387	9454	9458	4
5388	9458	9462	4
5389	9462	9466	4
5390	9466	9470	4
5391	9470	9474	4
5392	9474	9478	4
5393	9478	9482	4
5394	9482	9486	4
5395	9486	9490	4
5396	9490	9494	4
5397	9494	9498	4
5398	9498	9502	4
5399	9502	9506	4
5400	9506	9510	4
5401	9510	9514	4
5402	9514	9518	4
5403	9518	9522	4
5404	9522	9526	4
5405	9526	9530	4
5406	9530	9534	4
5407	9534	9538	4
5408	9538	9542	4
5409	9542	9546	4
5410	9546	9550	4
5411	9550	9554	4
5412	9554	9558	4
5413	9558	9562	4
5414	9562	9566	4
5415	9566	9570	4
5416	9570	9574	4
5417	9574	9578	4
5418	9578	9582	4
5419	9582	9586	4
5420	9586	9590	4
5421	9590	9594	4
5422	9594	9598	4
5423	9598	9602	4
5424	9602	9606	4
5425	9606	9610	4
5426	9610	9614	4
5427	9614	9618	4
5428	9618	9622	4
5429	9622	9626	4
5430	9626	9630	4
5431	9630	9634	4
5432	9634	9638	4
5433	9638	9642	4
5434	9642	9646	4
5435	9646	9650	4
5436	9650	9654	4
5437	9654	9658	4
5438	9658	9662	4
5439	9662	9666	4
5440	9666	9670	4
5441	9670	9674	4
5442	9674	9678	4
5443	9678	9682	4
5444	9682	9686	4
5445	9686	9690	4
5446	9690	9694	4
5447	9694	9698	4
5448	9698	9702	4
5449	9702	9706	4
5450	9706	9710	4
5451	9710	9714	4
5452	9714	9718	4
5453	9718	9722	4
5454	9722	9726	4
5455	9726	9730	4
5456	9730	9734	4
5457	9734	9738	4
5458	9738	9742	4
5459	9742	9746	4
5460	9746	9750	4
5461	9750	9754	4
5462	9754	9758	4
5463	9758	9762	4
5464	9762	9766	4
5465	9766	9770	4
5466	9770	9774	4
5467	9774	9778	4
5468	9778	9782	4
5469	9782	9786	4
5470	9786	9790	4
5471	9790	9794	4
5472	9794	9798	4
5473	9798	9802	4
5474	9802	9806	4
5475	9806	9810	4
5476	9810	9814	4
5477	9814	9818	4
5478	9818	9822	4
5479	9822	9826	4
5480	9826	9830	4
5481	9830	9834	4
5482	9834	9838	4
5483	9838	9842	4
5484	9842	9846	4
5485	9846	9850	4
5486	9850	9854	4
5487	9854	9858	4
5488	9858	9862	4
5489	9862	9866	4
5490	9866	9870	4
5491	9870	9874	4
5492	9874	9878	4
5493	9878	9882	4
5494	9882	9886	4
5495	9886	9890	4
5496	9890	9894	4
5497	9894	9898	4
5498	9898	9902	4
5499	9902	9906	4
5500	9906	9910	4
5501	9910	9914	4
5502	9914	9918	4
5503	9918	9922	4
5504	9922	9926	4
5505	9926	9930	4
5506	9930	9934	4
5507	9934	9938	4
5508	9938	9942	4
5509	9942	9946	4
5510	9946	9950	4
5511	9950	9954	4
5512	9954	9958	4
5513	9958	9962	4
5514	9962	9966	4
5515	9966	9970	4
5516	9970	9974	4
5517	9974	9978	4
5518	9978	9982	4
5519	9982	9986	4
5520	9986	9990	4
5521	9990	9994	4
5522	9994	9998	4
5523	9998	10002	4
5524	10002	10006	4
5525	10006	10010	4
5526	10010	10014	4
5527	10014	10018	4
5528	10018	10022	4
5529	10022	10026	4
5530	10026	10030	4
5531	10030	10034	4
5532	10034	10038	4
5533	10038	10042	4
5534	10042	10046	4
5535	10046	10050	4
5536	10050	10054	4
5537	10054	10058	4
5538	10058	10062	4
5539	10062	10066	4
5540	10066	10070	4
5541	10070	10074	4
5542	10074	10078	4
5543	10078	10082	4
5544	10082	10086	4
5545	10086	10090	4
5546	10090	10094	4
5547	10094	10098	4
5548	10098	10102	4
5549	10102	10106	4
5550	10106	10110	4
5551	10110	10114	4
5552	10114	10118	4
5553	10118	10122	4
5554	10122	10126	4
5555	10126	10130	4
5556	10130	10134	4
5557	10134	10138	4
5558	10138	10142	4
5559	10142	10146	4
5560	10146	10150	4
5561	10150	10154	4
5562	10154	10158	4
5563	10158	10162	4
5564	10162	10166	4
5565	10166	10170	4
5566	10170	10174	4
5567	10174	10178	4
5568	10178	10182	4
5569	10182	10186	4
5570	10186	10190	4
5571	10190	10194	4
5572	10194	10198	4
5573	10198	10202	4
5574	10202	10206	4
