#
#N Pointing	tstart	tend	Obs time
#		s
1	210	212	2
2	212	214	2
3	214	216	2
4	216	218	2
5	218	220	2
6	220	222	2
7	222	224	2
8	224	226	2
9	226	228	2
10	228	230	2
11	230	232	2
12	232	234	2
13	234	236	2
14	236	238	2
15	238	240	2
16	240	242	2
17	242	244	2
18	244	246	2
19	246	248	2
20	248	250	2
21	250	252	2
22	252	254	2
23	254	256	2
24	256	258	2
25	258	260	2
26	260	262	2
27	262	264	2
28	264	266	2
29	266	268	2
30	268	270	2
31	270	272	2
32	272	274	2
33	274	276	2
34	276	278	2
35	278	280	2
36	280	282	2
37	282	284	2
38	284	286	2
39	286	288	2
40	288	290	2
41	290	292	2
42	292	294	2
43	294	296	2
44	296	298	2
45	298	300	2
46	300	302	2
47	302	304	2
48	304	306	2
49	306	308	2
50	308	310	2
51	310	312	2
52	312	314	2
53	314	316	2
54	316	318	2
55	318	320	2
56	320	322	2
57	322	324	2
58	324	326	2
59	326	328	2
60	328	330	2
61	330	332	2
62	332	334	2
63	334	336	2
64	336	339	3
65	339	342	3
66	342	345	3
67	345	348	3
68	348	351	3
69	351	354	3
70	354	357	3
71	357	360	3
72	360	363	3
73	363	366	3
74	366	369	3
75	369	372	3
76	372	375	3
77	375	378	3
78	378	381	3
79	381	384	3
80	384	387	3
81	387	390	3
82	390	393	3
83	393	396	3
84	396	399	3
85	399	402	3
86	402	405	3
87	405	408	3
88	408	411	3
89	411	414	3
90	414	417	3
91	417	420	3
92	420	423	3
93	423	426	3
94	426	429	3
95	429	432	3
96	432	435	3
97	435	438	3
98	438	441	3
99	441	444	3
100	444	447	3
101	447	450	3
102	450	453	3
103	453	456	3
104	456	459	3
105	459	462	3
106	462	465	3
107	465	468	3
108	468	471	3
109	471	474	3
110	474	477	3
111	477	480	3
112	480	483	3
113	483	486	3
114	486	489	3
115	489	492	3
116	492	495	3
117	495	498	3
118	498	501	3
119	501	504	3
120	504	507	3
121	507	510	3
122	510	513	3
123	513	516	3
124	516	519	3
125	519	522	3
126	522	525	3
127	525	528	3
128	528	531	3
129	531	534	3
130	534	537	3
131	537	540	3
132	540	543	3
133	543	546	3
134	546	549	3
135	549	552	3
136	552	555	3
137	555	558	3
138	558	561	3
139	561	564	3
140	564	567	3
141	567	570	3
142	570	573	3
143	573	576	3
144	576	579	3
145	579	582	3
146	582	585	3
147	585	588	3
148	588	591	3
149	591	594	3
150	594	597	3
151	597	600	3
152	600	603	3
153	603	606	3
154	606	609	3
155	609	612	3
156	612	615	3
157	615	618	3
158	618	621	3
159	621	624	3
160	624	627	3
161	627	630	3
162	630	633	3
163	633	636	3
164	636	639	3
165	639	642	3
166	642	645	3
167	645	648	3
168	648	651	3
169	651	654	3
170	654	657	3
171	657	660	3
172	660	663	3
173	663	666	3
174	666	669	3
175	669	672	3
176	672	675	3
177	675	678	3
178	678	681	3
179	681	684	3
180	684	687	3
181	687	690	3
182	690	693	3
183	693	696	3
184	696	699	3
185	699	702	3
186	702	705	3
187	705	708	3
188	708	711	3
189	711	714	3
190	714	717	3
191	717	720	3
192	720	723	3
193	723	726	3
194	726	730	4
195	730	734	4
196	734	738	4
197	738	742	4
198	742	746	4
199	746	750	4
200	750	754	4
201	754	758	4
202	758	762	4
203	762	766	4
204	766	770	4
205	770	774	4
206	774	778	4
207	778	782	4
208	782	786	4
209	786	790	4
210	790	794	4
211	794	798	4
212	798	802	4
213	802	806	4
214	806	810	4
215	810	814	4
216	814	818	4
217	818	822	4
218	822	826	4
219	826	830	4
220	830	834	4
221	834	838	4
222	838	842	4
223	842	846	4
224	846	850	4
225	850	854	4
226	854	858	4
227	858	862	4
228	862	866	4
229	866	870	4
230	870	874	4
231	874	878	4
232	878	882	4
233	882	886	4
234	886	890	4
235	890	894	4
236	894	898	4
237	898	902	4
238	902	906	4
239	906	910	4
240	910	914	4
241	914	918	4
242	918	922	4
243	922	926	4
244	926	930	4
245	930	934	4
246	934	938	4
247	938	942	4
248	942	946	4
249	946	950	4
250	950	954	4
251	954	958	4
252	958	962	4
253	962	966	4
254	966	970	4
255	970	974	4
256	974	978	4
257	978	982	4
258	982	986	4
259	986	990	4
260	990	994	4
261	994	998	4
262	998	1002	4
263	1002	1006	4
264	1006	1010	4
265	1010	1014	4
266	1014	1018	4
267	1018	1022	4
268	1022	1026	4
269	1026	1030	4
270	1030	1034	4
271	1034	1038	4
272	1038	1042	4
273	1042	1046	4
274	1046	1050	4
275	1050	1054	4
276	1054	1058	4
277	1058	1062	4
278	1062	1066	4
279	1066	1070	4
280	1070	1074	4
281	1074	1078	4
282	1078	1082	4
283	1082	1087	5
284	1087	1092	5
285	1092	1097	5
286	1097	1102	5
287	1102	1107	5
288	1107	1112	5
289	1112	1117	5
290	1117	1122	5
291	1122	1127	5
292	1127	1132	5
293	1132	1137	5
294	1137	1142	5
295	1142	1147	5
296	1147	1152	5
297	1152	1157	5
298	1157	1162	5
299	1162	1167	5
300	1167	1172	5
301	1172	1177	5
302	1177	1182	5
303	1182	1187	5
304	1187	1192	5
305	1192	1197	5
306	1197	1202	5
307	1202	1207	5
308	1207	1212	5
309	1212	1217	5
310	1217	1222	5
311	1222	1227	5
312	1227	1232	5
313	1232	1237	5
314	1237	1242	5
315	1242	1247	5
316	1247	1252	5
317	1252	1257	5
318	1257	1262	5
319	1262	1267	5
320	1267	1272	5
321	1272	1277	5
322	1277	1282	5
323	1282	1287	5
324	1287	1292	5
325	1292	1298	6
326	1298	1304	6
327	1304	1310	6
328	1310	1316	6
329	1316	1322	6
330	1322	1328	6
331	1328	1334	6
332	1334	1340	6
333	1340	1346	6
334	1346	1352	6
335	1352	1358	6
336	1358	1364	6
337	1364	1370	6
338	1370	1376	6
339	1376	1382	6
340	1382	1388	6
341	1388	1394	6
342	1394	1400	6
343	1400	1406	6
344	1406	1412	6
345	1412	1418	6
346	1418	1424	6
347	1424	1430	6
348	1430	1436	6
349	1436	1442	6
350	1442	1448	6
351	1448	1454	6
352	1454	1460	6
353	1460	1466	6
354	1466	1472	6
355	1472	1478	6
356	1478	1484	6
357	1484	1490	6
358	1490	1496	6
359	1496	1502	6
360	1502	1508	6
361	1508	1514	6
362	1514	1520	6
363	1520	1526	6
364	1526	1532	6
365	1532	1538	6
366	1538	1544	6
367	1544	1550	6
368	1550	1556	6
369	1556	1562	6
370	1562	1569	7
371	1569	1576	7
372	1576	1583	7
373	1583	1590	7
374	1590	1597	7
375	1597	1604	7
376	1604	1611	7
377	1611	1618	7
378	1618	1625	7
379	1625	1632	7
380	1632	1639	7
381	1639	1646	7
382	1646	1653	7
383	1653	1660	7
384	1660	1667	7
385	1667	1674	7
386	1674	1681	7
387	1681	1688	7
388	1688	1695	7
389	1695	1702	7
390	1702	1709	7
391	1709	1716	7
392	1716	1723	7
393	1723	1730	7
394	1730	1737	7
395	1737	1744	7
396	1744	1751	7
397	1751	1758	7
398	1758	1765	7
399	1765	1772	7
400	1772	1779	7
401	1779	1786	7
402	1786	1793	7
403	1793	1800	7
404	1800	1807	7
405	1807	1814	7
406	1814	1821	7
407	1821	1829	8
408	1829	1837	8
409	1837	1845	8
410	1845	1853	8
411	1853	1861	8
412	1861	1869	8
413	1869	1877	8
414	1877	1885	8
415	1885	1893	8
416	1893	1901	8
417	1901	1909	8
418	1909	1917	8
419	1917	1925	8
420	1925	1933	8
421	1933	1941	8
422	1941	1949	8
423	1949	1957	8
424	1957	1965	8
425	1965	1973	8
426	1973	1981	8
427	1981	1989	8
428	1989	1997	8
429	1997	2005	8
430	2005	2013	8
431	2013	2021	8
432	2021	2029	8
433	2029	2037	8
434	2037	2045	8
435	2045	2054	9
436	2054	2063	9
437	2063	2072	9
438	2072	2081	9
439	2081	2090	9
440	2090	2099	9
441	2099	2108	9
442	2108	2117	9
443	2117	2126	9
444	2126	2135	9
445	2135	2144	9
446	2144	2153	9
447	2153	2162	9
448	2162	2171	9
449	2171	2180	9
450	2180	2189	9
451	2189	2198	9
452	2198	2207	9
453	2207	2216	9
454	2216	2225	9
455	2225	2234	9
456	2234	2243	9
457	2243	2252	9
458	2252	2261	9
459	2261	2270	9
460	2270	2280	10
461	2280	2290	10
462	2290	2300	10
463	2300	2310	10
464	2310	2320	10
465	2320	2330	10
466	2330	2340	10
467	2340	2350	10
468	2350	2360	10
469	2360	2370	10
470	2370	2380	10
471	2380	2390	10
472	2390	2400	10
473	2400	2410	10
474	2410	2420	10
475	2420	2430	10
476	2430	2440	10
477	2440	2450	10
478	2450	2460	10
479	2460	2471	11
480	2471	2482	11
481	2482	2493	11
482	2493	2504	11
483	2504	2515	11
484	2515	2526	11
485	2526	2537	11
486	2537	2548	11
487	2548	2559	11
488	2559	2570	11
489	2570	2581	11
490	2581	2592	11
491	2592	2603	11
492	2603	2614	11
493	2614	2625	11
494	2625	2636	11
495	2636	2647	11
496	2647	2658	11
497	2658	2670	12
498	2670	2682	12
499	2682	2694	12
500	2694	2706	12
501	2706	2718	12
502	2718	2730	12
503	2730	2742	12
504	2742	2754	12
505	2754	2766	12
506	2766	2778	12
507	2778	2790	12
508	2790	2802	12
509	2802	2814	12
510	2814	2826	12
511	2826	2838	12
512	2838	2850	12
513	2850	2863	13
514	2863	2876	13
515	2876	2889	13
516	2889	2902	13
517	2902	2915	13
518	2915	2928	13
519	2928	2941	13
520	2941	2954	13
521	2954	2967	13
522	2967	2980	13
523	2980	2993	13
524	2993	3006	13
525	3006	3019	13
526	3019	3033	14
527	3033	3047	14
528	3047	3061	14
529	3061	3075	14
530	3075	3089	14
531	3089	3103	14
532	3103	3117	14
533	3117	3131	14
534	3131	3145	14
535	3145	3159	14
536	3159	3174	15
537	3174	3189	15
538	3189	3204	15
539	3204	3219	15
540	3219	3234	15
541	3234	3249	15
542	3249	3264	15
543	3264	3279	15
544	3279	3294	15
545	3294	3309	15
546	3309	3325	16
547	3325	3341	16
548	3341	3357	16
549	3357	3373	16
550	3373	3389	16
551	3389	3405	16
552	3405	3421	16
553	3421	3437	16
554	3437	3454	17
555	3454	3471	17
556	3471	3488	17
557	3488	3505	17
558	3505	3522	17
559	3522	3539	17
560	3539	3556	17
561	3556	3574	18
562	3574	3592	18
563	3592	3610	18
564	3610	3628	18
565	3628	3646	18
566	3646	3664	18
567	3664	3683	19
568	3683	3702	19
569	3702	3721	19
570	3721	3740	19
571	3740	3759	19
572	3759	3779	20
573	3779	3799	20
574	3799	3819	20
575	3819	3839	20
576	3839	3859	20
577	3859	3880	21
578	3880	3901	21
579	3901	3922	21
580	3922	3944	22
581	3944	3966	22
582	3966	3988	22
583	3988	4010	22
584	4010	4032	22
585	4032	4055	23
586	4055	4078	23
587	4078	4101	23
588	4101	4124	23
589	4124	4147	23
590	4147	4170	23
591	4170	4194	24
592	4194	4218	24
593	4218	4242	24
594	4242	4266	24
595	4266	4290	24
596	4290	4314	24
597	4314	4339	25
598	4339	4364	25
599	4364	4389	25
600	4389	4414	25
601	4414	4440	26
602	4440	4466	26
603	4466	4492	26
604	4492	4518	26
605	4518	4544	26
606	4544	4571	27
607	4571	4598	27
608	4598	4625	27
609	4625	4652	27
610	4652	4680	28
611	4680	4708	28
612	4708	4736	28
613	4736	4765	29
614	4765	4794	29
615	4794	4823	29
616	4823	4852	29
617	4852	4882	30
618	4882	4912	30
619	4912	4942	30
620	4942	4973	31
621	4973	5004	31
622	5004	5036	32
623	5036	5068	32
624	5068	5100	32
625	5100	5132	32
626	5132	5165	33
627	5165	5198	33
628	5198	5231	33
629	5231	5264	33
630	5264	5298	34
631	5298	5332	34
632	5332	5366	34
633	5366	5401	35
634	5401	5436	35
635	5436	5471	35
636	5471	5507	36
637	5507	5543	36
638	5543	5579	36
639	5579	5616	37
640	5616	5653	37
641	5653	5691	38
642	5691	5729	38
643	5729	5767	38
644	5767	5806	39
645	5806	5845	39
646	5845	5885	40
647	5885	5925	40
648	5925	5966	41
649	5966	6007	41
650	6007	6049	42
651	6049	6091	42
652	6091	6134	43
653	6134	6178	44
654	6178	6222	44
655	6222	6267	45
656	6267	6313	46
657	6313	6359	46
658	6359	6406	47
659	6406	6453	47
660	6453	6501	48
661	6501	6549	48
662	6549	6598	49
663	6598	6647	49
664	6647	6697	50
665	6697	6747	50
666	6747	6798	51
667	6798	6849	51
668	6849	6901	52
669	6901	6954	53
670	6954	7007	53
671	7007	7061	54
672	7061	7116	55
673	7116	7171	55
674	7171	7227	56
675	7227	7284	57
676	7284	7342	58
677	7342	7401	59
678	7401	7461	60
679	7461	7521	60
680	7521	7582	61
681	7582	7644	62
682	7644	7707	63
683	7707	7772	65
684	7772	7838	66
685	7838	7905	67
686	7905	7973	68
687	7973	8042	69
688	8042	8112	70
689	8112	8183	71
690	8183	8255	72
691	8255	8328	73
692	8328	8402	74
693	8402	8477	75
694	8477	8553	76
695	8553	8630	77
696	8630	8708	78
697	8708	8787	79
698	8787	8868	81
699	8868	8950	82
700	8950	9033	83
701	9033	9118	85
702	9118	9204	86
703	9204	9292	88
704	9292	9382	90
705	9382	9473	91
706	9473	9566	93
707	9566	9661	95
708	9661	9758	97
709	9758	9857	99
710	9857	9959	102
711	9959	10063	104
712	10063	10169	106
