#
#N Pointing	tstart	tend	Obs time
#		s
1	210	211	1
2	211	212	1
3	212	213	1
4	213	214	1
5	214	215	1
6	215	216	1
7	216	217	1
8	217	218	1
9	218	219	1
10	219	220	1
11	220	221	1
12	221	222	1
13	222	223	1
14	223	224	1
15	224	225	1
16	225	226	1
17	226	227	1
18	227	228	1
19	228	229	1
20	229	230	1
21	230	231	1
22	231	232	1
23	232	233	1
24	233	234	1
25	234	235	1
26	235	236	1
27	236	237	1
28	237	238	1
29	238	239	1
30	239	240	1
31	240	241	1
32	241	242	1
33	242	243	1
34	243	244	1
35	244	245	1
36	245	246	1
37	246	247	1
38	247	248	1
39	248	249	1
40	249	250	1
41	250	251	1
42	251	252	1
43	252	253	1
44	253	254	1
45	254	255	1
46	255	256	1
47	256	257	1
48	257	258	1
49	258	259	1
50	259	260	1
51	260	261	1
52	261	262	1
53	262	263	1
54	263	264	1
55	264	265	1
56	265	266	1
57	266	267	1
58	267	268	1
59	268	269	1
60	269	270	1
61	270	271	1
62	271	272	1
63	272	273	1
64	273	274	1
65	274	275	1
66	275	276	1
67	276	277	1
68	277	278	1
69	278	279	1
70	279	280	1
71	280	281	1
72	281	282	1
73	282	283	1
74	283	284	1
75	284	285	1
76	285	286	1
77	286	287	1
78	287	288	1
79	288	289	1
80	289	290	1
81	290	291	1
82	291	292	1
83	292	293	1
84	293	294	1
85	294	295	1
86	295	296	1
87	296	297	1
88	297	298	1
89	298	299	1
90	299	300	1
91	300	301	1
92	301	302	1
93	302	303	1
94	303	304	1
95	304	305	1
96	305	306	1
97	306	307	1
98	307	308	1
99	308	309	1
100	309	310	1
101	310	311	1
102	311	312	1
103	312	313	1
104	313	314	1
105	314	315	1
106	315	316	1
107	316	317	1
108	317	318	1
109	318	319	1
110	319	320	1
111	320	321	1
112	321	322	1
113	322	323	1
114	323	324	1
115	324	325	1
116	325	326	1
117	326	327	1
118	327	328	1
119	328	329	1
120	329	330	1
121	330	331	1
122	331	332	1
123	332	333	1
124	333	334	1
125	334	335	1
126	335	336	1
127	336	337	1
128	337	338	1
129	338	339	1
130	339	340	1
131	340	341	1
132	341	342	1
133	342	343	1
134	343	344	1
135	344	345	1
136	345	346	1
137	346	347	1
138	347	348	1
139	348	349	1
140	349	350	1
141	350	351	1
142	351	352	1
143	352	353	1
144	353	354	1
145	354	355	1
146	355	356	1
147	356	357	1
148	357	358	1
149	358	359	1
150	359	360	1
151	360	361	1
152	361	362	1
153	362	363	1
154	363	364	1
155	364	365	1
156	365	366	1
157	366	367	1
158	367	368	1
159	368	369	1
160	369	370	1
161	370	371	1
162	371	372	1
163	372	373	1
164	373	374	1
165	374	375	1
166	375	376	1
167	376	377	1
168	377	378	1
169	378	379	1
170	379	380	1
171	380	381	1
172	381	382	1
173	382	383	1
174	383	384	1
175	384	385	1
176	385	386	1
177	386	387	1
178	387	388	1
179	388	389	1
180	389	390	1
181	390	391	1
182	391	392	1
183	392	393	1
184	393	394	1
185	394	395	1
186	395	396	1
187	396	397	1
188	397	398	1
189	398	399	1
190	399	400	1
191	400	401	1
192	401	402	1
193	402	403	1
194	403	404	1
195	404	405	1
196	405	406	1
197	406	407	1
198	407	408	1
199	408	409	1
200	409	410	1
201	410	411	1
202	411	412	1
203	412	413	1
204	413	414	1
205	414	415	1
206	415	416	1
207	416	417	1
208	417	418	1
209	418	419	1
210	419	420	1
211	420	421	1
212	421	422	1
213	422	423	1
214	423	424	1
215	424	425	1
216	425	426	1
217	426	427	1
218	427	428	1
219	428	429	1
220	429	430	1
221	430	431	1
222	431	432	1
223	432	433	1
224	433	434	1
225	434	435	1
226	435	436	1
227	436	437	1
228	437	438	1
229	438	439	1
230	439	440	1
231	440	441	1
232	441	442	1
233	442	443	1
234	443	444	1
235	444	445	1
236	445	446	1
237	446	447	1
238	447	448	1
239	448	449	1
240	449	450	1
241	450	451	1
242	451	452	1
243	452	453	1
244	453	454	1
245	454	455	1
246	455	456	1
247	456	457	1
248	457	458	1
249	458	459	1
250	459	460	1
251	460	461	1
252	461	462	1
253	462	463	1
254	463	464	1
255	464	465	1
256	465	466	1
257	466	467	1
258	467	468	1
259	468	469	1
260	469	470	1
261	470	471	1
262	471	472	1
263	472	473	1
264	473	474	1
265	474	475	1
266	475	476	1
267	476	477	1
268	477	478	1
269	478	479	1
270	479	480	1
271	480	481	1
272	481	482	1
273	482	483	1
274	483	484	1
275	484	485	1
276	485	486	1
277	486	487	1
278	487	488	1
279	488	489	1
280	489	490	1
281	490	491	1
282	491	492	1
283	492	493	1
284	493	494	1
285	494	495	1
286	495	496	1
287	496	497	1
288	497	498	1
289	498	499	1
290	499	500	1
291	500	501	1
292	501	502	1
293	502	503	1
294	503	504	1
295	504	505	1
296	505	506	1
297	506	507	1
298	507	508	1
299	508	509	1
300	509	510	1
301	510	511	1
302	511	512	1
303	512	513	1
304	513	514	1
305	514	515	1
306	515	516	1
307	516	517	1
308	517	518	1
309	518	519	1
310	519	520	1
311	520	521	1
312	521	522	1
313	522	523	1
314	523	524	1
315	524	525	1
316	525	526	1
317	526	527	1
318	527	528	1
319	528	529	1
320	529	530	1
321	530	531	1
322	531	532	1
323	532	533	1
324	533	534	1
325	534	535	1
326	535	536	1
327	536	537	1
328	537	538	1
329	538	539	1
330	539	540	1
331	540	541	1
332	541	542	1
333	542	543	1
334	543	544	1
335	544	545	1
336	545	546	1
337	546	547	1
338	547	548	1
339	548	549	1
340	549	550	1
341	550	551	1
342	551	552	1
343	552	553	1
344	553	554	1
345	554	555	1
346	555	556	1
347	556	557	1
348	557	558	1
349	558	559	1
350	559	560	1
351	560	561	1
352	561	562	1
353	562	563	1
354	563	564	1
355	564	565	1
356	565	566	1
357	566	567	1
358	567	568	1
359	568	569	1
360	569	570	1
361	570	571	1
362	571	572	1
363	572	573	1
364	573	574	1
365	574	575	1
366	575	576	1
367	576	577	1
368	577	578	1
369	578	579	1
370	579	580	1
371	580	581	1
372	581	582	1
373	582	583	1
374	583	584	1
375	584	585	1
376	585	586	1
377	586	587	1
378	587	588	1
379	588	589	1
380	589	590	1
381	590	591	1
382	591	592	1
383	592	593	1
384	593	594	1
385	594	595	1
386	595	596	1
387	596	597	1
388	597	598	1
389	598	599	1
390	599	600	1
391	600	601	1
392	601	602	1
393	602	603	1
394	603	604	1
395	604	605	1
396	605	606	1
397	606	607	1
398	607	608	1
399	608	609	1
400	609	610	1
401	610	611	1
402	611	612	1
403	612	613	1
404	613	614	1
405	614	615	1
406	615	616	1
407	616	617	1
408	617	618	1
409	618	619	1
410	619	620	1
411	620	621	1
412	621	622	1
413	622	623	1
414	623	624	1
415	624	625	1
416	625	626	1
417	626	627	1
418	627	628	1
419	628	629	1
420	629	630	1
421	630	631	1
422	631	632	1
423	632	633	1
424	633	634	1
425	634	635	1
426	635	636	1
427	636	637	1
428	637	638	1
429	638	639	1
430	639	640	1
431	640	641	1
432	641	642	1
433	642	643	1
434	643	644	1
435	644	645	1
436	645	646	1
437	646	647	1
438	647	648	1
439	648	649	1
440	649	650	1
441	650	651	1
442	651	652	1
443	652	653	1
444	653	654	1
445	654	655	1
446	655	656	1
447	656	657	1
448	657	658	1
449	658	659	1
450	659	660	1
451	660	661	1
452	661	662	1
453	662	663	1
454	663	664	1
455	664	665	1
456	665	666	1
457	666	667	1
458	667	668	1
459	668	669	1
460	669	670	1
461	670	671	1
462	671	672	1
463	672	673	1
464	673	674	1
465	674	675	1
466	675	676	1
467	676	677	1
468	677	678	1
469	678	679	1
470	679	680	1
471	680	681	1
472	681	682	1
473	682	683	1
474	683	684	1
475	684	685	1
476	685	686	1
477	686	687	1
478	687	688	1
479	688	689	1
480	689	690	1
481	690	691	1
482	691	692	1
483	692	693	1
484	693	694	1
485	694	695	1
486	695	696	1
487	696	697	1
488	697	698	1
489	698	699	1
490	699	700	1
491	700	701	1
492	701	702	1
493	702	703	1
494	703	704	1
495	704	705	1
496	705	706	1
497	706	707	1
498	707	708	1
499	708	709	1
500	709	710	1
501	710	711	1
502	711	712	1
503	712	713	1
504	713	714	1
505	714	715	1
506	715	716	1
507	716	717	1
508	717	718	1
509	718	719	1
510	719	720	1
511	720	721	1
512	721	722	1
513	722	723	1
514	723	724	1
515	724	725	1
516	725	726	1
517	726	727	1
518	727	728	1
519	728	729	1
520	729	730	1
521	730	731	1
522	731	732	1
523	732	733	1
524	733	734	1
525	734	735	1
526	735	736	1
527	736	737	1
528	737	738	1
529	738	739	1
530	739	740	1
531	740	741	1
532	741	742	1
533	742	743	1
534	743	744	1
535	744	745	1
536	745	746	1
537	746	747	1
538	747	748	1
539	748	749	1
540	749	750	1
541	750	751	1
542	751	752	1
543	752	753	1
544	753	754	1
545	754	755	1
546	755	756	1
547	756	757	1
548	757	758	1
549	758	759	1
550	759	760	1
551	760	761	1
552	761	762	1
553	762	763	1
554	763	764	1
555	764	765	1
556	765	766	1
557	766	767	1
558	767	768	1
559	768	769	1
560	769	770	1
561	770	771	1
562	771	772	1
563	772	773	1
564	773	774	1
565	774	775	1
566	775	776	1
567	776	777	1
568	777	778	1
569	778	779	1
570	779	780	1
571	780	781	1
572	781	782	1
573	782	783	1
574	783	784	1
575	784	785	1
576	785	786	1
577	786	787	1
578	787	788	1
579	788	789	1
580	789	790	1
581	790	791	1
582	791	792	1
583	792	793	1
584	793	794	1
585	794	795	1
586	795	796	1
587	796	797	1
588	797	798	1
589	798	799	1
590	799	800	1
591	800	801	1
592	801	802	1
593	802	803	1
594	803	804	1
595	804	805	1
596	805	806	1
597	806	807	1
598	807	808	1
599	808	809	1
600	809	810	1
601	810	811	1
602	811	812	1
603	812	813	1
604	813	814	1
605	814	815	1
606	815	816	1
607	816	817	1
608	817	818	1
609	818	819	1
610	819	820	1
611	820	821	1
612	821	822	1
613	822	823	1
614	823	824	1
615	824	825	1
616	825	826	1
617	826	827	1
618	827	828	1
619	828	829	1
620	829	830	1
621	830	831	1
622	831	832	1
623	832	833	1
624	833	834	1
625	834	835	1
626	835	836	1
627	836	837	1
628	837	838	1
629	838	839	1
630	839	840	1
631	840	841	1
632	841	842	1
633	842	843	1
634	843	844	1
635	844	845	1
636	845	846	1
637	846	847	1
638	847	848	1
639	848	849	1
640	849	850	1
641	850	851	1
642	851	852	1
643	852	853	1
644	853	854	1
645	854	855	1
646	855	856	1
647	856	857	1
648	857	858	1
649	858	859	1
650	859	860	1
651	860	861	1
652	861	862	1
653	862	863	1
654	863	864	1
655	864	865	1
656	865	866	1
657	866	867	1
658	867	868	1
659	868	869	1
660	869	870	1
661	870	871	1
662	871	872	1
663	872	873	1
664	873	874	1
665	874	875	1
666	875	876	1
667	876	877	1
668	877	878	1
669	878	879	1
670	879	880	1
671	880	881	1
672	881	882	1
673	882	883	1
674	883	884	1
675	884	885	1
676	885	886	1
677	886	887	1
678	887	888	1
679	888	889	1
680	889	890	1
681	890	891	1
682	891	892	1
683	892	893	1
684	893	894	1
685	894	895	1
686	895	896	1
687	896	897	1
688	897	898	1
689	898	899	1
690	899	900	1
691	900	901	1
692	901	902	1
693	902	903	1
694	903	904	1
695	904	905	1
696	905	906	1
697	906	907	1
698	907	908	1
699	908	909	1
700	909	910	1
701	910	911	1
702	911	912	1
703	912	913	1
704	913	914	1
705	914	915	1
706	915	916	1
707	916	917	1
708	917	918	1
709	918	919	1
710	919	920	1
711	920	921	1
712	921	922	1
713	922	923	1
714	923	924	1
715	924	925	1
716	925	926	1
717	926	927	1
718	927	928	1
719	928	929	1
720	929	930	1
721	930	931	1
722	931	932	1
723	932	933	1
724	933	934	1
725	934	935	1
726	935	936	1
727	936	937	1
728	937	938	1
729	938	939	1
730	939	940	1
731	940	941	1
732	941	942	1
733	942	943	1
734	943	944	1
735	944	945	1
736	945	946	1
737	946	947	1
738	947	948	1
739	948	949	1
740	949	950	1
741	950	951	1
742	951	952	1
743	952	953	1
744	953	954	1
745	954	955	1
746	955	956	1
747	956	957	1
748	957	958	1
749	958	959	1
750	959	960	1
751	960	961	1
752	961	962	1
753	962	963	1
754	963	964	1
755	964	965	1
756	965	966	1
757	966	967	1
758	967	968	1
759	968	969	1
760	969	970	1
761	970	971	1
762	971	972	1
763	972	973	1
764	973	974	1
765	974	975	1
766	975	976	1
767	976	977	1
768	977	978	1
769	978	979	1
770	979	980	1
771	980	981	1
772	981	982	1
773	982	983	1
774	983	984	1
775	984	985	1
776	985	986	1
777	986	987	1
778	987	988	1
779	988	989	1
780	989	990	1
781	990	991	1
782	991	992	1
783	992	993	1
784	993	994	1
785	994	995	1
786	995	996	1
787	996	997	1
788	997	998	1
789	998	999	1
790	999	1000	1
791	1000	1001	1
792	1001	1002	1
793	1002	1003	1
794	1003	1004	1
795	1004	1005	1
796	1005	1006	1
797	1006	1007	1
798	1007	1008	1
799	1008	1009	1
800	1009	1010	1
801	1010	1011	1
802	1011	1012	1
803	1012	1013	1
804	1013	1014	1
805	1014	1015	1
806	1015	1016	1
807	1016	1017	1
808	1017	1018	1
809	1018	1019	1
810	1019	1020	1
811	1020	1021	1
812	1021	1022	1
813	1022	1023	1
814	1023	1024	1
815	1024	1025	1
816	1025	1026	1
817	1026	1027	1
818	1027	1028	1
819	1028	1029	1
820	1029	1030	1
821	1030	1031	1
822	1031	1032	1
823	1032	1033	1
824	1033	1034	1
825	1034	1035	1
826	1035	1036	1
827	1036	1037	1
828	1037	1038	1
829	1038	1039	1
830	1039	1040	1
831	1040	1041	1
832	1041	1042	1
833	1042	1043	1
834	1043	1044	1
835	1044	1045	1
836	1045	1046	1
837	1046	1047	1
838	1047	1048	1
839	1048	1049	1
840	1049	1050	1
841	1050	1051	1
842	1051	1052	1
843	1052	1053	1
844	1053	1054	1
845	1054	1055	1
846	1055	1056	1
847	1056	1057	1
848	1057	1058	1
849	1058	1059	1
850	1059	1060	1
851	1060	1061	1
852	1061	1062	1
853	1062	1063	1
854	1063	1064	1
855	1064	1065	1
856	1065	1066	1
857	1066	1067	1
858	1067	1068	1
859	1068	1069	1
860	1069	1070	1
861	1070	1071	1
862	1071	1072	1
863	1072	1073	1
864	1073	1074	1
865	1074	1075	1
866	1075	1076	1
867	1076	1077	1
868	1077	1078	1
869	1078	1079	1
870	1079	1080	1
871	1080	1081	1
872	1081	1082	1
873	1082	1083	1
874	1083	1084	1
875	1084	1085	1
876	1085	1086	1
877	1086	1087	1
878	1087	1088	1
879	1088	1089	1
880	1089	1090	1
881	1090	1091	1
882	1091	1092	1
883	1092	1093	1
884	1093	1094	1
885	1094	1095	1
886	1095	1096	1
887	1096	1097	1
888	1097	1098	1
889	1098	1099	1
890	1099	1100	1
891	1100	1101	1
892	1101	1102	1
893	1102	1103	1
894	1103	1104	1
895	1104	1105	1
896	1105	1106	1
897	1106	1107	1
898	1107	1108	1
899	1108	1109	1
900	1109	1110	1
901	1110	1111	1
902	1111	1112	1
903	1112	1113	1
904	1113	1114	1
905	1114	1115	1
906	1115	1116	1
907	1116	1117	1
908	1117	1118	1
909	1118	1119	1
910	1119	1120	1
911	1120	1121	1
912	1121	1122	1
913	1122	1123	1
914	1123	1124	1
915	1124	1125	1
916	1125	1126	1
917	1126	1127	1
918	1127	1128	1
919	1128	1129	1
920	1129	1130	1
921	1130	1131	1
922	1131	1132	1
923	1132	1133	1
924	1133	1134	1
925	1134	1135	1
926	1135	1136	1
927	1136	1137	1
928	1137	1138	1
929	1138	1139	1
930	1139	1140	1
931	1140	1141	1
932	1141	1142	1
933	1142	1143	1
934	1143	1144	1
935	1144	1145	1
936	1145	1146	1
937	1146	1147	1
938	1147	1148	1
939	1148	1149	1
940	1149	1150	1
941	1150	1151	1
942	1151	1152	1
943	1152	1153	1
944	1153	1154	1
945	1154	1155	1
946	1155	1156	1
947	1156	1157	1
948	1157	1158	1
949	1158	1159	1
950	1159	1160	1
951	1160	1161	1
952	1161	1162	1
953	1162	1163	1
954	1163	1164	1
955	1164	1165	1
956	1165	1166	1
957	1166	1167	1
958	1167	1168	1
959	1168	1169	1
960	1169	1170	1
961	1170	1171	1
962	1171	1172	1
963	1172	1173	1
964	1173	1174	1
965	1174	1175	1
966	1175	1176	1
967	1176	1177	1
968	1177	1178	1
969	1178	1179	1
970	1179	1180	1
971	1180	1181	1
972	1181	1182	1
973	1182	1183	1
974	1183	1184	1
975	1184	1185	1
976	1185	1186	1
977	1186	1187	1
978	1187	1188	1
979	1188	1189	1
980	1189	1190	1
981	1190	1191	1
982	1191	1192	1
983	1192	1193	1
984	1193	1194	1
985	1194	1195	1
986	1195	1196	1
987	1196	1197	1
988	1197	1198	1
989	1198	1199	1
990	1199	1200	1
991	1200	1201	1
992	1201	1202	1
993	1202	1203	1
994	1203	1204	1
995	1204	1205	1
996	1205	1206	1
997	1206	1207	1
998	1207	1208	1
999	1208	1209	1
1000	1209	1210	1
1001	1210	1211	1
1002	1211	1212	1
1003	1212	1213	1
1004	1213	1214	1
1005	1214	1215	1
1006	1215	1216	1
1007	1216	1217	1
1008	1217	1218	1
1009	1218	1219	1
1010	1219	1220	1
1011	1220	1221	1
1012	1221	1222	1
1013	1222	1223	1
1014	1223	1224	1
1015	1224	1225	1
1016	1225	1226	1
1017	1226	1227	1
1018	1227	1228	1
1019	1228	1229	1
1020	1229	1230	1
1021	1230	1231	1
1022	1231	1232	1
1023	1232	1233	1
1024	1233	1234	1
1025	1234	1235	1
1026	1235	1236	1
1027	1236	1237	1
1028	1237	1238	1
1029	1238	1239	1
1030	1239	1240	1
1031	1240	1241	1
1032	1241	1242	1
1033	1242	1243	1
1034	1243	1244	1
1035	1244	1245	1
1036	1245	1246	1
1037	1246	1247	1
1038	1247	1248	1
1039	1248	1249	1
1040	1249	1250	1
1041	1250	1251	1
1042	1251	1252	1
1043	1252	1253	1
1044	1253	1254	1
1045	1254	1255	1
1046	1255	1256	1
1047	1256	1257	1
1048	1257	1258	1
1049	1258	1259	1
1050	1259	1260	1
1051	1260	1261	1
1052	1261	1262	1
1053	1262	1263	1
1054	1263	1264	1
1055	1264	1265	1
1056	1265	1266	1
1057	1266	1267	1
1058	1267	1268	1
1059	1268	1269	1
1060	1269	1270	1
1061	1270	1271	1
1062	1271	1272	1
1063	1272	1273	1
1064	1273	1274	1
1065	1274	1275	1
1066	1275	1276	1
1067	1276	1277	1
1068	1277	1278	1
1069	1278	1279	1
1070	1279	1280	1
1071	1280	1281	1
1072	1281	1282	1
1073	1282	1283	1
1074	1283	1284	1
1075	1284	1285	1
1076	1285	1286	1
1077	1286	1287	1
1078	1287	1288	1
1079	1288	1289	1
1080	1289	1290	1
1081	1290	1291	1
1082	1291	1293	2
1083	1293	1295	2
1084	1295	1297	2
1085	1297	1299	2
1086	1299	1301	2
1087	1301	1303	2
1088	1303	1305	2
1089	1305	1307	2
1090	1307	1309	2
1091	1309	1311	2
1092	1311	1313	2
1093	1313	1315	2
1094	1315	1317	2
1095	1317	1319	2
1096	1319	1321	2
1097	1321	1323	2
1098	1323	1325	2
1099	1325	1327	2
1100	1327	1329	2
1101	1329	1331	2
1102	1331	1333	2
1103	1333	1335	2
1104	1335	1337	2
1105	1337	1339	2
1106	1339	1341	2
1107	1341	1343	2
1108	1343	1345	2
1109	1345	1347	2
1110	1347	1349	2
1111	1349	1351	2
1112	1351	1353	2
1113	1353	1355	2
1114	1355	1357	2
1115	1357	1359	2
1116	1359	1361	2
1117	1361	1363	2
1118	1363	1365	2
1119	1365	1367	2
1120	1367	1369	2
1121	1369	1371	2
1122	1371	1373	2
1123	1373	1375	2
1124	1375	1377	2
1125	1377	1379	2
1126	1379	1381	2
1127	1381	1383	2
1128	1383	1385	2
1129	1385	1387	2
1130	1387	1389	2
1131	1389	1391	2
1132	1391	1393	2
1133	1393	1395	2
1134	1395	1397	2
1135	1397	1399	2
1136	1399	1401	2
1137	1401	1403	2
1138	1403	1405	2
1139	1405	1407	2
1140	1407	1409	2
1141	1409	1411	2
1142	1411	1413	2
1143	1413	1415	2
1144	1415	1417	2
1145	1417	1419	2
1146	1419	1421	2
1147	1421	1423	2
1148	1423	1425	2
1149	1425	1427	2
1150	1427	1429	2
1151	1429	1431	2
1152	1431	1433	2
1153	1433	1435	2
1154	1435	1437	2
1155	1437	1439	2
1156	1439	1441	2
1157	1441	1443	2
1158	1443	1445	2
1159	1445	1447	2
1160	1447	1449	2
1161	1449	1451	2
1162	1451	1453	2
1163	1453	1455	2
1164	1455	1457	2
1165	1457	1459	2
1166	1459	1461	2
1167	1461	1463	2
1168	1463	1465	2
1169	1465	1467	2
1170	1467	1469	2
1171	1469	1471	2
1172	1471	1473	2
1173	1473	1475	2
1174	1475	1477	2
1175	1477	1479	2
1176	1479	1481	2
1177	1481	1483	2
1178	1483	1485	2
1179	1485	1487	2
1180	1487	1489	2
1181	1489	1491	2
1182	1491	1493	2
1183	1493	1495	2
1184	1495	1497	2
1185	1497	1499	2
1186	1499	1501	2
1187	1501	1503	2
1188	1503	1505	2
1189	1505	1507	2
1190	1507	1509	2
1191	1509	1511	2
1192	1511	1513	2
1193	1513	1515	2
1194	1515	1517	2
1195	1517	1519	2
1196	1519	1521	2
1197	1521	1523	2
1198	1523	1525	2
1199	1525	1527	2
1200	1527	1529	2
1201	1529	1531	2
1202	1531	1533	2
1203	1533	1535	2
1204	1535	1537	2
1205	1537	1539	2
1206	1539	1541	2
1207	1541	1543	2
1208	1543	1545	2
1209	1545	1547	2
1210	1547	1549	2
1211	1549	1551	2
1212	1551	1553	2
1213	1553	1555	2
1214	1555	1557	2
1215	1557	1559	2
1216	1559	1561	2
1217	1561	1563	2
1218	1563	1565	2
1219	1565	1567	2
1220	1567	1569	2
1221	1569	1571	2
1222	1571	1573	2
1223	1573	1575	2
1224	1575	1577	2
1225	1577	1579	2
1226	1579	1581	2
1227	1581	1583	2
1228	1583	1585	2
1229	1585	1587	2
1230	1587	1589	2
1231	1589	1591	2
1232	1591	1593	2
1233	1593	1595	2
1234	1595	1597	2
1235	1597	1599	2
1236	1599	1601	2
1237	1601	1603	2
1238	1603	1605	2
1239	1605	1607	2
1240	1607	1609	2
1241	1609	1611	2
1242	1611	1613	2
1243	1613	1615	2
1244	1615	1617	2
1245	1617	1619	2
1246	1619	1621	2
1247	1621	1623	2
1248	1623	1625	2
1249	1625	1627	2
1250	1627	1629	2
1251	1629	1631	2
1252	1631	1633	2
1253	1633	1635	2
1254	1635	1637	2
1255	1637	1639	2
1256	1639	1641	2
1257	1641	1643	2
1258	1643	1645	2
1259	1645	1647	2
1260	1647	1649	2
1261	1649	1651	2
1262	1651	1653	2
1263	1653	1655	2
1264	1655	1657	2
1265	1657	1659	2
1266	1659	1661	2
1267	1661	1663	2
1268	1663	1665	2
1269	1665	1667	2
1270	1667	1669	2
1271	1669	1671	2
1272	1671	1673	2
1273	1673	1675	2
1274	1675	1677	2
1275	1677	1679	2
1276	1679	1681	2
1277	1681	1683	2
1278	1683	1685	2
1279	1685	1687	2
1280	1687	1689	2
1281	1689	1691	2
1282	1691	1693	2
1283	1693	1695	2
1284	1695	1697	2
1285	1697	1699	2
1286	1699	1701	2
1287	1701	1703	2
1288	1703	1705	2
1289	1705	1707	2
1290	1707	1709	2
1291	1709	1711	2
1292	1711	1713	2
1293	1713	1715	2
1294	1715	1717	2
1295	1717	1719	2
1296	1719	1721	2
1297	1721	1723	2
1298	1723	1725	2
1299	1725	1727	2
1300	1727	1729	2
1301	1729	1731	2
1302	1731	1733	2
1303	1733	1735	2
1304	1735	1737	2
1305	1737	1739	2
1306	1739	1741	2
1307	1741	1743	2
1308	1743	1745	2
1309	1745	1747	2
1310	1747	1749	2
1311	1749	1751	2
1312	1751	1753	2
1313	1753	1755	2
1314	1755	1757	2
1315	1757	1759	2
1316	1759	1761	2
1317	1761	1763	2
1318	1763	1765	2
1319	1765	1767	2
1320	1767	1769	2
1321	1769	1771	2
1322	1771	1773	2
1323	1773	1775	2
1324	1775	1777	2
1325	1777	1779	2
1326	1779	1781	2
1327	1781	1783	2
1328	1783	1785	2
1329	1785	1787	2
1330	1787	1789	2
1331	1789	1791	2
1332	1791	1793	2
1333	1793	1795	2
1334	1795	1797	2
1335	1797	1799	2
1336	1799	1801	2
1337	1801	1803	2
1338	1803	1805	2
1339	1805	1807	2
1340	1807	1809	2
1341	1809	1811	2
1342	1811	1813	2
1343	1813	1815	2
1344	1815	1817	2
1345	1817	1819	2
1346	1819	1821	2
1347	1821	1823	2
1348	1823	1825	2
1349	1825	1827	2
1350	1827	1829	2
1351	1829	1831	2
1352	1831	1833	2
1353	1833	1835	2
1354	1835	1837	2
1355	1837	1839	2
1356	1839	1841	2
1357	1841	1843	2
1358	1843	1845	2
1359	1845	1847	2
1360	1847	1849	2
1361	1849	1851	2
1362	1851	1853	2
1363	1853	1855	2
1364	1855	1857	2
1365	1857	1859	2
1366	1859	1861	2
1367	1861	1863	2
1368	1863	1865	2
1369	1865	1867	2
1370	1867	1869	2
1371	1869	1871	2
1372	1871	1873	2
1373	1873	1875	2
1374	1875	1877	2
1375	1877	1879	2
1376	1879	1881	2
1377	1881	1883	2
1378	1883	1885	2
1379	1885	1887	2
1380	1887	1889	2
1381	1889	1891	2
1382	1891	1893	2
1383	1893	1895	2
1384	1895	1897	2
1385	1897	1899	2
1386	1899	1901	2
1387	1901	1903	2
1388	1903	1905	2
1389	1905	1907	2
1390	1907	1909	2
1391	1909	1911	2
1392	1911	1913	2
1393	1913	1915	2
1394	1915	1917	2
1395	1917	1919	2
1396	1919	1921	2
1397	1921	1923	2
1398	1923	1925	2
1399	1925	1927	2
1400	1927	1929	2
1401	1929	1931	2
1402	1931	1933	2
1403	1933	1935	2
1404	1935	1937	2
1405	1937	1939	2
1406	1939	1941	2
1407	1941	1943	2
1408	1943	1945	2
1409	1945	1947	2
1410	1947	1949	2
1411	1949	1951	2
1412	1951	1953	2
1413	1953	1955	2
1414	1955	1957	2
1415	1957	1959	2
1416	1959	1961	2
1417	1961	1963	2
1418	1963	1965	2
1419	1965	1967	2
1420	1967	1969	2
1421	1969	1971	2
1422	1971	1973	2
1423	1973	1975	2
1424	1975	1977	2
1425	1977	1979	2
1426	1979	1981	2
1427	1981	1983	2
1428	1983	1985	2
1429	1985	1987	2
1430	1987	1989	2
1431	1989	1991	2
1432	1991	1993	2
1433	1993	1995	2
1434	1995	1997	2
1435	1997	1999	2
1436	1999	2001	2
1437	2001	2003	2
1438	2003	2005	2
1439	2005	2007	2
1440	2007	2009	2
1441	2009	2011	2
1442	2011	2013	2
1443	2013	2015	2
1444	2015	2017	2
1445	2017	2019	2
1446	2019	2021	2
1447	2021	2023	2
1448	2023	2025	2
1449	2025	2027	2
1450	2027	2030	3
1451	2030	2033	3
1452	2033	2036	3
1453	2036	2039	3
1454	2039	2042	3
1455	2042	2045	3
1456	2045	2048	3
1457	2048	2051	3
1458	2051	2054	3
1459	2054	2057	3
1460	2057	2060	3
1461	2060	2063	3
1462	2063	2066	3
1463	2066	2069	3
1464	2069	2072	3
1465	2072	2075	3
1466	2075	2078	3
1467	2078	2081	3
1468	2081	2084	3
1469	2084	2087	3
1470	2087	2090	3
1471	2090	2093	3
1472	2093	2096	3
1473	2096	2099	3
1474	2099	2102	3
1475	2102	2105	3
1476	2105	2108	3
1477	2108	2111	3
1478	2111	2114	3
1479	2114	2117	3
1480	2117	2120	3
1481	2120	2123	3
1482	2123	2126	3
1483	2126	2129	3
1484	2129	2132	3
1485	2132	2135	3
1486	2135	2138	3
1487	2138	2141	3
1488	2141	2144	3
1489	2144	2147	3
1490	2147	2150	3
1491	2150	2153	3
1492	2153	2156	3
1493	2156	2159	3
1494	2159	2162	3
1495	2162	2165	3
1496	2165	2168	3
1497	2168	2171	3
1498	2171	2174	3
1499	2174	2177	3
1500	2177	2180	3
1501	2180	2183	3
1502	2183	2186	3
1503	2186	2189	3
1504	2189	2192	3
1505	2192	2195	3
1506	2195	2198	3
1507	2198	2201	3
1508	2201	2204	3
1509	2204	2207	3
1510	2207	2210	3
1511	2210	2213	3
1512	2213	2216	3
1513	2216	2219	3
1514	2219	2222	3
1515	2222	2225	3
1516	2225	2228	3
1517	2228	2231	3
1518	2231	2234	3
1519	2234	2237	3
1520	2237	2240	3
1521	2240	2243	3
1522	2243	2246	3
1523	2246	2249	3
1524	2249	2252	3
1525	2252	2255	3
1526	2255	2258	3
1527	2258	2261	3
1528	2261	2264	3
1529	2264	2267	3
1530	2267	2270	3
1531	2270	2273	3
1532	2273	2276	3
1533	2276	2279	3
1534	2279	2282	3
1535	2282	2285	3
1536	2285	2288	3
1537	2288	2291	3
1538	2291	2294	3
1539	2294	2297	3
1540	2297	2300	3
1541	2300	2303	3
1542	2303	2306	3
1543	2306	2309	3
1544	2309	2312	3
1545	2312	2315	3
1546	2315	2318	3
1547	2318	2321	3
1548	2321	2324	3
1549	2324	2327	3
1550	2327	2330	3
1551	2330	2333	3
1552	2333	2336	3
1553	2336	2339	3
1554	2339	2342	3
1555	2342	2345	3
1556	2345	2348	3
1557	2348	2351	3
1558	2351	2354	3
1559	2354	2357	3
1560	2357	2360	3
1561	2360	2363	3
1562	2363	2366	3
1563	2366	2369	3
1564	2369	2372	3
1565	2372	2375	3
1566	2375	2378	3
1567	2378	2381	3
1568	2381	2384	3
1569	2384	2387	3
1570	2387	2390	3
1571	2390	2393	3
1572	2393	2396	3
1573	2396	2399	3
1574	2399	2402	3
1575	2402	2405	3
1576	2405	2408	3
1577	2408	2411	3
1578	2411	2414	3
1579	2414	2417	3
1580	2417	2420	3
1581	2420	2423	3
1582	2423	2426	3
1583	2426	2429	3
1584	2429	2432	3
1585	2432	2435	3
1586	2435	2438	3
1587	2438	2441	3
1588	2441	2444	3
1589	2444	2447	3
1590	2447	2450	3
1591	2450	2453	3
1592	2453	2456	3
1593	2456	2459	3
1594	2459	2462	3
1595	2462	2465	3
1596	2465	2468	3
1597	2468	2471	3
1598	2471	2474	3
1599	2474	2477	3
1600	2477	2480	3
1601	2480	2483	3
1602	2483	2486	3
1603	2486	2489	3
1604	2489	2492	3
1605	2492	2495	3
1606	2495	2498	3
1607	2498	2501	3
1608	2501	2504	3
1609	2504	2507	3
1610	2507	2510	3
1611	2510	2513	3
1612	2513	2516	3
1613	2516	2519	3
1614	2519	2522	3
1615	2522	2525	3
1616	2525	2528	3
1617	2528	2531	3
1618	2531	2534	3
1619	2534	2537	3
1620	2537	2540	3
1621	2540	2543	3
1622	2543	2546	3
1623	2546	2549	3
1624	2549	2552	3
1625	2552	2555	3
1626	2555	2558	3
1627	2558	2561	3
1628	2561	2564	3
1629	2564	2567	3
1630	2567	2570	3
1631	2570	2573	3
1632	2573	2576	3
1633	2576	2579	3
1634	2579	2582	3
1635	2582	2585	3
1636	2585	2588	3
1637	2588	2591	3
1638	2591	2594	3
1639	2594	2597	3
1640	2597	2600	3
1641	2600	2603	3
1642	2603	2606	3
1643	2606	2609	3
1644	2609	2613	4
1645	2613	2617	4
1646	2617	2621	4
1647	2621	2625	4
1648	2625	2629	4
1649	2629	2633	4
1650	2633	2637	4
1651	2637	2641	4
1652	2641	2645	4
1653	2645	2649	4
1654	2649	2653	4
1655	2653	2657	4
1656	2657	2661	4
1657	2661	2665	4
1658	2665	2669	4
1659	2669	2673	4
1660	2673	2677	4
1661	2677	2681	4
1662	2681	2685	4
1663	2685	2689	4
1664	2689	2693	4
1665	2693	2697	4
1666	2697	2701	4
1667	2701	2705	4
1668	2705	2709	4
1669	2709	2713	4
1670	2713	2717	4
1671	2717	2721	4
1672	2721	2725	4
1673	2725	2729	4
1674	2729	2733	4
1675	2733	2737	4
1676	2737	2741	4
1677	2741	2745	4
1678	2745	2749	4
1679	2749	2753	4
1680	2753	2757	4
1681	2757	2761	4
1682	2761	2765	4
1683	2765	2769	4
1684	2769	2773	4
1685	2773	2777	4
1686	2777	2781	4
1687	2781	2785	4
1688	2785	2789	4
1689	2789	2793	4
1690	2793	2797	4
1691	2797	2801	4
1692	2801	2805	4
1693	2805	2809	4
1694	2809	2813	4
1695	2813	2817	4
1696	2817	2821	4
1697	2821	2825	4
1698	2825	2829	4
1699	2829	2833	4
1700	2833	2837	4
1701	2837	2841	4
1702	2841	2845	4
1703	2845	2849	4
1704	2849	2853	4
1705	2853	2857	4
1706	2857	2861	4
1707	2861	2865	4
1708	2865	2869	4
1709	2869	2873	4
1710	2873	2877	4
1711	2877	2881	4
1712	2881	2885	4
1713	2885	2889	4
1714	2889	2893	4
1715	2893	2897	4
1716	2897	2901	4
1717	2901	2905	4
1718	2905	2909	4
1719	2909	2913	4
1720	2913	2917	4
1721	2917	2921	4
1722	2921	2925	4
1723	2925	2929	4
1724	2929	2933	4
1725	2933	2937	4
1726	2937	2941	4
1727	2941	2945	4
1728	2945	2949	4
1729	2949	2953	4
1730	2953	2957	4
1731	2957	2961	4
1732	2961	2965	4
1733	2965	2969	4
1734	2969	2973	4
1735	2973	2977	4
1736	2977	2981	4
1737	2981	2985	4
1738	2985	2989	4
1739	2989	2993	4
1740	2993	2997	4
1741	2997	3001	4
1742	3001	3005	4
1743	3005	3009	4
1744	3009	3013	4
1745	3013	3017	4
1746	3017	3021	4
1747	3021	3025	4
1748	3025	3029	4
1749	3029	3033	4
1750	3033	3037	4
1751	3037	3041	4
1752	3041	3045	4
1753	3045	3049	4
1754	3049	3053	4
1755	3053	3057	4
1756	3057	3061	4
1757	3061	3065	4
1758	3065	3069	4
1759	3069	3073	4
1760	3073	3077	4
1761	3077	3081	4
1762	3081	3085	4
1763	3085	3089	4
1764	3089	3094	5
1765	3094	3099	5
1766	3099	3104	5
1767	3104	3109	5
1768	3109	3114	5
1769	3114	3119	5
1770	3119	3124	5
1771	3124	3129	5
1772	3129	3134	5
1773	3134	3139	5
1774	3139	3144	5
1775	3144	3149	5
1776	3149	3154	5
1777	3154	3159	5
1778	3159	3164	5
1779	3164	3169	5
1780	3169	3174	5
1781	3174	3179	5
1782	3179	3184	5
1783	3184	3189	5
1784	3189	3194	5
1785	3194	3199	5
1786	3199	3204	5
1787	3204	3209	5
1788	3209	3214	5
1789	3214	3219	5
1790	3219	3224	5
1791	3224	3229	5
1792	3229	3234	5
1793	3234	3239	5
1794	3239	3244	5
1795	3244	3249	5
1796	3249	3254	5
1797	3254	3259	5
1798	3259	3264	5
1799	3264	3269	5
1800	3269	3274	5
1801	3274	3279	5
1802	3279	3284	5
1803	3284	3289	5
1804	3289	3294	5
1805	3294	3299	5
1806	3299	3304	5
1807	3304	3309	5
1808	3309	3314	5
1809	3314	3319	5
1810	3319	3324	5
1811	3324	3329	5
1812	3329	3334	5
1813	3334	3339	5
1814	3339	3344	5
1815	3344	3349	5
1816	3349	3354	5
1817	3354	3359	5
1818	3359	3364	5
1819	3364	3369	5
1820	3369	3374	5
1821	3374	3379	5
1822	3379	3384	5
1823	3384	3389	5
1824	3389	3394	5
1825	3394	3399	5
1826	3399	3404	5
1827	3404	3409	5
1828	3409	3414	5
1829	3414	3419	5
1830	3419	3424	5
1831	3424	3429	5
1832	3429	3434	5
1833	3434	3439	5
1834	3439	3444	5
1835	3444	3449	5
1836	3449	3454	5
1837	3454	3459	5
1838	3459	3464	5
1839	3464	3469	5
1840	3469	3474	5
1841	3474	3479	5
1842	3479	3484	5
1843	3484	3489	5
1844	3489	3494	5
1845	3494	3499	5
1846	3499	3504	5
1847	3504	3509	5
1848	3509	3514	5
1849	3514	3519	5
1850	3519	3524	5
1851	3524	3529	5
1852	3529	3534	5
1853	3534	3539	5
1854	3539	3544	5
1855	3544	3549	5
1856	3549	3555	6
1857	3555	3561	6
1858	3561	3567	6
1859	3567	3573	6
1860	3573	3579	6
1861	3579	3585	6
1862	3585	3591	6
1863	3591	3597	6
1864	3597	3603	6
1865	3603	3609	6
1866	3609	3615	6
1867	3615	3621	6
1868	3621	3627	6
1869	3627	3633	6
1870	3633	3639	6
1871	3639	3645	6
1872	3645	3651	6
1873	3651	3657	6
1874	3657	3663	6
1875	3663	3669	6
1876	3669	3675	6
1877	3675	3681	6
1878	3681	3687	6
1879	3687	3693	6
1880	3693	3699	6
1881	3699	3705	6
1882	3705	3711	6
1883	3711	3717	6
1884	3717	3723	6
1885	3723	3729	6
1886	3729	3735	6
1887	3735	3741	6
1888	3741	3747	6
1889	3747	3753	6
1890	3753	3759	6
1891	3759	3765	6
1892	3765	3771	6
1893	3771	3777	6
1894	3777	3783	6
1895	3783	3789	6
1896	3789	3795	6
1897	3795	3801	6
1898	3801	3807	6
1899	3807	3813	6
1900	3813	3819	6
1901	3819	3825	6
1902	3825	3831	6
1903	3831	3837	6
1904	3837	3843	6
1905	3843	3849	6
1906	3849	3855	6
1907	3855	3861	6
1908	3861	3867	6
1909	3867	3873	6
1910	3873	3879	6
1911	3879	3885	6
1912	3885	3891	6
1913	3891	3897	6
1914	3897	3903	6
1915	3903	3910	7
1916	3910	3917	7
1917	3917	3924	7
1918	3924	3931	7
1919	3931	3938	7
1920	3938	3945	7
1921	3945	3952	7
1922	3952	3959	7
1923	3959	3966	7
1924	3966	3973	7
1925	3973	3980	7
1926	3980	3987	7
1927	3987	3994	7
1928	3994	4001	7
1929	4001	4008	7
1930	4008	4015	7
1931	4015	4022	7
1932	4022	4029	7
1933	4029	4036	7
1934	4036	4043	7
1935	4043	4050	7
1936	4050	4057	7
1937	4057	4064	7
1938	4064	4071	7
1939	4071	4078	7
1940	4078	4085	7
1941	4085	4092	7
1942	4092	4099	7
1943	4099	4106	7
1944	4106	4113	7
1945	4113	4120	7
1946	4120	4127	7
1947	4127	4134	7
1948	4134	4141	7
1949	4141	4148	7
1950	4148	4155	7
1951	4155	4162	7
1952	4162	4169	7
1953	4169	4176	7
1954	4176	4183	7
1955	4183	4190	7
1956	4190	4197	7
1957	4197	4204	7
1958	4204	4211	7
1959	4211	4218	7
1960	4218	4225	7
1961	4225	4232	7
1962	4232	4239	7
1963	4239	4246	7
1964	4246	4253	7
1965	4253	4260	7
1966	4260	4267	7
1967	4267	4274	7
1968	4274	4281	7
1969	4281	4288	7
1970	4288	4296	8
1971	4296	4304	8
1972	4304	4312	8
1973	4312	4320	8
1974	4320	4328	8
1975	4328	4336	8
1976	4336	4344	8
1977	4344	4352	8
1978	4352	4360	8
1979	4360	4368	8
1980	4368	4376	8
1981	4376	4384	8
1982	4384	4392	8
1983	4392	4400	8
1984	4400	4408	8
1985	4408	4416	8
1986	4416	4424	8
1987	4424	4432	8
1988	4432	4440	8
1989	4440	4448	8
1990	4448	4456	8
1991	4456	4464	8
1992	4464	4472	8
1993	4472	4480	8
1994	4480	4488	8
1995	4488	4496	8
1996	4496	4504	8
1997	4504	4512	8
1998	4512	4520	8
1999	4520	4528	8
2000	4528	4536	8
2001	4536	4544	8
2002	4544	4552	8
2003	4552	4560	8
2004	4560	4568	8
2005	4568	4576	8
2006	4576	4584	8
2007	4584	4592	8
2008	4592	4600	8
2009	4600	4608	8
2010	4608	4616	8
2011	4616	4624	8
2012	4624	4632	8
2013	4632	4641	9
2014	4641	4650	9
2015	4650	4659	9
2016	4659	4668	9
2017	4668	4677	9
2018	4677	4686	9
2019	4686	4695	9
2020	4695	4704	9
2021	4704	4713	9
2022	4713	4722	9
2023	4722	4731	9
2024	4731	4740	9
2025	4740	4749	9
2026	4749	4758	9
2027	4758	4767	9
2028	4767	4776	9
2029	4776	4785	9
2030	4785	4794	9
2031	4794	4803	9
2032	4803	4812	9
2033	4812	4821	9
2034	4821	4830	9
2035	4830	4839	9
2036	4839	4848	9
2037	4848	4857	9
2038	4857	4866	9
2039	4866	4875	9
2040	4875	4884	9
2041	4884	4893	9
2042	4893	4902	9
2043	4902	4912	10
2044	4912	4922	10
2045	4922	4932	10
2046	4932	4942	10
2047	4942	4952	10
2048	4952	4962	10
2049	4962	4972	10
2050	4972	4982	10
2051	4982	4992	10
2052	4992	5002	10
2053	5002	5012	10
2054	5012	5022	10
2055	5022	5032	10
2056	5032	5042	10
2057	5042	5052	10
2058	5052	5062	10
2059	5062	5072	10
2060	5072	5082	10
2061	5082	5092	10
2062	5092	5102	10
2063	5102	5112	10
2064	5112	5122	10
2065	5122	5132	10
2066	5132	5142	10
2067	5142	5152	10
2068	5152	5162	10
2069	5162	5172	10
2070	5172	5182	10
2071	5182	5192	10
2072	5192	5202	10
2073	5202	5213	11
2074	5213	5224	11
2075	5224	5235	11
2076	5235	5246	11
2077	5246	5257	11
2078	5257	5268	11
2079	5268	5279	11
2080	5279	5290	11
2081	5290	5301	11
2082	5301	5312	11
2083	5312	5323	11
2084	5323	5334	11
2085	5334	5345	11
2086	5345	5356	11
2087	5356	5367	11
2088	5367	5378	11
2089	5378	5389	11
2090	5389	5400	11
2091	5400	5411	11
2092	5411	5422	11
2093	5422	5433	11
2094	5433	5444	11
2095	5444	5455	11
2096	5455	5466	11
2097	5466	5477	11
2098	5477	5488	11
2099	5488	5499	11
2100	5499	5510	11
2101	5510	5521	11
2102	5521	5533	12
2103	5533	5545	12
2104	5545	5557	12
2105	5557	5569	12
2106	5569	5581	12
2107	5581	5593	12
2108	5593	5605	12
2109	5605	5617	12
2110	5617	5629	12
2111	5629	5641	12
2112	5641	5653	12
2113	5653	5665	12
2114	5665	5677	12
2115	5677	5689	12
2116	5689	5701	12
2117	5701	5713	12
2118	5713	5725	12
2119	5725	5737	12
2120	5737	5749	12
2121	5749	5761	12
2122	5761	5773	12
2123	5773	5785	12
2124	5785	5797	12
2125	5797	5810	13
2126	5810	5823	13
2127	5823	5836	13
2128	5836	5849	13
2129	5849	5862	13
2130	5862	5875	13
2131	5875	5888	13
2132	5888	5901	13
2133	5901	5914	13
2134	5914	5927	13
2135	5927	5940	13
2136	5940	5953	13
2137	5953	5966	13
2138	5966	5979	13
2139	5979	5992	13
2140	5992	6005	13
2141	6005	6018	13
2142	6018	6031	13
2143	6031	6045	14
2144	6045	6059	14
2145	6059	6073	14
2146	6073	6087	14
2147	6087	6101	14
2148	6101	6115	14
2149	6115	6129	14
2150	6129	6143	14
2151	6143	6157	14
2152	6157	6171	14
2153	6171	6185	14
2154	6185	6199	14
2155	6199	6213	14
2156	6213	6227	14
2157	6227	6242	15
2158	6242	6257	15
2159	6257	6272	15
2160	6272	6287	15
2161	6287	6302	15
2162	6302	6317	15
2163	6317	6332	15
2164	6332	6347	15
2165	6347	6362	15
2166	6362	6377	15
2167	6377	6392	15
2168	6392	6407	15
2169	6407	6422	15
2170	6422	6437	15
2171	6437	6452	15
2172	6452	6467	15
2173	6467	6482	15
2174	6482	6498	16
2175	6498	6514	16
2176	6514	6530	16
2177	6530	6546	16
2178	6546	6562	16
2179	6562	6578	16
2180	6578	6594	16
2181	6594	6610	16
2182	6610	6626	16
2183	6626	6642	16
2184	6642	6658	16
2185	6658	6674	16
2186	6674	6690	16
2187	6690	6706	16
2188	6706	6722	16
2189	6722	6738	16
2190	6738	6754	16
2191	6754	6771	17
2192	6771	6788	17
2193	6788	6805	17
2194	6805	6822	17
2195	6822	6839	17
2196	6839	6856	17
2197	6856	6873	17
2198	6873	6890	17
2199	6890	6907	17
2200	6907	6924	17
2201	6924	6941	17
2202	6941	6958	17
2203	6958	6975	17
2204	6975	6992	17
2205	6992	7010	18
2206	7010	7028	18
2207	7028	7046	18
2208	7046	7064	18
2209	7064	7082	18
2210	7082	7100	18
2211	7100	7118	18
2212	7118	7136	18
2213	7136	7154	18
2214	7154	7172	18
2215	7172	7190	18
2216	7190	7208	18
2217	7208	7227	19
2218	7227	7246	19
2219	7246	7265	19
2220	7265	7284	19
2221	7284	7303	19
2222	7303	7322	19
2223	7322	7341	19
2224	7341	7360	19
2225	7360	7379	19
2226	7379	7398	19
2227	7398	7417	19
2228	7417	7437	20
2229	7437	7457	20
2230	7457	7477	20
2231	7477	7497	20
2232	7497	7517	20
2233	7517	7537	20
2234	7537	7557	20
2235	7557	7577	20
2236	7577	7597	20
2237	7597	7618	21
2238	7618	7639	21
2239	7639	7660	21
2240	7660	7681	21
2241	7681	7702	21
2242	7702	7723	21
2243	7723	7744	21
2244	7744	7765	21
2245	7765	7787	22
2246	7787	7809	22
2247	7809	7831	22
2248	7831	7853	22
2249	7853	7875	22
2250	7875	7897	22
2251	7897	7919	22
2252	7919	7942	23
2253	7942	7965	23
2254	7965	7988	23
2255	7988	8011	23
2256	8011	8034	23
2257	8034	8057	23
2258	8057	8080	23
2259	8080	8103	23
2260	8103	8126	23
2261	8126	8149	23
2262	8149	8173	24
2263	8173	8197	24
2264	8197	8221	24
2265	8221	8245	24
2266	8245	8269	24
2267	8269	8293	24
2268	8293	8317	24
2269	8317	8341	24
2270	8341	8365	24
2271	8365	8390	25
2272	8390	8415	25
2273	8415	8440	25
2274	8440	8465	25
2275	8465	8490	25
2276	8490	8515	25
2277	8515	8540	25
2278	8540	8565	25
2279	8565	8591	26
2280	8591	8617	26
2281	8617	8643	26
2282	8643	8669	26
2283	8669	8695	26
2284	8695	8721	26
2285	8721	8747	26
2286	8747	8773	26
2287	8773	8800	27
2288	8800	8827	27
2289	8827	8854	27
2290	8854	8881	27
2291	8881	8908	27
2292	8908	8935	27
2293	8935	8963	28
2294	8963	8991	28
2295	8991	9019	28
2296	9019	9047	28
2297	9047	9075	28
2298	9075	9103	28
2299	9103	9131	28
2300	9131	9160	29
2301	9160	9189	29
2302	9189	9218	29
2303	9218	9247	29
2304	9247	9276	29
2305	9276	9306	30
2306	9306	9336	30
2307	9336	9366	30
2308	9366	9396	30
2309	9396	9426	30
2310	9426	9457	31
2311	9457	9488	31
2312	9488	9519	31
2313	9519	9550	31
2314	9550	9581	31
2315	9581	9613	32
2316	9613	9645	32
2317	9645	9677	32
2318	9677	9709	32
2319	9709	9742	33
2320	9742	9775	33
2321	9775	9808	33
2322	9808	9841	33
2323	9841	9875	34
2324	9875	9909	34
2325	9909	9943	34
2326	9943	9978	35
2327	9978	10013	35
2328	10013	10048	35
2329	10048	10083	35
2330	10083	10118	35
2331	10118	10154	36
2332	10154	10190	36
