#
#N Pointing	tstart	tend	Obs time
#		s
1	210	211	1
2	211	212	1
3	212	213	1
4	213	214	1
5	214	215	1
6	215	216	1
7	216	217	1
8	217	218	1
9	218	219	1
10	219	220	1
11	220	221	1
12	221	222	1
13	222	223	1
14	223	224	1
15	224	225	1
16	225	226	1
17	226	227	1
18	227	228	1
19	228	229	1
20	229	230	1
21	230	231	1
22	231	232	1
23	232	233	1
24	233	234	1
25	234	235	1
26	235	236	1
27	236	237	1
28	237	238	1
29	238	239	1
30	239	240	1
31	240	241	1
32	241	242	1
33	242	243	1
34	243	244	1
35	244	245	1
36	245	246	1
37	246	247	1
38	247	248	1
39	248	249	1
40	249	250	1
41	250	251	1
42	251	252	1
43	252	253	1
44	253	254	1
45	254	255	1
46	255	256	1
47	256	257	1
48	257	258	1
49	258	259	1
50	259	260	1
51	260	261	1
52	261	262	1
53	262	263	1
54	263	264	1
55	264	265	1
56	265	266	1
57	266	267	1
58	267	268	1
59	268	269	1
60	269	270	1
61	270	271	1
62	271	272	1
63	272	273	1
64	273	274	1
65	274	275	1
66	275	276	1
67	276	277	1
68	277	278	1
69	278	279	1
70	279	280	1
71	280	281	1
72	281	282	1
73	282	283	1
74	283	284	1
75	284	285	1
76	285	286	1
77	286	287	1
78	287	288	1
79	288	289	1
80	289	290	1
81	290	291	1
82	291	292	1
83	292	293	1
84	293	294	1
85	294	295	1
86	295	296	1
87	296	297	1
88	297	298	1
89	298	299	1
90	299	300	1
91	300	301	1
92	301	302	1
93	302	303	1
94	303	304	1
95	304	305	1
96	305	306	1
97	306	307	1
98	307	308	1
99	308	309	1
100	309	310	1
101	310	311	1
102	311	312	1
103	312	313	1
104	313	314	1
105	314	315	1
106	315	316	1
107	316	317	1
108	317	318	1
109	318	319	1
110	319	320	1
111	320	321	1
112	321	322	1
113	322	323	1
114	323	324	1
115	324	325	1
116	325	326	1
117	326	327	1
118	327	328	1
119	328	329	1
120	329	330	1
121	330	331	1
122	331	332	1
123	332	333	1
124	333	334	1
125	334	335	1
126	335	336	1
127	336	337	1
128	337	338	1
129	338	339	1
130	339	340	1
131	340	341	1
132	341	342	1
133	342	343	1
134	343	344	1
135	344	345	1
136	345	346	1
137	346	347	1
138	347	348	1
139	348	349	1
140	349	350	1
141	350	351	1
142	351	352	1
143	352	353	1
144	353	354	1
145	354	355	1
146	355	356	1
147	356	357	1
148	357	358	1
149	358	359	1
150	359	360	1
151	360	361	1
152	361	362	1
153	362	363	1
154	363	364	1
155	364	365	1
156	365	366	1
157	366	367	1
158	367	368	1
159	368	369	1
160	369	370	1
161	370	371	1
162	371	372	1
163	372	373	1
164	373	374	1
165	374	375	1
166	375	376	1
167	376	377	1
168	377	378	1
169	378	379	1
170	379	380	1
171	380	381	1
172	381	382	1
173	382	383	1
174	383	384	1
175	384	385	1
176	385	386	1
177	386	387	1
178	387	388	1
179	388	389	1
180	389	390	1
181	390	391	1
182	391	392	1
183	392	393	1
184	393	394	1
185	394	395	1
186	395	396	1
187	396	397	1
188	397	398	1
189	398	399	1
190	399	400	1
191	400	401	1
192	401	402	1
193	402	403	1
194	403	404	1
195	404	405	1
196	405	406	1
197	406	407	1
198	407	408	1
199	408	409	1
200	409	410	1
201	410	411	1
202	411	412	1
203	412	413	1
204	413	414	1
205	414	415	1
206	415	416	1
207	416	417	1
208	417	418	1
209	418	419	1
210	419	420	1
211	420	421	1
212	421	422	1
213	422	423	1
214	423	424	1
215	424	425	1
216	425	426	1
217	426	427	1
218	427	428	1
219	428	429	1
220	429	430	1
221	430	431	1
222	431	432	1
223	432	433	1
224	433	434	1
225	434	435	1
226	435	436	1
227	436	437	1
228	437	438	1
229	438	439	1
230	439	440	1
231	440	441	1
232	441	442	1
233	442	443	1
234	443	444	1
235	444	445	1
236	445	446	1
237	446	447	1
238	447	448	1
239	448	449	1
240	449	450	1
241	450	451	1
242	451	452	1
243	452	453	1
244	453	454	1
245	454	455	1
246	455	456	1
247	456	457	1
248	457	458	1
249	458	459	1
250	459	460	1
251	460	461	1
252	461	462	1
253	462	463	1
254	463	464	1
255	464	465	1
256	465	466	1
257	466	467	1
258	467	468	1
259	468	469	1
260	469	470	1
261	470	471	1
262	471	472	1
263	472	473	1
264	473	474	1
265	474	475	1
266	475	476	1
267	476	477	1
268	477	478	1
269	478	479	1
270	479	480	1
271	480	481	1
272	481	482	1
273	482	483	1
274	483	484	1
275	484	485	1
276	485	486	1
277	486	487	1
278	487	488	1
279	488	489	1
280	489	490	1
281	490	491	1
282	491	492	1
283	492	493	1
284	493	494	1
285	494	495	1
286	495	496	1
287	496	497	1
288	497	498	1
289	498	499	1
290	499	500	1
291	500	501	1
292	501	502	1
293	502	503	1
294	503	504	1
295	504	505	1
296	505	506	1
297	506	507	1
298	507	508	1
299	508	509	1
300	509	510	1
301	510	511	1
302	511	512	1
303	512	513	1
304	513	514	1
305	514	515	1
306	515	516	1
307	516	517	1
308	517	518	1
309	518	519	1
310	519	520	1
311	520	521	1
312	521	522	1
313	522	523	1
314	523	524	1
315	524	525	1
316	525	526	1
317	526	527	1
318	527	528	1
319	528	529	1
320	529	530	1
321	530	531	1
322	531	532	1
323	532	533	1
324	533	534	1
325	534	535	1
326	535	536	1
327	536	537	1
328	537	538	1
329	538	539	1
330	539	540	1
331	540	541	1
332	541	542	1
333	542	543	1
334	543	544	1
335	544	545	1
336	545	546	1
337	546	547	1
338	547	548	1
339	548	549	1
340	549	550	1
341	550	551	1
342	551	552	1
343	552	553	1
344	553	554	1
345	554	555	1
346	555	556	1
347	556	557	1
348	557	558	1
349	558	559	1
350	559	560	1
351	560	561	1
352	561	562	1
353	562	563	1
354	563	564	1
355	564	565	1
356	565	566	1
357	566	567	1
358	567	568	1
359	568	569	1
360	569	570	1
361	570	571	1
362	571	572	1
363	572	573	1
364	573	574	1
365	574	575	1
366	575	576	1
367	576	577	1
368	577	578	1
369	578	579	1
370	579	580	1
371	580	581	1
372	581	582	1
373	582	583	1
374	583	584	1
375	584	585	1
376	585	586	1
377	586	587	1
378	587	588	1
379	588	589	1
380	589	590	1
381	590	591	1
382	591	592	1
383	592	593	1
384	593	594	1
385	594	595	1
386	595	596	1
387	596	597	1
388	597	598	1
389	598	599	1
390	599	600	1
391	600	601	1
392	601	602	1
393	602	603	1
394	603	604	1
395	604	605	1
396	605	606	1
397	606	607	1
398	607	608	1
399	608	609	1
400	609	610	1
401	610	611	1
402	611	612	1
403	612	613	1
404	613	614	1
405	614	615	1
406	615	616	1
407	616	617	1
408	617	618	1
409	618	619	1
410	619	620	1
411	620	621	1
412	621	622	1
413	622	623	1
414	623	624	1
415	624	625	1
416	625	626	1
417	626	627	1
418	627	628	1
419	628	629	1
420	629	630	1
421	630	631	1
422	631	632	1
423	632	633	1
424	633	634	1
425	634	635	1
426	635	636	1
427	636	637	1
428	637	638	1
429	638	639	1
430	639	640	1
431	640	641	1
432	641	642	1
433	642	643	1
434	643	644	1
435	644	645	1
436	645	646	1
437	646	647	1
438	647	648	1
439	648	649	1
440	649	650	1
441	650	651	1
442	651	652	1
443	652	653	1
444	653	654	1
445	654	655	1
446	655	656	1
447	656	657	1
448	657	658	1
449	658	659	1
450	659	660	1
451	660	661	1
452	661	662	1
453	662	663	1
454	663	664	1
455	664	665	1
456	665	666	1
457	666	667	1
458	667	668	1
459	668	669	1
460	669	670	1
461	670	671	1
462	671	672	1
463	672	673	1
464	673	674	1
465	674	675	1
466	675	676	1
467	676	677	1
468	677	678	1
469	678	679	1
470	679	680	1
471	680	681	1
472	681	682	1
473	682	683	1
474	683	684	1
475	684	685	1
476	685	686	1
477	686	687	1
478	687	688	1
479	688	689	1
480	689	690	1
481	690	691	1
482	691	692	1
483	692	693	1
484	693	694	1
485	694	695	1
486	695	696	1
487	696	697	1
488	697	698	1
489	698	699	1
490	699	700	1
491	700	701	1
492	701	702	1
493	702	703	1
494	703	704	1
495	704	705	1
496	705	706	1
497	706	707	1
498	707	708	1
499	708	709	1
500	709	710	1
501	710	711	1
502	711	712	1
503	712	713	1
504	713	714	1
505	714	715	1
506	715	716	1
507	716	717	1
508	717	718	1
509	718	719	1
510	719	720	1
511	720	721	1
512	721	722	1
513	722	723	1
514	723	724	1
515	724	725	1
516	725	726	1
517	726	727	1
518	727	728	1
519	728	729	1
520	729	730	1
521	730	731	1
522	731	732	1
523	732	733	1
524	733	734	1
525	734	735	1
526	735	736	1
527	736	737	1
528	737	738	1
529	738	739	1
530	739	740	1
531	740	741	1
532	741	742	1
533	742	743	1
534	743	744	1
535	744	745	1
536	745	746	1
537	746	747	1
538	747	748	1
539	748	749	1
540	749	750	1
541	750	751	1
542	751	752	1
543	752	753	1
544	753	754	1
545	754	755	1
546	755	756	1
547	756	757	1
548	757	758	1
549	758	759	1
550	759	760	1
551	760	761	1
552	761	762	1
553	762	763	1
554	763	764	1
555	764	765	1
556	765	766	1
557	766	767	1
558	767	768	1
559	768	769	1
560	769	770	1
561	770	771	1
562	771	772	1
563	772	773	1
564	773	774	1
565	774	775	1
566	775	776	1
567	776	777	1
568	777	778	1
569	778	779	1
570	779	780	1
571	780	781	1
572	781	782	1
573	782	783	1
574	783	784	1
575	784	785	1
576	785	786	1
577	786	787	1
578	787	788	1
579	788	789	1
580	789	790	1
581	790	791	1
582	791	792	1
583	792	793	1
584	793	794	1
585	794	795	1
586	795	796	1
587	796	797	1
588	797	798	1
589	798	799	1
590	799	800	1
591	800	801	1
592	801	802	1
593	802	803	1
594	803	804	1
595	804	805	1
596	805	806	1
597	806	807	1
598	807	808	1
599	808	809	1
600	809	810	1
601	810	811	1
602	811	812	1
603	812	813	1
604	813	814	1
605	814	815	1
606	815	816	1
607	816	817	1
608	817	818	1
609	818	819	1
610	819	820	1
611	820	821	1
612	821	822	1
613	822	823	1
614	823	824	1
615	824	825	1
616	825	826	1
617	826	827	1
618	827	828	1
619	828	829	1
620	829	830	1
621	830	831	1
622	831	832	1
623	832	833	1
624	833	834	1
625	834	835	1
626	835	836	1
627	836	837	1
628	837	838	1
629	838	839	1
630	839	840	1
631	840	841	1
632	841	842	1
633	842	843	1
634	843	844	1
635	844	845	1
636	845	846	1
637	846	847	1
638	847	848	1
639	848	849	1
640	849	850	1
641	850	851	1
642	851	852	1
643	852	853	1
644	853	854	1
645	854	855	1
646	855	856	1
647	856	857	1
648	857	858	1
649	858	859	1
650	859	860	1
651	860	861	1
652	861	862	1
653	862	863	1
654	863	864	1
655	864	865	1
656	865	866	1
657	866	867	1
658	867	868	1
659	868	869	1
660	869	870	1
661	870	871	1
662	871	872	1
663	872	873	1
664	873	874	1
665	874	875	1
666	875	876	1
667	876	877	1
668	877	878	1
669	878	879	1
670	879	880	1
671	880	881	1
672	881	882	1
673	882	883	1
674	883	884	1
675	884	885	1
676	885	886	1
677	886	887	1
678	887	888	1
679	888	889	1
680	889	890	1
681	890	891	1
682	891	892	1
683	892	893	1
684	893	894	1
685	894	895	1
686	895	896	1
687	896	897	1
688	897	898	1
689	898	899	1
690	899	900	1
691	900	901	1
692	901	902	1
693	902	903	1
694	903	904	1
695	904	905	1
696	905	906	1
697	906	907	1
698	907	908	1
699	908	909	1
700	909	910	1
701	910	911	1
702	911	912	1
703	912	913	1
704	913	914	1
705	914	915	1
706	915	916	1
707	916	917	1
708	917	918	1
709	918	919	1
710	919	920	1
711	920	921	1
712	921	922	1
713	922	923	1
714	923	924	1
715	924	925	1
716	925	926	1
717	926	927	1
718	927	928	1
719	928	929	1
720	929	930	1
721	930	931	1
722	931	932	1
723	932	933	1
724	933	934	1
725	934	935	1
726	935	936	1
727	936	937	1
728	937	938	1
729	938	939	1
730	939	940	1
731	940	941	1
732	941	942	1
733	942	943	1
734	943	944	1
735	944	945	1
736	945	946	1
737	946	947	1
738	947	948	1
739	948	949	1
740	949	950	1
741	950	951	1
742	951	952	1
743	952	953	1
744	953	954	1
745	954	955	1
746	955	956	1
747	956	957	1
748	957	958	1
749	958	959	1
750	959	960	1
751	960	961	1
752	961	962	1
753	962	963	1
754	963	964	1
755	964	965	1
756	965	966	1
757	966	967	1
758	967	968	1
759	968	969	1
760	969	970	1
761	970	971	1
762	971	972	1
763	972	973	1
764	973	974	1
765	974	975	1
766	975	976	1
767	976	977	1
768	977	978	1
769	978	979	1
770	979	980	1
771	980	981	1
772	981	982	1
773	982	983	1
774	983	984	1
775	984	985	1
776	985	986	1
777	986	987	1
778	987	988	1
779	988	989	1
780	989	990	1
781	990	991	1
782	991	992	1
783	992	993	1
784	993	994	1
785	994	995	1
786	995	996	1
787	996	997	1
788	997	998	1
789	998	999	1
790	999	1000	1
791	1000	1001	1
792	1001	1002	1
793	1002	1003	1
794	1003	1004	1
795	1004	1005	1
796	1005	1006	1
797	1006	1007	1
798	1007	1008	1
799	1008	1009	1
800	1009	1010	1
801	1010	1011	1
802	1011	1012	1
803	1012	1013	1
804	1013	1014	1
805	1014	1015	1
806	1015	1016	1
807	1016	1017	1
808	1017	1018	1
809	1018	1019	1
810	1019	1020	1
811	1020	1021	1
812	1021	1022	1
813	1022	1023	1
814	1023	1024	1
815	1024	1025	1
816	1025	1026	1
817	1026	1027	1
818	1027	1028	1
819	1028	1029	1
820	1029	1030	1
821	1030	1031	1
822	1031	1032	1
823	1032	1033	1
824	1033	1034	1
825	1034	1035	1
826	1035	1036	1
827	1036	1037	1
828	1037	1038	1
829	1038	1039	1
830	1039	1040	1
831	1040	1041	1
832	1041	1042	1
833	1042	1043	1
834	1043	1044	1
835	1044	1045	1
836	1045	1046	1
837	1046	1047	1
838	1047	1048	1
839	1048	1049	1
840	1049	1050	1
841	1050	1051	1
842	1051	1052	1
843	1052	1053	1
844	1053	1054	1
845	1054	1055	1
846	1055	1056	1
847	1056	1057	1
848	1057	1058	1
849	1058	1059	1
850	1059	1060	1
851	1060	1061	1
852	1061	1062	1
853	1062	1063	1
854	1063	1064	1
855	1064	1065	1
856	1065	1066	1
857	1066	1067	1
858	1067	1068	1
859	1068	1069	1
860	1069	1070	1
861	1070	1071	1
862	1071	1072	1
863	1072	1073	1
864	1073	1074	1
865	1074	1075	1
866	1075	1076	1
867	1076	1077	1
868	1077	1078	1
869	1078	1079	1
870	1079	1080	1
871	1080	1081	1
872	1081	1082	1
873	1082	1083	1
874	1083	1084	1
875	1084	1085	1
876	1085	1086	1
877	1086	1087	1
878	1087	1088	1
879	1088	1089	1
880	1089	1090	1
881	1090	1091	1
882	1091	1092	1
883	1092	1093	1
884	1093	1094	1
885	1094	1095	1
886	1095	1096	1
887	1096	1097	1
888	1097	1098	1
889	1098	1099	1
890	1099	1100	1
891	1100	1101	1
892	1101	1102	1
893	1102	1103	1
894	1103	1104	1
895	1104	1105	1
896	1105	1106	1
897	1106	1107	1
898	1107	1108	1
899	1108	1109	1
900	1109	1110	1
901	1110	1111	1
902	1111	1112	1
903	1112	1113	1
904	1113	1114	1
905	1114	1115	1
906	1115	1116	1
907	1116	1117	1
908	1117	1118	1
909	1118	1119	1
910	1119	1120	1
911	1120	1121	1
912	1121	1122	1
913	1122	1123	1
914	1123	1124	1
915	1124	1125	1
916	1125	1126	1
917	1126	1127	1
918	1127	1128	1
919	1128	1129	1
920	1129	1130	1
921	1130	1131	1
922	1131	1132	1
923	1132	1133	1
924	1133	1134	1
925	1134	1135	1
926	1135	1136	1
927	1136	1137	1
928	1137	1138	1
929	1138	1139	1
930	1139	1140	1
931	1140	1141	1
932	1141	1142	1
933	1142	1143	1
934	1143	1144	1
935	1144	1145	1
936	1145	1146	1
937	1146	1147	1
938	1147	1148	1
939	1148	1149	1
940	1149	1150	1
941	1150	1151	1
942	1151	1152	1
943	1152	1153	1
944	1153	1154	1
945	1154	1155	1
946	1155	1156	1
947	1156	1157	1
948	1157	1158	1
949	1158	1159	1
950	1159	1160	1
951	1160	1161	1
952	1161	1162	1
953	1162	1163	1
954	1163	1164	1
955	1164	1165	1
956	1165	1166	1
957	1166	1167	1
958	1167	1168	1
959	1168	1169	1
960	1169	1170	1
961	1170	1171	1
962	1171	1172	1
963	1172	1173	1
964	1173	1174	1
965	1174	1175	1
966	1175	1176	1
967	1176	1177	1
968	1177	1178	1
969	1178	1179	1
970	1179	1180	1
971	1180	1181	1
972	1181	1182	1
973	1182	1183	1
974	1183	1184	1
975	1184	1185	1
976	1185	1186	1
977	1186	1187	1
978	1187	1188	1
979	1188	1189	1
980	1189	1190	1
981	1190	1191	1
982	1191	1192	1
983	1192	1193	1
984	1193	1194	1
985	1194	1195	1
986	1195	1196	1
987	1196	1197	1
988	1197	1198	1
989	1198	1199	1
990	1199	1200	1
991	1200	1201	1
992	1201	1202	1
993	1202	1203	1
994	1203	1204	1
995	1204	1205	1
996	1205	1206	1
997	1206	1207	1
998	1207	1208	1
999	1208	1209	1
1000	1209	1210	1
1001	1210	1211	1
1002	1211	1212	1
1003	1212	1213	1
1004	1213	1214	1
1005	1214	1215	1
1006	1215	1216	1
1007	1216	1217	1
1008	1217	1218	1
1009	1218	1219	1
1010	1219	1220	1
1011	1220	1221	1
1012	1221	1222	1
1013	1222	1223	1
1014	1223	1224	1
1015	1224	1225	1
1016	1225	1226	1
1017	1226	1227	1
1018	1227	1228	1
1019	1228	1229	1
1020	1229	1230	1
1021	1230	1231	1
1022	1231	1232	1
1023	1232	1233	1
1024	1233	1234	1
1025	1234	1235	1
1026	1235	1236	1
1027	1236	1237	1
1028	1237	1238	1
1029	1238	1240	2
1030	1240	1242	2
1031	1242	1244	2
1032	1244	1246	2
1033	1246	1248	2
1034	1248	1250	2
1035	1250	1252	2
1036	1252	1254	2
1037	1254	1256	2
1038	1256	1258	2
1039	1258	1260	2
1040	1260	1262	2
1041	1262	1264	2
1042	1264	1266	2
1043	1266	1268	2
1044	1268	1270	2
1045	1270	1272	2
1046	1272	1274	2
1047	1274	1276	2
1048	1276	1278	2
1049	1278	1280	2
1050	1280	1282	2
1051	1282	1284	2
1052	1284	1286	2
1053	1286	1288	2
1054	1288	1290	2
1055	1290	1292	2
1056	1292	1294	2
1057	1294	1296	2
1058	1296	1298	2
1059	1298	1300	2
1060	1300	1302	2
1061	1302	1304	2
1062	1304	1306	2
1063	1306	1308	2
1064	1308	1310	2
1065	1310	1312	2
1066	1312	1314	2
1067	1314	1316	2
1068	1316	1318	2
1069	1318	1320	2
1070	1320	1322	2
1071	1322	1324	2
1072	1324	1326	2
1073	1326	1328	2
1074	1328	1330	2
1075	1330	1332	2
1076	1332	1334	2
1077	1334	1336	2
1078	1336	1338	2
1079	1338	1340	2
1080	1340	1342	2
1081	1342	1344	2
1082	1344	1346	2
1083	1346	1348	2
1084	1348	1350	2
1085	1350	1352	2
1086	1352	1354	2
1087	1354	1356	2
1088	1356	1358	2
1089	1358	1360	2
1090	1360	1362	2
1091	1362	1364	2
1092	1364	1366	2
1093	1366	1368	2
1094	1368	1370	2
1095	1370	1372	2
1096	1372	1374	2
1097	1374	1376	2
1098	1376	1378	2
1099	1378	1380	2
1100	1380	1382	2
1101	1382	1384	2
1102	1384	1386	2
1103	1386	1388	2
1104	1388	1390	2
1105	1390	1392	2
1106	1392	1394	2
1107	1394	1396	2
1108	1396	1398	2
1109	1398	1400	2
1110	1400	1402	2
1111	1402	1404	2
1112	1404	1406	2
1113	1406	1408	2
1114	1408	1410	2
1115	1410	1412	2
1116	1412	1414	2
1117	1414	1416	2
1118	1416	1418	2
1119	1418	1420	2
1120	1420	1422	2
1121	1422	1424	2
1122	1424	1426	2
1123	1426	1428	2
1124	1428	1430	2
1125	1430	1432	2
1126	1432	1434	2
1127	1434	1436	2
1128	1436	1438	2
1129	1438	1440	2
1130	1440	1442	2
1131	1442	1444	2
1132	1444	1446	2
1133	1446	1448	2
1134	1448	1450	2
1135	1450	1452	2
1136	1452	1454	2
1137	1454	1456	2
1138	1456	1458	2
1139	1458	1460	2
1140	1460	1462	2
1141	1462	1464	2
1142	1464	1466	2
1143	1466	1468	2
1144	1468	1470	2
1145	1470	1472	2
1146	1472	1474	2
1147	1474	1476	2
1148	1476	1478	2
1149	1478	1480	2
1150	1480	1482	2
1151	1482	1484	2
1152	1484	1486	2
1153	1486	1488	2
1154	1488	1490	2
1155	1490	1492	2
1156	1492	1494	2
1157	1494	1496	2
1158	1496	1498	2
1159	1498	1500	2
1160	1500	1502	2
1161	1502	1504	2
1162	1504	1506	2
1163	1506	1508	2
1164	1508	1510	2
1165	1510	1512	2
1166	1512	1514	2
1167	1514	1516	2
1168	1516	1518	2
1169	1518	1520	2
1170	1520	1522	2
1171	1522	1524	2
1172	1524	1526	2
1173	1526	1528	2
1174	1528	1530	2
1175	1530	1532	2
1176	1532	1534	2
1177	1534	1536	2
1178	1536	1538	2
1179	1538	1540	2
1180	1540	1542	2
1181	1542	1544	2
1182	1544	1546	2
1183	1546	1548	2
1184	1548	1550	2
1185	1550	1552	2
1186	1552	1554	2
1187	1554	1556	2
1188	1556	1558	2
1189	1558	1560	2
1190	1560	1562	2
1191	1562	1564	2
1192	1564	1566	2
1193	1566	1568	2
1194	1568	1570	2
1195	1570	1572	2
1196	1572	1574	2
1197	1574	1576	2
1198	1576	1578	2
1199	1578	1580	2
1200	1580	1582	2
1201	1582	1584	2
1202	1584	1586	2
1203	1586	1588	2
1204	1588	1590	2
1205	1590	1592	2
1206	1592	1594	2
1207	1594	1596	2
1208	1596	1598	2
1209	1598	1600	2
1210	1600	1602	2
1211	1602	1604	2
1212	1604	1606	2
1213	1606	1608	2
1214	1608	1610	2
1215	1610	1612	2
1216	1612	1614	2
1217	1614	1616	2
1218	1616	1618	2
1219	1618	1620	2
1220	1620	1622	2
1221	1622	1624	2
1222	1624	1626	2
1223	1626	1628	2
1224	1628	1630	2
1225	1630	1632	2
1226	1632	1634	2
1227	1634	1636	2
1228	1636	1638	2
1229	1638	1640	2
1230	1640	1642	2
1231	1642	1644	2
1232	1644	1646	2
1233	1646	1648	2
1234	1648	1650	2
1235	1650	1652	2
1236	1652	1654	2
1237	1654	1656	2
1238	1656	1658	2
1239	1658	1660	2
1240	1660	1662	2
1241	1662	1664	2
1242	1664	1666	2
1243	1666	1668	2
1244	1668	1670	2
1245	1670	1672	2
1246	1672	1674	2
1247	1674	1676	2
1248	1676	1678	2
1249	1678	1680	2
1250	1680	1682	2
1251	1682	1684	2
1252	1684	1686	2
1253	1686	1688	2
1254	1688	1690	2
1255	1690	1692	2
1256	1692	1694	2
1257	1694	1696	2
1258	1696	1698	2
1259	1698	1700	2
1260	1700	1702	2
1261	1702	1704	2
1262	1704	1706	2
1263	1706	1708	2
1264	1708	1710	2
1265	1710	1712	2
1266	1712	1714	2
1267	1714	1716	2
1268	1716	1718	2
1269	1718	1720	2
1270	1720	1722	2
1271	1722	1724	2
1272	1724	1726	2
1273	1726	1728	2
1274	1728	1730	2
1275	1730	1732	2
1276	1732	1734	2
1277	1734	1736	2
1278	1736	1738	2
1279	1738	1740	2
1280	1740	1742	2
1281	1742	1744	2
1282	1744	1746	2
1283	1746	1748	2
1284	1748	1750	2
1285	1750	1752	2
1286	1752	1754	2
1287	1754	1756	2
1288	1756	1758	2
1289	1758	1760	2
1290	1760	1762	2
1291	1762	1764	2
1292	1764	1766	2
1293	1766	1768	2
1294	1768	1770	2
1295	1770	1772	2
1296	1772	1774	2
1297	1774	1776	2
1298	1776	1778	2
1299	1778	1780	2
1300	1780	1782	2
1301	1782	1784	2
1302	1784	1786	2
1303	1786	1788	2
1304	1788	1790	2
1305	1790	1792	2
1306	1792	1794	2
1307	1794	1796	2
1308	1796	1798	2
1309	1798	1800	2
1310	1800	1802	2
1311	1802	1804	2
1312	1804	1806	2
1313	1806	1808	2
1314	1808	1810	2
1315	1810	1812	2
1316	1812	1814	2
1317	1814	1816	2
1318	1816	1818	2
1319	1818	1820	2
1320	1820	1822	2
1321	1822	1824	2
1322	1824	1826	2
1323	1826	1828	2
1324	1828	1830	2
1325	1830	1832	2
1326	1832	1834	2
1327	1834	1836	2
1328	1836	1838	2
1329	1838	1840	2
1330	1840	1842	2
1331	1842	1844	2
1332	1844	1846	2
1333	1846	1848	2
1334	1848	1850	2
1335	1850	1852	2
1336	1852	1854	2
1337	1854	1856	2
1338	1856	1858	2
1339	1858	1860	2
1340	1860	1862	2
1341	1862	1864	2
1342	1864	1866	2
1343	1866	1868	2
1344	1868	1870	2
1345	1870	1872	2
1346	1872	1874	2
1347	1874	1876	2
1348	1876	1878	2
1349	1878	1880	2
1350	1880	1882	2
1351	1882	1884	2
1352	1884	1886	2
1353	1886	1888	2
1354	1888	1890	2
1355	1890	1892	2
1356	1892	1894	2
1357	1894	1896	2
1358	1896	1898	2
1359	1898	1900	2
1360	1900	1902	2
1361	1902	1904	2
1362	1904	1906	2
1363	1906	1908	2
1364	1908	1910	2
1365	1910	1912	2
1366	1912	1914	2
1367	1914	1916	2
1368	1916	1918	2
1369	1918	1920	2
1370	1920	1922	2
1371	1922	1924	2
1372	1924	1926	2
1373	1926	1928	2
1374	1928	1930	2
1375	1930	1932	2
1376	1932	1934	2
1377	1934	1936	2
1378	1936	1938	2
1379	1938	1940	2
1380	1940	1942	2
1381	1942	1944	2
1382	1944	1946	2
1383	1946	1948	2
1384	1948	1950	2
1385	1950	1952	2
1386	1952	1954	2
1387	1954	1956	2
1388	1956	1958	2
1389	1958	1960	2
1390	1960	1962	2
1391	1962	1964	2
1392	1964	1966	2
1393	1966	1968	2
1394	1968	1970	2
1395	1970	1972	2
1396	1972	1974	2
1397	1974	1976	2
1398	1976	1978	2
1399	1978	1980	2
1400	1980	1982	2
1401	1982	1984	2
1402	1984	1986	2
1403	1986	1988	2
1404	1988	1990	2
1405	1990	1992	2
1406	1992	1994	2
1407	1994	1996	2
1408	1996	1998	2
1409	1998	2000	2
1410	2000	2002	2
1411	2002	2004	2
1412	2004	2006	2
1413	2006	2008	2
1414	2008	2010	2
1415	2010	2012	2
1416	2012	2014	2
1417	2014	2016	2
1418	2016	2018	2
1419	2018	2020	2
1420	2020	2022	2
1421	2022	2024	2
1422	2024	2026	2
1423	2026	2028	2
1424	2028	2030	2
1425	2030	2032	2
1426	2032	2034	2
1427	2034	2036	2
1428	2036	2038	2
1429	2038	2040	2
1430	2040	2042	2
1431	2042	2044	2
1432	2044	2046	2
1433	2046	2048	2
1434	2048	2050	2
1435	2050	2052	2
1436	2052	2054	2
1437	2054	2056	2
1438	2056	2058	2
1439	2058	2060	2
1440	2060	2062	2
1441	2062	2064	2
1442	2064	2066	2
1443	2066	2068	2
1444	2068	2070	2
1445	2070	2072	2
1446	2072	2074	2
1447	2074	2076	2
1448	2076	2078	2
1449	2078	2080	2
1450	2080	2082	2
1451	2082	2084	2
1452	2084	2086	2
1453	2086	2088	2
1454	2088	2090	2
1455	2090	2092	2
1456	2092	2094	2
1457	2094	2096	2
1458	2096	2098	2
1459	2098	2100	2
1460	2100	2102	2
1461	2102	2104	2
1462	2104	2106	2
1463	2106	2108	2
1464	2108	2110	2
1465	2110	2112	2
1466	2112	2114	2
1467	2114	2116	2
1468	2116	2118	2
1469	2118	2120	2
1470	2120	2122	2
1471	2122	2124	2
1472	2124	2126	2
1473	2126	2128	2
1474	2128	2130	2
1475	2130	2132	2
1476	2132	2134	2
1477	2134	2136	2
1478	2136	2138	2
1479	2138	2140	2
1480	2140	2142	2
1481	2142	2144	2
1482	2144	2146	2
1483	2146	2148	2
1484	2148	2150	2
1485	2150	2152	2
1486	2152	2154	2
1487	2154	2156	2
1488	2156	2158	2
1489	2158	2160	2
1490	2160	2162	2
1491	2162	2164	2
1492	2164	2166	2
1493	2166	2168	2
1494	2168	2170	2
1495	2170	2172	2
1496	2172	2174	2
1497	2174	2176	2
1498	2176	2178	2
1499	2178	2180	2
1500	2180	2182	2
1501	2182	2184	2
1502	2184	2186	2
1503	2186	2188	2
1504	2188	2190	2
1505	2190	2192	2
1506	2192	2194	2
1507	2194	2196	2
1508	2196	2198	2
1509	2198	2200	2
1510	2200	2202	2
1511	2202	2204	2
1512	2204	2206	2
1513	2206	2208	2
1514	2208	2210	2
1515	2210	2212	2
1516	2212	2214	2
1517	2214	2216	2
1518	2216	2218	2
1519	2218	2220	2
1520	2220	2222	2
1521	2222	2224	2
1522	2224	2226	2
1523	2226	2228	2
1524	2228	2230	2
1525	2230	2232	2
1526	2232	2234	2
1527	2234	2236	2
1528	2236	2238	2
1529	2238	2240	2
1530	2240	2242	2
1531	2242	2244	2
1532	2244	2246	2
1533	2246	2248	2
1534	2248	2251	3
1535	2251	2254	3
1536	2254	2257	3
1537	2257	2260	3
1538	2260	2263	3
1539	2263	2266	3
1540	2266	2269	3
1541	2269	2272	3
1542	2272	2275	3
1543	2275	2278	3
1544	2278	2281	3
1545	2281	2284	3
1546	2284	2287	3
1547	2287	2290	3
1548	2290	2293	3
1549	2293	2296	3
1550	2296	2299	3
1551	2299	2302	3
1552	2302	2305	3
1553	2305	2308	3
1554	2308	2311	3
1555	2311	2314	3
1556	2314	2317	3
1557	2317	2320	3
1558	2320	2323	3
1559	2323	2326	3
1560	2326	2329	3
1561	2329	2332	3
1562	2332	2335	3
1563	2335	2338	3
1564	2338	2341	3
1565	2341	2344	3
1566	2344	2347	3
1567	2347	2350	3
1568	2350	2353	3
1569	2353	2356	3
1570	2356	2359	3
1571	2359	2362	3
1572	2362	2365	3
1573	2365	2368	3
1574	2368	2371	3
1575	2371	2374	3
1576	2374	2377	3
1577	2377	2380	3
1578	2380	2383	3
1579	2383	2386	3
1580	2386	2389	3
1581	2389	2392	3
1582	2392	2395	3
1583	2395	2398	3
1584	2398	2401	3
1585	2401	2404	3
1586	2404	2407	3
1587	2407	2410	3
1588	2410	2413	3
1589	2413	2416	3
1590	2416	2419	3
1591	2419	2422	3
1592	2422	2425	3
1593	2425	2428	3
1594	2428	2431	3
1595	2431	2434	3
1596	2434	2437	3
1597	2437	2440	3
1598	2440	2443	3
1599	2443	2446	3
1600	2446	2449	3
1601	2449	2452	3
1602	2452	2455	3
1603	2455	2458	3
1604	2458	2461	3
1605	2461	2464	3
1606	2464	2467	3
1607	2467	2470	3
1608	2470	2473	3
1609	2473	2476	3
1610	2476	2479	3
1611	2479	2482	3
1612	2482	2485	3
1613	2485	2488	3
1614	2488	2491	3
1615	2491	2494	3
1616	2494	2497	3
1617	2497	2500	3
1618	2500	2503	3
1619	2503	2506	3
1620	2506	2509	3
1621	2509	2512	3
1622	2512	2515	3
1623	2515	2518	3
1624	2518	2521	3
1625	2521	2524	3
1626	2524	2527	3
1627	2527	2530	3
1628	2530	2533	3
1629	2533	2536	3
1630	2536	2539	3
1631	2539	2542	3
1632	2542	2545	3
1633	2545	2548	3
1634	2548	2551	3
1635	2551	2554	3
1636	2554	2557	3
1637	2557	2560	3
1638	2560	2563	3
1639	2563	2566	3
1640	2566	2569	3
1641	2569	2572	3
1642	2572	2575	3
1643	2575	2578	3
1644	2578	2581	3
1645	2581	2584	3
1646	2584	2587	3
1647	2587	2590	3
1648	2590	2593	3
1649	2593	2596	3
1650	2596	2599	3
1651	2599	2602	3
1652	2602	2605	3
1653	2605	2608	3
1654	2608	2611	3
1655	2611	2614	3
1656	2614	2617	3
1657	2617	2620	3
1658	2620	2623	3
1659	2623	2626	3
1660	2626	2629	3
1661	2629	2632	3
1662	2632	2635	3
1663	2635	2638	3
1664	2638	2641	3
1665	2641	2644	3
1666	2644	2647	3
1667	2647	2650	3
1668	2650	2653	3
1669	2653	2656	3
1670	2656	2659	3
1671	2659	2662	3
1672	2662	2665	3
1673	2665	2668	3
1674	2668	2671	3
1675	2671	2674	3
1676	2674	2677	3
1677	2677	2680	3
1678	2680	2683	3
1679	2683	2686	3
1680	2686	2689	3
1681	2689	2692	3
1682	2692	2695	3
1683	2695	2698	3
1684	2698	2701	3
1685	2701	2704	3
1686	2704	2707	3
1687	2707	2710	3
1688	2710	2713	3
1689	2713	2716	3
1690	2716	2719	3
1691	2719	2722	3
1692	2722	2725	3
1693	2725	2728	3
1694	2728	2731	3
1695	2731	2734	3
1696	2734	2737	3
1697	2737	2740	3
1698	2740	2743	3
1699	2743	2746	3
1700	2746	2749	3
1701	2749	2752	3
1702	2752	2755	3
1703	2755	2758	3
1704	2758	2761	3
1705	2761	2764	3
1706	2764	2767	3
1707	2767	2770	3
1708	2770	2773	3
1709	2773	2776	3
1710	2776	2779	3
1711	2779	2782	3
1712	2782	2785	3
1713	2785	2788	3
1714	2788	2791	3
1715	2791	2794	3
1716	2794	2797	3
1717	2797	2800	3
1718	2800	2803	3
1719	2803	2806	3
1720	2806	2809	3
1721	2809	2812	3
1722	2812	2815	3
1723	2815	2818	3
1724	2818	2821	3
1725	2821	2824	3
1726	2824	2827	3
1727	2827	2830	3
1728	2830	2833	3
1729	2833	2836	3
1730	2836	2839	3
1731	2839	2842	3
1732	2842	2845	3
1733	2845	2848	3
1734	2848	2851	3
1735	2851	2854	3
1736	2854	2857	3
1737	2857	2860	3
1738	2860	2863	3
1739	2863	2866	3
1740	2866	2869	3
1741	2869	2872	3
1742	2872	2875	3
1743	2875	2878	3
1744	2878	2881	3
1745	2881	2884	3
1746	2884	2887	3
1747	2887	2890	3
1748	2890	2893	3
1749	2893	2896	3
1750	2896	2899	3
1751	2899	2902	3
1752	2902	2905	3
1753	2905	2908	3
1754	2908	2911	3
1755	2911	2914	3
1756	2914	2917	3
1757	2917	2920	3
1758	2920	2923	3
1759	2923	2926	3
1760	2926	2929	3
1761	2929	2932	3
1762	2932	2935	3
1763	2935	2938	3
1764	2938	2941	3
1765	2941	2944	3
1766	2944	2947	3
1767	2947	2950	3
1768	2950	2953	3
1769	2953	2956	3
1770	2956	2959	3
1771	2959	2962	3
1772	2962	2965	3
1773	2965	2968	3
1774	2968	2971	3
1775	2971	2974	3
1776	2974	2977	3
1777	2977	2980	3
1778	2980	2983	3
1779	2983	2986	3
1780	2986	2989	3
1781	2989	2992	3
1782	2992	2995	3
1783	2995	2998	3
1784	2998	3001	3
1785	3001	3004	3
1786	3004	3007	3
1787	3007	3010	3
1788	3010	3013	3
1789	3013	3016	3
1790	3016	3019	3
1791	3019	3022	3
1792	3022	3025	3
1793	3025	3028	3
1794	3028	3031	3
1795	3031	3034	3
1796	3034	3037	3
1797	3037	3040	3
1798	3040	3043	3
1799	3043	3046	3
1800	3046	3049	3
1801	3049	3052	3
1802	3052	3055	3
1803	3055	3058	3
1804	3058	3061	3
1805	3061	3064	3
1806	3064	3067	3
1807	3067	3070	3
1808	3070	3073	3
1809	3073	3076	3
1810	3076	3079	3
1811	3079	3082	3
1812	3082	3085	3
1813	3085	3088	3
1814	3088	3091	3
1815	3091	3094	3
1816	3094	3097	3
1817	3097	3101	4
1818	3101	3105	4
1819	3105	3109	4
1820	3109	3113	4
1821	3113	3117	4
1822	3117	3121	4
1823	3121	3125	4
1824	3125	3129	4
1825	3129	3133	4
1826	3133	3137	4
1827	3137	3141	4
1828	3141	3145	4
1829	3145	3149	4
1830	3149	3153	4
1831	3153	3157	4
1832	3157	3161	4
1833	3161	3165	4
1834	3165	3169	4
1835	3169	3173	4
1836	3173	3177	4
1837	3177	3181	4
1838	3181	3185	4
1839	3185	3189	4
1840	3189	3193	4
1841	3193	3197	4
1842	3197	3201	4
1843	3201	3205	4
1844	3205	3209	4
1845	3209	3213	4
1846	3213	3217	4
1847	3217	3221	4
1848	3221	3225	4
1849	3225	3229	4
1850	3229	3233	4
1851	3233	3237	4
1852	3237	3241	4
1853	3241	3245	4
1854	3245	3249	4
1855	3249	3253	4
1856	3253	3257	4
1857	3257	3261	4
1858	3261	3265	4
1859	3265	3269	4
1860	3269	3273	4
1861	3273	3277	4
1862	3277	3281	4
1863	3281	3285	4
1864	3285	3289	4
1865	3289	3293	4
1866	3293	3297	4
1867	3297	3301	4
1868	3301	3305	4
1869	3305	3309	4
1870	3309	3313	4
1871	3313	3317	4
1872	3317	3321	4
1873	3321	3325	4
1874	3325	3329	4
1875	3329	3333	4
1876	3333	3337	4
1877	3337	3341	4
1878	3341	3345	4
1879	3345	3349	4
1880	3349	3353	4
1881	3353	3357	4
1882	3357	3361	4
1883	3361	3365	4
1884	3365	3369	4
1885	3369	3373	4
1886	3373	3377	4
1887	3377	3381	4
1888	3381	3385	4
1889	3385	3389	4
1890	3389	3393	4
1891	3393	3397	4
1892	3397	3401	4
1893	3401	3405	4
1894	3405	3409	4
1895	3409	3413	4
1896	3413	3417	4
1897	3417	3421	4
1898	3421	3425	4
1899	3425	3429	4
1900	3429	3433	4
1901	3433	3437	4
1902	3437	3441	4
1903	3441	3445	4
1904	3445	3449	4
1905	3449	3453	4
1906	3453	3457	4
1907	3457	3461	4
1908	3461	3465	4
1909	3465	3469	4
1910	3469	3473	4
1911	3473	3477	4
1912	3477	3481	4
1913	3481	3485	4
1914	3485	3489	4
1915	3489	3493	4
1916	3493	3497	4
1917	3497	3501	4
1918	3501	3505	4
1919	3505	3509	4
1920	3509	3513	4
1921	3513	3517	4
1922	3517	3521	4
1923	3521	3525	4
1924	3525	3529	4
1925	3529	3533	4
1926	3533	3537	4
1927	3537	3541	4
1928	3541	3545	4
1929	3545	3549	4
1930	3549	3553	4
1931	3553	3557	4
1932	3557	3561	4
1933	3561	3565	4
1934	3565	3569	4
1935	3569	3573	4
1936	3573	3577	4
1937	3577	3581	4
1938	3581	3585	4
1939	3585	3589	4
1940	3589	3593	4
1941	3593	3597	4
1942	3597	3601	4
1943	3601	3605	4
1944	3605	3609	4
1945	3609	3613	4
1946	3613	3617	4
1947	3617	3621	4
1948	3621	3625	4
1949	3625	3629	4
1950	3629	3633	4
1951	3633	3637	4
1952	3637	3641	4
1953	3641	3645	4
1954	3645	3649	4
1955	3649	3653	4
1956	3653	3657	4
1957	3657	3661	4
1958	3661	3665	4
1959	3665	3669	4
1960	3669	3673	4
1961	3673	3677	4
1962	3677	3681	4
1963	3681	3686	5
1964	3686	3691	5
1965	3691	3696	5
1966	3696	3701	5
1967	3701	3706	5
1968	3706	3711	5
1969	3711	3716	5
1970	3716	3721	5
1971	3721	3726	5
1972	3726	3731	5
1973	3731	3736	5
1974	3736	3741	5
1975	3741	3746	5
1976	3746	3751	5
1977	3751	3756	5
1978	3756	3761	5
1979	3761	3766	5
1980	3766	3771	5
1981	3771	3776	5
1982	3776	3781	5
1983	3781	3786	5
1984	3786	3791	5
1985	3791	3796	5
1986	3796	3801	5
1987	3801	3806	5
1988	3806	3811	5
1989	3811	3816	5
1990	3816	3821	5
1991	3821	3826	5
1992	3826	3831	5
1993	3831	3836	5
1994	3836	3841	5
1995	3841	3846	5
1996	3846	3851	5
1997	3851	3856	5
1998	3856	3861	5
1999	3861	3866	5
2000	3866	3871	5
2001	3871	3876	5
2002	3876	3881	5
2003	3881	3886	5
2004	3886	3891	5
2005	3891	3896	5
2006	3896	3901	5
2007	3901	3906	5
2008	3906	3911	5
2009	3911	3916	5
2010	3916	3921	5
2011	3921	3926	5
2012	3926	3931	5
2013	3931	3936	5
2014	3936	3941	5
2015	3941	3946	5
2016	3946	3951	5
2017	3951	3956	5
2018	3956	3961	5
2019	3961	3966	5
2020	3966	3971	5
2021	3971	3976	5
2022	3976	3981	5
2023	3981	3986	5
2024	3986	3991	5
2025	3991	3996	5
2026	3996	4001	5
2027	4001	4006	5
2028	4006	4011	5
2029	4011	4016	5
2030	4016	4021	5
2031	4021	4026	5
2032	4026	4031	5
2033	4031	4036	5
2034	4036	4041	5
2035	4041	4046	5
2036	4046	4051	5
2037	4051	4056	5
2038	4056	4061	5
2039	4061	4066	5
2040	4066	4071	5
2041	4071	4076	5
2042	4076	4081	5
2043	4081	4086	5
2044	4086	4091	5
2045	4091	4096	5
2046	4096	4101	5
2047	4101	4106	5
2048	4106	4111	5
2049	4111	4116	5
2050	4116	4121	5
2051	4121	4126	5
2052	4126	4131	5
2053	4131	4136	5
2054	4136	4141	5
2055	4141	4146	5
2056	4146	4151	5
2057	4151	4156	5
2058	4156	4162	6
2059	4162	4168	6
2060	4168	4174	6
2061	4174	4180	6
2062	4180	4186	6
2063	4186	4192	6
2064	4192	4198	6
2065	4198	4204	6
2066	4204	4210	6
2067	4210	4216	6
2068	4216	4222	6
2069	4222	4228	6
2070	4228	4234	6
2071	4234	4240	6
2072	4240	4246	6
2073	4246	4252	6
2074	4252	4258	6
2075	4258	4264	6
2076	4264	4270	6
2077	4270	4276	6
2078	4276	4282	6
2079	4282	4288	6
2080	4288	4294	6
2081	4294	4300	6
2082	4300	4306	6
2083	4306	4312	6
2084	4312	4318	6
2085	4318	4324	6
2086	4324	4330	6
2087	4330	4336	6
2088	4336	4342	6
2089	4342	4348	6
2090	4348	4354	6
2091	4354	4360	6
2092	4360	4366	6
2093	4366	4372	6
2094	4372	4378	6
2095	4378	4384	6
2096	4384	4390	6
2097	4390	4396	6
2098	4396	4402	6
2099	4402	4408	6
2100	4408	4414	6
2101	4414	4420	6
2102	4420	4426	6
2103	4426	4432	6
2104	4432	4438	6
2105	4438	4444	6
2106	4444	4450	6
2107	4450	4456	6
2108	4456	4462	6
2109	4462	4468	6
2110	4468	4474	6
2111	4474	4480	6
2112	4480	4486	6
2113	4486	4492	6
2114	4492	4498	6
2115	4498	4504	6
2116	4504	4510	6
2117	4510	4516	6
2118	4516	4522	6
2119	4522	4528	6
2120	4528	4534	6
2121	4534	4540	6
2122	4540	4546	6
2123	4546	4552	6
2124	4552	4558	6
2125	4558	4564	6
2126	4564	4570	6
2127	4570	4576	6
2128	4576	4582	6
2129	4582	4588	6
2130	4588	4594	6
2131	4594	4600	6
2132	4600	4606	6
2133	4606	4612	6
2134	4612	4618	6
2135	4618	4624	6
2136	4624	4630	6
2137	4630	4636	6
2138	4636	4642	6
2139	4642	4648	6
2140	4648	4654	6
2141	4654	4660	6
2142	4660	4666	6
2143	4666	4672	6
2144	4672	4678	6
2145	4678	4684	6
2146	4684	4690	6
2147	4690	4696	6
2148	4696	4702	6
2149	4702	4708	6
2150	4708	4714	6
2151	4714	4721	7
2152	4721	4728	7
2153	4728	4735	7
2154	4735	4742	7
2155	4742	4749	7
2156	4749	4756	7
2157	4756	4763	7
2158	4763	4770	7
2159	4770	4777	7
2160	4777	4784	7
2161	4784	4791	7
2162	4791	4798	7
2163	4798	4805	7
2164	4805	4812	7
2165	4812	4819	7
2166	4819	4826	7
2167	4826	4833	7
2168	4833	4840	7
2169	4840	4847	7
2170	4847	4854	7
2171	4854	4861	7
2172	4861	4868	7
2173	4868	4875	7
2174	4875	4882	7
2175	4882	4889	7
2176	4889	4896	7
2177	4896	4903	7
2178	4903	4910	7
2179	4910	4917	7
2180	4917	4924	7
2181	4924	4931	7
2182	4931	4938	7
2183	4938	4945	7
2184	4945	4952	7
2185	4952	4959	7
2186	4959	4966	7
2187	4966	4973	7
2188	4973	4980	7
2189	4980	4987	7
2190	4987	4994	7
2191	4994	5001	7
2192	5001	5008	7
2193	5008	5015	7
2194	5015	5022	7
2195	5022	5029	7
2196	5029	5036	7
2197	5036	5043	7
2198	5043	5050	7
2199	5050	5057	7
2200	5057	5064	7
2201	5064	5071	7
2202	5071	5078	7
2203	5078	5085	7
2204	5085	5092	7
2205	5092	5099	7
2206	5099	5106	7
2207	5106	5113	7
2208	5113	5120	7
2209	5120	5127	7
2210	5127	5134	7
2211	5134	5141	7
2212	5141	5148	7
2213	5148	5155	7
2214	5155	5162	7
2215	5162	5169	7
2216	5169	5176	7
2217	5176	5183	7
2218	5183	5190	7
2219	5190	5197	7
2220	5197	5205	8
2221	5205	5213	8
2222	5213	5221	8
2223	5221	5229	8
2224	5229	5237	8
2225	5237	5245	8
2226	5245	5253	8
2227	5253	5261	8
2228	5261	5269	8
2229	5269	5277	8
2230	5277	5285	8
2231	5285	5293	8
2232	5293	5301	8
2233	5301	5309	8
2234	5309	5317	8
2235	5317	5325	8
2236	5325	5333	8
2237	5333	5341	8
2238	5341	5349	8
2239	5349	5357	8
2240	5357	5365	8
2241	5365	5373	8
2242	5373	5381	8
2243	5381	5389	8
2244	5389	5397	8
2245	5397	5405	8
2246	5405	5413	8
2247	5413	5421	8
2248	5421	5429	8
2249	5429	5437	8
2250	5437	5445	8
2251	5445	5453	8
2252	5453	5461	8
2253	5461	5469	8
2254	5469	5477	8
2255	5477	5485	8
2256	5485	5493	8
2257	5493	5501	8
2258	5501	5509	8
2259	5509	5517	8
2260	5517	5525	8
2261	5525	5533	8
2262	5533	5541	8
2263	5541	5549	8
2264	5549	5557	8
2265	5557	5565	8
2266	5565	5573	8
2267	5573	5581	8
2268	5581	5589	8
2269	5589	5597	8
2270	5597	5605	8
2271	5605	5613	8
2272	5613	5621	8
2273	5621	5629	8
2274	5629	5637	8
2275	5637	5645	8
2276	5645	5653	8
2277	5653	5661	8
2278	5661	5669	8
2279	5669	5677	8
2280	5677	5685	8
2281	5685	5693	8
2282	5693	5701	8
2283	5701	5710	9
2284	5710	5719	9
2285	5719	5728	9
2286	5728	5737	9
2287	5737	5746	9
2288	5746	5755	9
2289	5755	5764	9
2290	5764	5773	9
2291	5773	5782	9
2292	5782	5791	9
2293	5791	5800	9
2294	5800	5809	9
2295	5809	5818	9
2296	5818	5827	9
2297	5827	5836	9
2298	5836	5845	9
2299	5845	5854	9
2300	5854	5863	9
2301	5863	5872	9
2302	5872	5881	9
2303	5881	5890	9
2304	5890	5899	9
2305	5899	5908	9
2306	5908	5917	9
2307	5917	5926	9
2308	5926	5935	9
2309	5935	5944	9
2310	5944	5953	9
2311	5953	5962	9
2312	5962	5971	9
2313	5971	5980	9
2314	5980	5989	9
2315	5989	5998	9
2316	5998	6007	9
2317	6007	6016	9
2318	6016	6025	9
2319	6025	6034	9
2320	6034	6043	9
2321	6043	6052	9
2322	6052	6061	9
2323	6061	6070	9
2324	6070	6079	9
2325	6079	6088	9
2326	6088	6097	9
2327	6097	6106	9
2328	6106	6116	10
2329	6116	6126	10
2330	6126	6136	10
2331	6136	6146	10
2332	6146	6156	10
2333	6156	6166	10
2334	6166	6176	10
2335	6176	6186	10
2336	6186	6196	10
2337	6196	6206	10
2338	6206	6216	10
2339	6216	6226	10
2340	6226	6236	10
2341	6236	6246	10
2342	6246	6256	10
2343	6256	6266	10
2344	6266	6276	10
2345	6276	6286	10
2346	6286	6296	10
2347	6296	6306	10
2348	6306	6316	10
2349	6316	6326	10
2350	6326	6336	10
2351	6336	6346	10
2352	6346	6356	10
2353	6356	6366	10
2354	6366	6376	10
2355	6376	6386	10
2356	6386	6396	10
2357	6396	6406	10
2358	6406	6416	10
2359	6416	6426	10
2360	6426	6436	10
2361	6436	6446	10
2362	6446	6456	10
2363	6456	6466	10
2364	6466	6476	10
2365	6476	6486	10
2366	6486	6496	10
2367	6496	6506	10
2368	6506	6517	11
2369	6517	6528	11
2370	6528	6539	11
2371	6539	6550	11
2372	6550	6561	11
2373	6561	6572	11
2374	6572	6583	11
2375	6583	6594	11
2376	6594	6605	11
2377	6605	6616	11
2378	6616	6627	11
2379	6627	6638	11
2380	6638	6649	11
2381	6649	6660	11
2382	6660	6671	11
2383	6671	6682	11
2384	6682	6693	11
2385	6693	6704	11
2386	6704	6715	11
2387	6715	6726	11
2388	6726	6737	11
2389	6737	6748	11
2390	6748	6759	11
2391	6759	6770	11
2392	6770	6781	11
2393	6781	6792	11
2394	6792	6803	11
2395	6803	6814	11
2396	6814	6825	11
2397	6825	6836	11
2398	6836	6847	11
2399	6847	6858	11
2400	6858	6869	11
2401	6869	6880	11
2402	6880	6891	11
2403	6891	6902	11
2404	6902	6913	11
2405	6913	6924	11
2406	6924	6935	11
2407	6935	6946	11
2408	6946	6958	12
2409	6958	6970	12
2410	6970	6982	12
2411	6982	6994	12
2412	6994	7006	12
2413	7006	7018	12
2414	7018	7030	12
2415	7030	7042	12
2416	7042	7054	12
2417	7054	7066	12
2418	7066	7078	12
2419	7078	7090	12
2420	7090	7102	12
2421	7102	7114	12
2422	7114	7126	12
2423	7126	7138	12
2424	7138	7150	12
2425	7150	7162	12
2426	7162	7174	12
2427	7174	7186	12
2428	7186	7198	12
2429	7198	7210	12
2430	7210	7222	12
2431	7222	7234	12
2432	7234	7246	12
2433	7246	7258	12
2434	7258	7270	12
2435	7270	7282	12
2436	7282	7294	12
2437	7294	7306	12
2438	7306	7318	12
2439	7318	7331	13
2440	7331	7344	13
2441	7344	7357	13
2442	7357	7370	13
2443	7370	7383	13
2444	7383	7396	13
2445	7396	7409	13
2446	7409	7422	13
2447	7422	7435	13
2448	7435	7448	13
2449	7448	7461	13
2450	7461	7474	13
2451	7474	7487	13
2452	7487	7500	13
2453	7500	7513	13
2454	7513	7526	13
2455	7526	7539	13
2456	7539	7552	13
2457	7552	7565	13
2458	7565	7578	13
2459	7578	7591	13
2460	7591	7604	13
2461	7604	7617	13
2462	7617	7630	13
2463	7630	7643	13
2464	7643	7657	14
2465	7657	7671	14
2466	7671	7685	14
2467	7685	7699	14
2468	7699	7713	14
2469	7713	7727	14
2470	7727	7741	14
2471	7741	7755	14
2472	7755	7769	14
2473	7769	7783	14
2474	7783	7797	14
2475	7797	7811	14
2476	7811	7825	14
2477	7825	7839	14
2478	7839	7853	14
2479	7853	7867	14
2480	7867	7881	14
2481	7881	7895	14
2482	7895	7909	14
2483	7909	7923	14
2484	7923	7937	14
2485	7937	7952	15
2486	7952	7967	15
2487	7967	7982	15
2488	7982	7997	15
2489	7997	8012	15
2490	8012	8027	15
2491	8027	8042	15
2492	8042	8057	15
2493	8057	8072	15
2494	8072	8087	15
2495	8087	8102	15
2496	8102	8117	15
2497	8117	8132	15
2498	8132	8147	15
2499	8147	8162	15
2500	8162	8177	15
2501	8177	8192	15
2502	8192	8207	15
2503	8207	8222	15
2504	8222	8237	15
2505	8237	8252	15
2506	8252	8267	15
2507	8267	8282	15
2508	8282	8297	15
2509	8297	8312	15
2510	8312	8327	15
2511	8327	8343	16
2512	8343	8359	16
2513	8359	8375	16
2514	8375	8391	16
2515	8391	8407	16
2516	8407	8423	16
2517	8423	8439	16
2518	8439	8455	16
2519	8455	8471	16
2520	8471	8487	16
2521	8487	8503	16
2522	8503	8519	16
2523	8519	8535	16
2524	8535	8551	16
2525	8551	8567	16
2526	8567	8583	16
2527	8583	8599	16
2528	8599	8615	16
2529	8615	8631	16
2530	8631	8647	16
2531	8647	8663	16
2532	8663	8679	16
2533	8679	8696	17
2534	8696	8713	17
2535	8713	8730	17
2536	8730	8747	17
2537	8747	8764	17
2538	8764	8781	17
2539	8781	8798	17
2540	8798	8815	17
2541	8815	8832	17
2542	8832	8849	17
2543	8849	8866	17
2544	8866	8883	17
2545	8883	8900	17
2546	8900	8917	17
2547	8917	8934	17
2548	8934	8951	17
2549	8951	8968	17
2550	8968	8985	17
2551	8985	9002	17
2552	9002	9020	18
2553	9020	9038	18
2554	9038	9056	18
2555	9056	9074	18
2556	9074	9092	18
2557	9092	9110	18
2558	9110	9128	18
2559	9128	9146	18
2560	9146	9164	18
2561	9164	9182	18
2562	9182	9200	18
2563	9200	9218	18
2564	9218	9236	18
2565	9236	9254	18
2566	9254	9272	18
2567	9272	9290	18
2568	9290	9309	19
2569	9309	9328	19
2570	9328	9347	19
2571	9347	9366	19
2572	9366	9385	19
2573	9385	9404	19
2574	9404	9423	19
2575	9423	9442	19
2576	9442	9461	19
2577	9461	9480	19
2578	9480	9499	19
2579	9499	9518	19
2580	9518	9537	19
2581	9537	9556	19
2582	9556	9576	20
2583	9576	9596	20
2584	9596	9616	20
2585	9616	9636	20
2586	9636	9656	20
2587	9656	9676	20
2588	9676	9696	20
2589	9696	9716	20
2590	9716	9736	20
2591	9736	9756	20
2592	9756	9776	20
2593	9776	9796	20
2594	9796	9817	21
2595	9817	9838	21
2596	9838	9859	21
2597	9859	9880	21
2598	9880	9901	21
2599	9901	9922	21
2600	9922	9943	21
2601	9943	9964	21
2602	9964	9985	21
2603	9985	10006	21
2604	10006	10027	21
2605	10027	10048	21
2606	10048	10070	22
2607	10070	10092	22
2608	10092	10114	22
2609	10114	10136	22
2610	10136	10158	22
2611	10158	10180	22
2612	10180	10202	22
