#
#N Pointing	tstart	tend	Obs time
#		s
1	210	211	1
2	211	212	1
3	212	213	1
4	213	214	1
5	214	215	1
6	215	216	1
7	216	217	1
8	217	218	1
9	218	219	1
10	219	220	1
11	220	221	1
12	221	222	1
13	222	223	1
14	223	224	1
15	224	225	1
16	225	226	1
17	226	227	1
18	227	228	1
19	228	229	1
20	229	230	1
21	230	231	1
22	231	232	1
23	232	233	1
24	233	234	1
25	234	235	1
26	235	236	1
27	236	237	1
28	237	238	1
29	238	239	1
30	239	240	1
31	240	241	1
32	241	242	1
33	242	243	1
34	243	244	1
35	244	245	1
36	245	246	1
37	246	247	1
38	247	248	1
39	248	249	1
40	249	250	1
41	250	251	1
42	251	252	1
43	252	253	1
44	253	254	1
45	254	255	1
46	255	256	1
47	256	257	1
48	257	258	1
49	258	259	1
50	259	260	1
51	260	261	1
52	261	262	1
53	262	263	1
54	263	264	1
55	264	265	1
56	265	266	1
57	266	267	1
58	267	268	1
59	268	269	1
60	269	270	1
61	270	271	1
62	271	272	1
63	272	273	1
64	273	274	1
65	274	275	1
66	275	276	1
67	276	277	1
68	277	278	1
69	278	279	1
70	279	280	1
71	280	281	1
72	281	282	1
73	282	283	1
74	283	284	1
75	284	285	1
76	285	286	1
77	286	287	1
78	287	288	1
79	288	289	1
80	289	290	1
81	290	291	1
82	291	292	1
83	292	293	1
84	293	294	1
85	294	295	1
86	295	296	1
87	296	297	1
88	297	298	1
89	298	299	1
90	299	300	1
91	300	301	1
92	301	302	1
93	302	303	1
94	303	304	1
95	304	305	1
96	305	306	1
97	306	307	1
98	307	308	1
99	308	309	1
100	309	310	1
101	310	311	1
102	311	312	1
103	312	313	1
104	313	314	1
105	314	315	1
106	315	316	1
107	316	317	1
108	317	318	1
109	318	319	1
110	319	320	1
111	320	321	1
112	321	322	1
113	322	323	1
114	323	324	1
115	324	325	1
116	325	326	1
117	326	327	1
118	327	328	1
119	328	329	1
120	329	330	1
121	330	331	1
122	331	332	1
123	332	333	1
124	333	334	1
125	334	335	1
126	335	336	1
127	336	337	1
128	337	338	1
129	338	339	1
130	339	340	1
131	340	341	1
132	341	342	1
133	342	343	1
134	343	344	1
135	344	345	1
136	345	346	1
137	346	347	1
138	347	348	1
139	348	349	1
140	349	350	1
141	350	351	1
142	351	352	1
143	352	353	1
144	353	354	1
145	354	355	1
146	355	356	1
147	356	357	1
148	357	358	1
149	358	359	1
150	359	360	1
151	360	361	1
152	361	362	1
153	362	363	1
154	363	364	1
155	364	365	1
156	365	366	1
157	366	367	1
158	367	368	1
159	368	369	1
160	369	370	1
161	370	371	1
162	371	372	1
163	372	373	1
164	373	374	1
165	374	375	1
166	375	376	1
167	376	377	1
168	377	378	1
169	378	379	1
170	379	380	1
171	380	381	1
172	381	382	1
173	382	383	1
174	383	384	1
175	384	385	1
176	385	386	1
177	386	387	1
178	387	388	1
179	388	389	1
180	389	390	1
181	390	391	1
182	391	392	1
183	392	393	1
184	393	394	1
185	394	395	1
186	395	396	1
187	396	397	1
188	397	398	1
189	398	399	1
190	399	400	1
191	400	401	1
192	401	402	1
193	402	403	1
194	403	404	1
195	404	405	1
196	405	406	1
197	406	407	1
198	407	408	1
199	408	409	1
200	409	410	1
201	410	411	1
202	411	412	1
203	412	413	1
204	413	414	1
205	414	415	1
206	415	416	1
207	416	417	1
208	417	418	1
209	418	419	1
210	419	420	1
211	420	421	1
212	421	422	1
213	422	423	1
214	423	424	1
215	424	425	1
216	425	426	1
217	426	427	1
218	427	428	1
219	428	429	1
220	429	430	1
221	430	431	1
222	431	432	1
223	432	433	1
224	433	434	1
225	434	435	1
226	435	436	1
227	436	437	1
228	437	438	1
229	438	439	1
230	439	440	1
231	440	441	1
232	441	442	1
233	442	443	1
234	443	444	1
235	444	445	1
236	445	446	1
237	446	447	1
238	447	448	1
239	448	449	1
240	449	450	1
241	450	451	1
242	451	452	1
243	452	453	1
244	453	454	1
245	454	455	1
246	455	456	1
247	456	457	1
248	457	458	1
249	458	459	1
250	459	460	1
251	460	461	1
252	461	462	1
253	462	463	1
254	463	464	1
255	464	465	1
256	465	466	1
257	466	467	1
258	467	468	1
259	468	469	1
260	469	470	1
261	470	471	1
262	471	472	1
263	472	473	1
264	473	474	1
265	474	475	1
266	475	476	1
267	476	477	1
268	477	478	1
269	478	479	1
270	479	480	1
271	480	481	1
272	481	482	1
273	482	483	1
274	483	484	1
275	484	485	1
276	485	486	1
277	486	487	1
278	487	488	1
279	488	489	1
280	489	490	1
281	490	491	1
282	491	492	1
283	492	493	1
284	493	494	1
285	494	495	1
286	495	496	1
287	496	497	1
288	497	498	1
289	498	499	1
290	499	500	1
291	500	501	1
292	501	502	1
293	502	503	1
294	503	504	1
295	504	505	1
296	505	506	1
297	506	507	1
298	507	508	1
299	508	509	1
300	509	510	1
301	510	511	1
302	511	512	1
303	512	513	1
304	513	514	1
305	514	515	1
306	515	516	1
307	516	517	1
308	517	518	1
309	518	519	1
310	519	520	1
311	520	521	1
312	521	522	1
313	522	523	1
314	523	524	1
315	524	525	1
316	525	526	1
317	526	527	1
318	527	528	1
319	528	529	1
320	529	530	1
321	530	531	1
322	531	532	1
323	532	533	1
324	533	534	1
325	534	535	1
326	535	536	1
327	536	537	1
328	537	538	1
329	538	539	1
330	539	540	1
331	540	541	1
332	541	542	1
333	542	543	1
334	543	544	1
335	544	545	1
336	545	546	1
337	546	547	1
338	547	548	1
339	548	549	1
340	549	550	1
341	550	551	1
342	551	552	1
343	552	553	1
344	553	554	1
345	554	555	1
346	555	556	1
347	556	557	1
348	557	558	1
349	558	559	1
350	559	560	1
351	560	561	1
352	561	562	1
353	562	563	1
354	563	564	1
355	564	565	1
356	565	566	1
357	566	567	1
358	567	568	1
359	568	569	1
360	569	570	1
361	570	571	1
362	571	572	1
363	572	573	1
364	573	574	1
365	574	575	1
366	575	576	1
367	576	577	1
368	577	578	1
369	578	579	1
370	579	580	1
371	580	581	1
372	581	582	1
373	582	583	1
374	583	584	1
375	584	585	1
376	585	586	1
377	586	587	1
378	587	588	1
379	588	589	1
380	589	590	1
381	590	591	1
382	591	592	1
383	592	593	1
384	593	594	1
385	594	595	1
386	595	596	1
387	596	597	1
388	597	598	1
389	598	599	1
390	599	600	1
391	600	601	1
392	601	602	1
393	602	603	1
394	603	604	1
395	604	605	1
396	605	606	1
397	606	607	1
398	607	608	1
399	608	609	1
400	609	610	1
401	610	611	1
402	611	612	1
403	612	613	1
404	613	614	1
405	614	615	1
406	615	616	1
407	616	617	1
408	617	618	1
409	618	619	1
410	619	620	1
411	620	621	1
412	621	622	1
413	622	623	1
414	623	624	1
415	624	625	1
416	625	626	1
417	626	627	1
418	627	628	1
419	628	629	1
420	629	630	1
421	630	631	1
422	631	632	1
423	632	633	1
424	633	634	1
425	634	635	1
426	635	636	1
427	636	637	1
428	637	638	1
429	638	639	1
430	639	640	1
431	640	641	1
432	641	642	1
433	642	643	1
434	643	644	1
435	644	645	1
436	645	646	1
437	646	647	1
438	647	648	1
439	648	649	1
440	649	650	1
441	650	651	1
442	651	652	1
443	652	653	1
444	653	654	1
445	654	655	1
446	655	656	1
447	656	657	1
448	657	658	1
449	658	659	1
450	659	660	1
451	660	661	1
452	661	662	1
453	662	663	1
454	663	664	1
455	664	665	1
456	665	666	1
457	666	667	1
458	667	668	1
459	668	669	1
460	669	670	1
461	670	671	1
462	671	672	1
463	672	673	1
464	673	674	1
465	674	675	1
466	675	676	1
467	676	677	1
468	677	678	1
469	678	679	1
470	679	680	1
471	680	681	1
472	681	682	1
473	682	683	1
474	683	684	1
475	684	685	1
476	685	686	1
477	686	687	1
478	687	688	1
479	688	689	1
480	689	690	1
481	690	691	1
482	691	692	1
483	692	693	1
484	693	694	1
485	694	695	1
486	695	696	1
487	696	697	1
488	697	698	1
489	698	699	1
490	699	700	1
491	700	701	1
492	701	702	1
493	702	703	1
494	703	704	1
495	704	705	1
496	705	706	1
497	706	707	1
498	707	708	1
499	708	709	1
500	709	710	1
501	710	711	1
502	711	712	1
503	712	713	1
504	713	714	1
505	714	715	1
506	715	716	1
507	716	717	1
508	717	718	1
509	718	719	1
510	719	720	1
511	720	721	1
512	721	722	1
513	722	723	1
514	723	724	1
515	724	725	1
516	725	726	1
517	726	727	1
518	727	728	1
519	728	729	1
520	729	730	1
521	730	731	1
522	731	732	1
523	732	733	1
524	733	734	1
525	734	735	1
526	735	736	1
527	736	737	1
528	737	738	1
529	738	739	1
530	739	740	1
531	740	741	1
532	741	742	1
533	742	743	1
534	743	744	1
535	744	745	1
536	745	746	1
537	746	747	1
538	747	748	1
539	748	749	1
540	749	750	1
541	750	751	1
542	751	752	1
543	752	753	1
544	753	754	1
545	754	755	1
546	755	756	1
547	756	757	1
548	757	758	1
549	758	759	1
550	759	760	1
551	760	761	1
552	761	762	1
553	762	763	1
554	763	764	1
555	764	765	1
556	765	766	1
557	766	767	1
558	767	768	1
559	768	769	1
560	769	770	1
561	770	771	1
562	771	772	1
563	772	773	1
564	773	774	1
565	774	775	1
566	775	776	1
567	776	777	1
568	777	778	1
569	778	779	1
570	779	780	1
571	780	781	1
572	781	782	1
573	782	783	1
574	783	784	1
575	784	785	1
576	785	786	1
577	786	787	1
578	787	788	1
579	788	789	1
580	789	790	1
581	790	791	1
582	791	792	1
583	792	793	1
584	793	794	1
585	794	795	1
586	795	796	1
587	796	797	1
588	797	798	1
589	798	799	1
590	799	800	1
591	800	801	1
592	801	802	1
593	802	803	1
594	803	804	1
595	804	805	1
596	805	806	1
597	806	807	1
598	807	808	1
599	808	809	1
600	809	810	1
601	810	811	1
602	811	812	1
603	812	813	1
604	813	814	1
605	814	815	1
606	815	816	1
607	816	817	1
608	817	818	1
609	818	819	1
610	819	820	1
611	820	821	1
612	821	822	1
613	822	823	1
614	823	824	1
615	824	825	1
616	825	826	1
617	826	827	1
618	827	828	1
619	828	829	1
620	829	830	1
621	830	831	1
622	831	832	1
623	832	833	1
624	833	834	1
625	834	835	1
626	835	836	1
627	836	837	1
628	837	838	1
629	838	839	1
630	839	840	1
631	840	841	1
632	841	842	1
633	842	843	1
634	843	844	1
635	844	845	1
636	845	846	1
637	846	847	1
638	847	848	1
639	848	849	1
640	849	850	1
641	850	851	1
642	851	852	1
643	852	853	1
644	853	854	1
645	854	855	1
646	855	856	1
647	856	857	1
648	857	858	1
649	858	859	1
650	859	860	1
651	860	861	1
652	861	862	1
653	862	863	1
654	863	864	1
655	864	865	1
656	865	866	1
657	866	867	1
658	867	868	1
659	868	869	1
660	869	870	1
661	870	871	1
662	871	872	1
663	872	873	1
664	873	874	1
665	874	875	1
666	875	876	1
667	876	877	1
668	877	878	1
669	878	879	1
670	879	880	1
671	880	881	1
672	881	882	1
673	882	883	1
674	883	884	1
675	884	885	1
676	885	886	1
677	886	887	1
678	887	888	1
679	888	889	1
680	889	890	1
681	890	891	1
682	891	892	1
683	892	893	1
684	893	894	1
685	894	895	1
686	895	896	1
687	896	897	1
688	897	898	1
689	898	899	1
690	899	900	1
691	900	901	1
692	901	902	1
693	902	903	1
694	903	904	1
695	904	905	1
696	905	906	1
697	906	907	1
698	907	908	1
699	908	909	1
700	909	910	1
701	910	911	1
702	911	912	1
703	912	913	1
704	913	914	1
705	914	915	1
706	915	916	1
707	916	917	1
708	917	918	1
709	918	919	1
710	919	920	1
711	920	921	1
712	921	922	1
713	922	923	1
714	923	924	1
715	924	925	1
716	925	926	1
717	926	927	1
718	927	928	1
719	928	929	1
720	929	930	1
721	930	931	1
722	931	932	1
723	932	933	1
724	933	934	1
725	934	935	1
726	935	936	1
727	936	937	1
728	937	938	1
729	938	939	1
730	939	940	1
731	940	941	1
732	941	942	1
733	942	943	1
734	943	944	1
735	944	945	1
736	945	946	1
737	946	947	1
738	947	948	1
739	948	949	1
740	949	950	1
741	950	951	1
742	951	952	1
743	952	953	1
744	953	954	1
745	954	955	1
746	955	956	1
747	956	957	1
748	957	958	1
749	958	959	1
750	959	960	1
751	960	961	1
752	961	962	1
753	962	963	1
754	963	964	1
755	964	965	1
756	965	966	1
757	966	967	1
758	967	968	1
759	968	969	1
760	969	970	1
761	970	971	1
762	971	972	1
763	972	973	1
764	973	974	1
765	974	975	1
766	975	976	1
767	976	977	1
768	977	978	1
769	978	979	1
770	979	980	1
771	980	981	1
772	981	982	1
773	982	983	1
774	983	984	1
775	984	985	1
776	985	986	1
777	986	987	1
778	987	988	1
779	988	989	1
780	989	990	1
781	990	991	1
782	991	992	1
783	992	993	1
784	993	994	1
785	994	995	1
786	995	996	1
787	996	997	1
788	997	998	1
789	998	999	1
790	999	1000	1
791	1000	1001	1
792	1001	1002	1
793	1002	1003	1
794	1003	1004	1
795	1004	1005	1
796	1005	1006	1
797	1006	1007	1
798	1007	1008	1
799	1008	1009	1
800	1009	1010	1
801	1010	1011	1
802	1011	1012	1
803	1012	1013	1
804	1013	1014	1
805	1014	1015	1
806	1015	1016	1
807	1016	1017	1
808	1017	1018	1
809	1018	1019	1
810	1019	1020	1
811	1020	1021	1
812	1021	1022	1
813	1022	1023	1
814	1023	1024	1
815	1024	1025	1
816	1025	1026	1
817	1026	1027	1
818	1027	1028	1
819	1028	1029	1
820	1029	1030	1
821	1030	1031	1
822	1031	1032	1
823	1032	1033	1
824	1033	1034	1
825	1034	1035	1
826	1035	1036	1
827	1036	1037	1
828	1037	1038	1
829	1038	1039	1
830	1039	1040	1
831	1040	1041	1
832	1041	1042	1
833	1042	1043	1
834	1043	1044	1
835	1044	1045	1
836	1045	1046	1
837	1046	1047	1
838	1047	1048	1
839	1048	1049	1
840	1049	1050	1
841	1050	1051	1
842	1051	1052	1
843	1052	1053	1
844	1053	1054	1
845	1054	1055	1
846	1055	1056	1
847	1056	1057	1
848	1057	1058	1
849	1058	1059	1
850	1059	1060	1
851	1060	1061	1
852	1061	1062	1
853	1062	1063	1
854	1063	1064	1
855	1064	1065	1
856	1065	1066	1
857	1066	1067	1
858	1067	1068	1
859	1068	1069	1
860	1069	1070	1
861	1070	1071	1
862	1071	1072	1
863	1072	1073	1
864	1073	1074	1
865	1074	1075	1
866	1075	1076	1
867	1076	1077	1
868	1077	1078	1
869	1078	1079	1
870	1079	1080	1
871	1080	1081	1
872	1081	1082	1
873	1082	1083	1
874	1083	1084	1
875	1084	1085	1
876	1085	1086	1
877	1086	1087	1
878	1087	1088	1
879	1088	1089	1
880	1089	1090	1
881	1090	1091	1
882	1091	1092	1
883	1092	1093	1
884	1093	1094	1
885	1094	1095	1
886	1095	1096	1
887	1096	1097	1
888	1097	1098	1
889	1098	1099	1
890	1099	1100	1
891	1100	1101	1
892	1101	1102	1
893	1102	1103	1
894	1103	1104	1
895	1104	1105	1
896	1105	1106	1
897	1106	1107	1
898	1107	1108	1
899	1108	1109	1
900	1109	1110	1
901	1110	1111	1
902	1111	1112	1
903	1112	1113	1
904	1113	1114	1
905	1114	1115	1
906	1115	1116	1
907	1116	1117	1
908	1117	1118	1
909	1118	1119	1
910	1119	1120	1
911	1120	1121	1
912	1121	1122	1
913	1122	1123	1
914	1123	1124	1
915	1124	1125	1
916	1125	1126	1
917	1126	1127	1
918	1127	1128	1
919	1128	1129	1
920	1129	1130	1
921	1130	1131	1
922	1131	1132	1
923	1132	1133	1
924	1133	1134	1
925	1134	1135	1
926	1135	1136	1
927	1136	1137	1
928	1137	1138	1
929	1138	1139	1
930	1139	1140	1
931	1140	1141	1
932	1141	1142	1
933	1142	1143	1
934	1143	1144	1
935	1144	1145	1
936	1145	1146	1
937	1146	1147	1
938	1147	1148	1
939	1148	1149	1
940	1149	1150	1
941	1150	1151	1
942	1151	1152	1
943	1152	1153	1
944	1153	1154	1
945	1154	1155	1
946	1155	1156	1
947	1156	1157	1
948	1157	1158	1
949	1158	1159	1
950	1159	1160	1
951	1160	1161	1
952	1161	1162	1
953	1162	1163	1
954	1163	1164	1
955	1164	1165	1
956	1165	1166	1
957	1166	1167	1
958	1167	1168	1
959	1168	1169	1
960	1169	1170	1
961	1170	1171	1
962	1171	1172	1
963	1172	1173	1
964	1173	1174	1
965	1174	1175	1
966	1175	1176	1
967	1176	1177	1
968	1177	1178	1
969	1178	1179	1
970	1179	1180	1
971	1180	1181	1
972	1181	1182	1
973	1182	1183	1
974	1183	1184	1
975	1184	1185	1
976	1185	1186	1
977	1186	1187	1
978	1187	1188	1
979	1188	1189	1
980	1189	1190	1
981	1190	1191	1
982	1191	1192	1
983	1192	1193	1
984	1193	1194	1
985	1194	1195	1
986	1195	1196	1
987	1196	1197	1
988	1197	1198	1
989	1198	1199	1
990	1199	1200	1
991	1200	1201	1
992	1201	1202	1
993	1202	1203	1
994	1203	1204	1
995	1204	1205	1
996	1205	1206	1
997	1206	1207	1
998	1207	1208	1
999	1208	1209	1
1000	1209	1210	1
1001	1210	1211	1
1002	1211	1212	1
1003	1212	1213	1
1004	1213	1214	1
1005	1214	1215	1
1006	1215	1216	1
1007	1216	1217	1
1008	1217	1218	1
1009	1218	1219	1
1010	1219	1220	1
1011	1220	1221	1
1012	1221	1222	1
1013	1222	1223	1
1014	1223	1224	1
1015	1224	1225	1
1016	1225	1226	1
1017	1226	1227	1
1018	1227	1228	1
1019	1228	1229	1
1020	1229	1230	1
1021	1230	1231	1
1022	1231	1232	1
1023	1232	1233	1
1024	1233	1234	1
1025	1234	1235	1
1026	1235	1236	1
1027	1236	1237	1
1028	1237	1238	1
1029	1238	1239	1
1030	1239	1240	1
1031	1240	1241	1
1032	1241	1242	1
1033	1242	1243	1
1034	1243	1244	1
1035	1244	1245	1
1036	1245	1246	1
1037	1246	1247	1
1038	1247	1248	1
1039	1248	1249	1
1040	1249	1250	1
1041	1250	1251	1
1042	1251	1252	1
1043	1252	1253	1
1044	1253	1254	1
1045	1254	1255	1
1046	1255	1256	1
1047	1256	1257	1
1048	1257	1258	1
1049	1258	1259	1
1050	1259	1260	1
1051	1260	1261	1
1052	1261	1262	1
1053	1262	1263	1
1054	1263	1264	1
1055	1264	1265	1
1056	1265	1266	1
1057	1266	1267	1
1058	1267	1268	1
1059	1268	1269	1
1060	1269	1270	1
1061	1270	1271	1
1062	1271	1272	1
1063	1272	1273	1
1064	1273	1274	1
1065	1274	1275	1
1066	1275	1276	1
1067	1276	1277	1
1068	1277	1278	1
1069	1278	1279	1
1070	1279	1280	1
1071	1280	1281	1
1072	1281	1282	1
1073	1282	1283	1
1074	1283	1284	1
1075	1284	1285	1
1076	1285	1286	1
1077	1286	1287	1
1078	1287	1288	1
1079	1288	1289	1
1080	1289	1290	1
1081	1290	1291	1
1082	1291	1292	1
1083	1292	1293	1
1084	1293	1294	1
1085	1294	1295	1
1086	1295	1296	1
1087	1296	1297	1
1088	1297	1298	1
1089	1298	1299	1
1090	1299	1300	1
1091	1300	1301	1
1092	1301	1302	1
1093	1302	1303	1
1094	1303	1304	1
1095	1304	1305	1
1096	1305	1306	1
1097	1306	1307	1
1098	1307	1308	1
1099	1308	1309	1
1100	1309	1310	1
1101	1310	1311	1
1102	1311	1312	1
1103	1312	1313	1
1104	1313	1314	1
1105	1314	1315	1
1106	1315	1316	1
1107	1316	1317	1
1108	1317	1318	1
1109	1318	1319	1
1110	1319	1320	1
1111	1320	1321	1
1112	1321	1322	1
1113	1322	1323	1
1114	1323	1324	1
1115	1324	1325	1
1116	1325	1326	1
1117	1326	1327	1
1118	1327	1328	1
1119	1328	1329	1
1120	1329	1330	1
1121	1330	1331	1
1122	1331	1332	1
1123	1332	1333	1
1124	1333	1334	1
1125	1334	1335	1
1126	1335	1336	1
1127	1336	1337	1
1128	1337	1338	1
1129	1338	1339	1
1130	1339	1340	1
1131	1340	1341	1
1132	1341	1342	1
1133	1342	1343	1
1134	1343	1344	1
1135	1344	1345	1
1136	1345	1346	1
1137	1346	1347	1
1138	1347	1348	1
1139	1348	1349	1
1140	1349	1350	1
1141	1350	1351	1
1142	1351	1352	1
1143	1352	1353	1
1144	1353	1354	1
1145	1354	1355	1
1146	1355	1356	1
1147	1356	1357	1
1148	1357	1358	1
1149	1358	1359	1
1150	1359	1360	1
1151	1360	1361	1
1152	1361	1362	1
1153	1362	1363	1
1154	1363	1364	1
1155	1364	1365	1
1156	1365	1366	1
1157	1366	1367	1
1158	1367	1368	1
1159	1368	1369	1
1160	1369	1370	1
1161	1370	1371	1
1162	1371	1372	1
1163	1372	1373	1
1164	1373	1374	1
1165	1374	1375	1
1166	1375	1376	1
1167	1376	1377	1
1168	1377	1378	1
1169	1378	1379	1
1170	1379	1380	1
1171	1380	1381	1
1172	1381	1382	1
1173	1382	1383	1
1174	1383	1384	1
1175	1384	1385	1
1176	1385	1386	1
1177	1386	1387	1
1178	1387	1388	1
1179	1388	1389	1
1180	1389	1390	1
1181	1390	1391	1
1182	1391	1392	1
1183	1392	1393	1
1184	1393	1394	1
1185	1394	1395	1
1186	1395	1396	1
1187	1396	1397	1
1188	1397	1398	1
1189	1398	1399	1
1190	1399	1400	1
1191	1400	1401	1
1192	1401	1402	1
1193	1402	1403	1
1194	1403	1404	1
1195	1404	1405	1
1196	1405	1406	1
1197	1406	1407	1
1198	1407	1408	1
1199	1408	1409	1
1200	1409	1410	1
1201	1410	1411	1
1202	1411	1412	1
1203	1412	1413	1
1204	1413	1414	1
1205	1414	1415	1
1206	1415	1416	1
1207	1416	1417	1
1208	1417	1418	1
1209	1418	1419	1
1210	1419	1420	1
1211	1420	1421	1
1212	1421	1422	1
1213	1422	1423	1
1214	1423	1424	1
1215	1424	1425	1
1216	1425	1426	1
1217	1426	1427	1
1218	1427	1428	1
1219	1428	1429	1
1220	1429	1430	1
1221	1430	1431	1
1222	1431	1432	1
1223	1432	1433	1
1224	1433	1434	1
1225	1434	1435	1
1226	1435	1436	1
1227	1436	1437	1
1228	1437	1438	1
1229	1438	1439	1
1230	1439	1440	1
1231	1440	1441	1
1232	1441	1442	1
1233	1442	1443	1
1234	1443	1444	1
1235	1444	1445	1
1236	1445	1446	1
1237	1446	1447	1
1238	1447	1448	1
1239	1448	1449	1
1240	1449	1450	1
1241	1450	1451	1
1242	1451	1452	1
1243	1452	1453	1
1244	1453	1454	1
1245	1454	1455	1
1246	1455	1456	1
1247	1456	1457	1
1248	1457	1458	1
1249	1458	1459	1
1250	1459	1460	1
1251	1460	1461	1
1252	1461	1462	1
1253	1462	1463	1
1254	1463	1464	1
1255	1464	1465	1
1256	1465	1466	1
1257	1466	1467	1
1258	1467	1468	1
1259	1468	1469	1
1260	1469	1470	1
1261	1470	1471	1
1262	1471	1472	1
1263	1472	1473	1
1264	1473	1474	1
1265	1474	1475	1
1266	1475	1476	1
1267	1476	1477	1
1268	1477	1478	1
1269	1478	1479	1
1270	1479	1480	1
1271	1480	1481	1
1272	1481	1482	1
1273	1482	1483	1
1274	1483	1484	1
1275	1484	1485	1
1276	1485	1486	1
1277	1486	1487	1
1278	1487	1488	1
1279	1488	1489	1
1280	1489	1490	1
1281	1490	1491	1
1282	1491	1492	1
1283	1492	1493	1
1284	1493	1494	1
1285	1494	1495	1
1286	1495	1496	1
1287	1496	1497	1
1288	1497	1498	1
1289	1498	1499	1
1290	1499	1500	1
1291	1500	1501	1
1292	1501	1502	1
1293	1502	1503	1
1294	1503	1504	1
1295	1504	1505	1
1296	1505	1506	1
1297	1506	1507	1
1298	1507	1508	1
1299	1508	1509	1
1300	1509	1510	1
1301	1510	1511	1
1302	1511	1512	1
1303	1512	1513	1
1304	1513	1514	1
1305	1514	1515	1
1306	1515	1516	1
1307	1516	1517	1
1308	1517	1518	1
1309	1518	1519	1
1310	1519	1520	1
1311	1520	1521	1
1312	1521	1522	1
1313	1522	1523	1
1314	1523	1524	1
1315	1524	1525	1
1316	1525	1526	1
1317	1526	1527	1
1318	1527	1528	1
1319	1528	1529	1
1320	1529	1530	1
1321	1530	1531	1
1322	1531	1532	1
1323	1532	1533	1
1324	1533	1534	1
1325	1534	1535	1
1326	1535	1536	1
1327	1536	1537	1
1328	1537	1538	1
1329	1538	1539	1
1330	1539	1540	1
1331	1540	1541	1
1332	1541	1542	1
1333	1542	1543	1
1334	1543	1544	1
1335	1544	1545	1
1336	1545	1546	1
1337	1546	1547	1
1338	1547	1548	1
1339	1548	1549	1
1340	1549	1550	1
1341	1550	1551	1
1342	1551	1552	1
1343	1552	1553	1
1344	1553	1554	1
1345	1554	1555	1
1346	1555	1556	1
1347	1556	1557	1
1348	1557	1558	1
1349	1558	1559	1
1350	1559	1560	1
1351	1560	1561	1
1352	1561	1562	1
1353	1562	1563	1
1354	1563	1564	1
1355	1564	1565	1
1356	1565	1566	1
1357	1566	1567	1
1358	1567	1568	1
1359	1568	1569	1
1360	1569	1570	1
1361	1570	1571	1
1362	1571	1572	1
1363	1572	1573	1
1364	1573	1574	1
1365	1574	1575	1
1366	1575	1576	1
1367	1576	1577	1
1368	1577	1578	1
1369	1578	1579	1
1370	1579	1580	1
1371	1580	1581	1
1372	1581	1582	1
1373	1582	1583	1
1374	1583	1584	1
1375	1584	1585	1
1376	1585	1586	1
1377	1586	1587	1
1378	1587	1588	1
1379	1588	1589	1
1380	1589	1590	1
1381	1590	1591	1
1382	1591	1592	1
1383	1592	1593	1
1384	1593	1594	1
1385	1594	1595	1
1386	1595	1596	1
1387	1596	1597	1
1388	1597	1598	1
1389	1598	1599	1
1390	1599	1600	1
1391	1600	1601	1
1392	1601	1602	1
1393	1602	1603	1
1394	1603	1604	1
1395	1604	1605	1
1396	1605	1606	1
1397	1606	1607	1
1398	1607	1608	1
1399	1608	1609	1
1400	1609	1610	1
1401	1610	1611	1
1402	1611	1612	1
1403	1612	1613	1
1404	1613	1614	1
1405	1614	1615	1
1406	1615	1616	1
1407	1616	1617	1
1408	1617	1618	1
1409	1618	1619	1
1410	1619	1620	1
1411	1620	1621	1
1412	1621	1622	1
1413	1622	1623	1
1414	1623	1624	1
1415	1624	1625	1
1416	1625	1626	1
1417	1626	1627	1
1418	1627	1628	1
1419	1628	1629	1
1420	1629	1630	1
1421	1630	1631	1
1422	1631	1632	1
1423	1632	1633	1
1424	1633	1634	1
1425	1634	1635	1
1426	1635	1636	1
1427	1636	1637	1
1428	1637	1638	1
1429	1638	1639	1
1430	1639	1640	1
1431	1640	1641	1
1432	1641	1642	1
1433	1642	1643	1
1434	1643	1644	1
1435	1644	1645	1
1436	1645	1646	1
1437	1646	1647	1
1438	1647	1648	1
1439	1648	1649	1
1440	1649	1650	1
1441	1650	1651	1
1442	1651	1652	1
1443	1652	1653	1
1444	1653	1654	1
1445	1654	1655	1
1446	1655	1656	1
1447	1656	1657	1
1448	1657	1658	1
1449	1658	1659	1
1450	1659	1660	1
1451	1660	1661	1
1452	1661	1662	1
1453	1662	1663	1
1454	1663	1664	1
1455	1664	1665	1
1456	1665	1666	1
1457	1666	1667	1
1458	1667	1668	1
1459	1668	1669	1
1460	1669	1670	1
1461	1670	1671	1
1462	1671	1672	1
1463	1672	1673	1
1464	1673	1674	1
1465	1674	1675	1
1466	1675	1676	1
1467	1676	1677	1
1468	1677	1678	1
1469	1678	1679	1
1470	1679	1680	1
1471	1680	1681	1
1472	1681	1682	1
1473	1682	1683	1
1474	1683	1684	1
1475	1684	1685	1
1476	1685	1686	1
1477	1686	1687	1
1478	1687	1688	1
1479	1688	1689	1
1480	1689	1690	1
1481	1690	1691	1
1482	1691	1692	1
1483	1692	1693	1
1484	1693	1694	1
1485	1694	1695	1
1486	1695	1696	1
1487	1696	1697	1
1488	1697	1698	1
1489	1698	1699	1
1490	1699	1700	1
1491	1700	1701	1
1492	1701	1702	1
1493	1702	1703	1
1494	1703	1704	1
1495	1704	1705	1
1496	1705	1706	1
1497	1706	1707	1
1498	1707	1708	1
1499	1708	1709	1
1500	1709	1710	1
1501	1710	1711	1
1502	1711	1712	1
1503	1712	1713	1
1504	1713	1714	1
1505	1714	1715	1
1506	1715	1716	1
1507	1716	1717	1
1508	1717	1718	1
1509	1718	1719	1
1510	1719	1720	1
1511	1720	1721	1
1512	1721	1722	1
1513	1722	1723	1
1514	1723	1724	1
1515	1724	1725	1
1516	1725	1726	1
1517	1726	1727	1
1518	1727	1728	1
1519	1728	1729	1
1520	1729	1730	1
1521	1730	1731	1
1522	1731	1732	1
1523	1732	1733	1
1524	1733	1734	1
1525	1734	1735	1
1526	1735	1736	1
1527	1736	1737	1
1528	1737	1738	1
1529	1738	1739	1
1530	1739	1740	1
1531	1740	1741	1
1532	1741	1742	1
1533	1742	1743	1
1534	1743	1744	1
1535	1744	1745	1
1536	1745	1746	1
1537	1746	1747	1
1538	1747	1748	1
1539	1748	1749	1
1540	1749	1750	1
1541	1750	1751	1
1542	1751	1752	1
1543	1752	1753	1
1544	1753	1754	1
1545	1754	1755	1
1546	1755	1756	1
1547	1756	1757	1
1548	1757	1758	1
1549	1758	1759	1
1550	1759	1760	1
1551	1760	1761	1
1552	1761	1762	1
1553	1762	1763	1
1554	1763	1764	1
1555	1764	1765	1
1556	1765	1766	1
1557	1766	1767	1
1558	1767	1768	1
1559	1768	1769	1
1560	1769	1770	1
1561	1770	1771	1
1562	1771	1772	1
1563	1772	1773	1
1564	1773	1774	1
1565	1774	1775	1
1566	1775	1776	1
1567	1776	1777	1
1568	1777	1778	1
1569	1778	1779	1
1570	1779	1780	1
1571	1780	1781	1
1572	1781	1782	1
1573	1782	1783	1
1574	1783	1784	1
1575	1784	1785	1
1576	1785	1786	1
1577	1786	1787	1
1578	1787	1788	1
1579	1788	1789	1
1580	1789	1790	1
1581	1790	1791	1
1582	1791	1792	1
1583	1792	1793	1
1584	1793	1794	1
1585	1794	1795	1
1586	1795	1796	1
1587	1796	1797	1
1588	1797	1798	1
1589	1798	1799	1
1590	1799	1800	1
1591	1800	1801	1
1592	1801	1802	1
1593	1802	1803	1
1594	1803	1804	1
1595	1804	1805	1
1596	1805	1806	1
1597	1806	1807	1
1598	1807	1808	1
1599	1808	1809	1
1600	1809	1810	1
1601	1810	1811	1
1602	1811	1812	1
1603	1812	1813	1
1604	1813	1814	1
1605	1814	1815	1
1606	1815	1816	1
1607	1816	1817	1
1608	1817	1818	1
1609	1818	1819	1
1610	1819	1820	1
1611	1820	1821	1
1612	1821	1822	1
1613	1822	1823	1
1614	1823	1824	1
1615	1824	1825	1
1616	1825	1826	1
1617	1826	1827	1
1618	1827	1828	1
1619	1828	1829	1
1620	1829	1830	1
1621	1830	1831	1
1622	1831	1832	1
1623	1832	1833	1
1624	1833	1834	1
1625	1834	1835	1
1626	1835	1836	1
1627	1836	1837	1
1628	1837	1838	1
1629	1838	1839	1
1630	1839	1840	1
1631	1840	1841	1
1632	1841	1842	1
1633	1842	1843	1
1634	1843	1844	1
1635	1844	1845	1
1636	1845	1846	1
1637	1846	1847	1
1638	1847	1848	1
1639	1848	1849	1
1640	1849	1850	1
1641	1850	1851	1
1642	1851	1852	1
1643	1852	1853	1
1644	1853	1854	1
1645	1854	1855	1
1646	1855	1856	1
1647	1856	1857	1
1648	1857	1858	1
1649	1858	1859	1
1650	1859	1860	1
1651	1860	1861	1
1652	1861	1862	1
1653	1862	1863	1
1654	1863	1864	1
1655	1864	1865	1
1656	1865	1866	1
1657	1866	1867	1
1658	1867	1868	1
1659	1868	1869	1
1660	1869	1870	1
1661	1870	1871	1
1662	1871	1872	1
1663	1872	1873	1
1664	1873	1874	1
1665	1874	1875	1
1666	1875	1876	1
1667	1876	1877	1
1668	1877	1878	1
1669	1878	1879	1
1670	1879	1880	1
1671	1880	1881	1
1672	1881	1882	1
1673	1882	1883	1
1674	1883	1884	1
1675	1884	1885	1
1676	1885	1886	1
1677	1886	1887	1
1678	1887	1888	1
1679	1888	1889	1
1680	1889	1890	1
1681	1890	1891	1
1682	1891	1892	1
1683	1892	1893	1
1684	1893	1894	1
1685	1894	1895	1
1686	1895	1896	1
1687	1896	1897	1
1688	1897	1898	1
1689	1898	1899	1
1690	1899	1900	1
1691	1900	1901	1
1692	1901	1902	1
1693	1902	1903	1
1694	1903	1904	1
1695	1904	1905	1
1696	1905	1906	1
1697	1906	1907	1
1698	1907	1908	1
1699	1908	1909	1
1700	1909	1910	1
1701	1910	1911	1
1702	1911	1912	1
1703	1912	1913	1
1704	1913	1914	1
1705	1914	1915	1
1706	1915	1916	1
1707	1916	1917	1
1708	1917	1918	1
1709	1918	1919	1
1710	1919	1920	1
1711	1920	1921	1
1712	1921	1922	1
1713	1922	1923	1
1714	1923	1924	1
1715	1924	1925	1
1716	1925	1926	1
1717	1926	1927	1
1718	1927	1928	1
1719	1928	1929	1
1720	1929	1930	1
1721	1930	1931	1
1722	1931	1932	1
1723	1932	1933	1
1724	1933	1934	1
1725	1934	1935	1
1726	1935	1936	1
1727	1936	1937	1
1728	1937	1938	1
1729	1938	1939	1
1730	1939	1940	1
1731	1940	1941	1
1732	1941	1942	1
1733	1942	1943	1
1734	1943	1944	1
1735	1944	1945	1
1736	1945	1946	1
1737	1946	1947	1
1738	1947	1948	1
1739	1948	1949	1
1740	1949	1950	1
1741	1950	1951	1
1742	1951	1952	1
1743	1952	1953	1
1744	1953	1954	1
1745	1954	1955	1
1746	1955	1956	1
1747	1956	1957	1
1748	1957	1958	1
1749	1958	1959	1
1750	1959	1960	1
1751	1960	1961	1
1752	1961	1962	1
1753	1962	1963	1
1754	1963	1964	1
1755	1964	1965	1
1756	1965	1966	1
1757	1966	1967	1
1758	1967	1968	1
1759	1968	1969	1
1760	1969	1970	1
1761	1970	1971	1
1762	1971	1972	1
1763	1972	1973	1
1764	1973	1974	1
1765	1974	1975	1
1766	1975	1976	1
1767	1976	1977	1
1768	1977	1978	1
1769	1978	1979	1
1770	1979	1980	1
1771	1980	1981	1
1772	1981	1982	1
1773	1982	1983	1
1774	1983	1984	1
1775	1984	1985	1
1776	1985	1986	1
1777	1986	1987	1
1778	1987	1988	1
1779	1988	1989	1
1780	1989	1990	1
1781	1990	1991	1
1782	1991	1992	1
1783	1992	1993	1
1784	1993	1994	1
1785	1994	1995	1
1786	1995	1996	1
1787	1996	1997	1
1788	1997	1998	1
1789	1998	1999	1
1790	1999	2000	1
1791	2000	2002	2
1792	2002	2004	2
1793	2004	2006	2
1794	2006	2008	2
1795	2008	2010	2
1796	2010	2012	2
1797	2012	2014	2
1798	2014	2016	2
1799	2016	2018	2
1800	2018	2020	2
1801	2020	2022	2
1802	2022	2024	2
1803	2024	2026	2
1804	2026	2028	2
1805	2028	2030	2
1806	2030	2032	2
1807	2032	2034	2
1808	2034	2036	2
1809	2036	2038	2
1810	2038	2040	2
1811	2040	2042	2
1812	2042	2044	2
1813	2044	2046	2
1814	2046	2048	2
1815	2048	2050	2
1816	2050	2052	2
1817	2052	2054	2
1818	2054	2056	2
1819	2056	2058	2
1820	2058	2060	2
1821	2060	2062	2
1822	2062	2064	2
1823	2064	2066	2
1824	2066	2068	2
1825	2068	2070	2
1826	2070	2072	2
1827	2072	2074	2
1828	2074	2076	2
1829	2076	2078	2
1830	2078	2080	2
1831	2080	2082	2
1832	2082	2084	2
1833	2084	2086	2
1834	2086	2088	2
1835	2088	2090	2
1836	2090	2092	2
1837	2092	2094	2
1838	2094	2096	2
1839	2096	2098	2
1840	2098	2100	2
1841	2100	2102	2
1842	2102	2104	2
1843	2104	2106	2
1844	2106	2108	2
1845	2108	2110	2
1846	2110	2112	2
1847	2112	2114	2
1848	2114	2116	2
1849	2116	2118	2
1850	2118	2120	2
1851	2120	2122	2
1852	2122	2124	2
1853	2124	2126	2
1854	2126	2128	2
1855	2128	2130	2
1856	2130	2132	2
1857	2132	2134	2
1858	2134	2136	2
1859	2136	2138	2
1860	2138	2140	2
1861	2140	2142	2
1862	2142	2144	2
1863	2144	2146	2
1864	2146	2148	2
1865	2148	2150	2
1866	2150	2152	2
1867	2152	2154	2
1868	2154	2156	2
1869	2156	2158	2
1870	2158	2160	2
1871	2160	2162	2
1872	2162	2164	2
1873	2164	2166	2
1874	2166	2168	2
1875	2168	2170	2
1876	2170	2172	2
1877	2172	2174	2
1878	2174	2176	2
1879	2176	2178	2
1880	2178	2180	2
1881	2180	2182	2
1882	2182	2184	2
1883	2184	2186	2
1884	2186	2188	2
1885	2188	2190	2
1886	2190	2192	2
1887	2192	2194	2
1888	2194	2196	2
1889	2196	2198	2
1890	2198	2200	2
1891	2200	2202	2
1892	2202	2204	2
1893	2204	2206	2
1894	2206	2208	2
1895	2208	2210	2
1896	2210	2212	2
1897	2212	2214	2
1898	2214	2216	2
1899	2216	2218	2
1900	2218	2220	2
1901	2220	2222	2
1902	2222	2224	2
1903	2224	2226	2
1904	2226	2228	2
1905	2228	2230	2
1906	2230	2232	2
1907	2232	2234	2
1908	2234	2236	2
1909	2236	2238	2
1910	2238	2240	2
1911	2240	2242	2
1912	2242	2244	2
1913	2244	2246	2
1914	2246	2248	2
1915	2248	2250	2
1916	2250	2252	2
1917	2252	2254	2
1918	2254	2256	2
1919	2256	2258	2
1920	2258	2260	2
1921	2260	2262	2
1922	2262	2264	2
1923	2264	2266	2
1924	2266	2268	2
1925	2268	2270	2
1926	2270	2272	2
1927	2272	2274	2
1928	2274	2276	2
1929	2276	2278	2
1930	2278	2280	2
1931	2280	2282	2
1932	2282	2284	2
1933	2284	2286	2
1934	2286	2288	2
1935	2288	2290	2
1936	2290	2292	2
1937	2292	2294	2
1938	2294	2296	2
1939	2296	2298	2
1940	2298	2300	2
1941	2300	2302	2
1942	2302	2304	2
1943	2304	2306	2
1944	2306	2308	2
1945	2308	2310	2
1946	2310	2312	2
1947	2312	2314	2
1948	2314	2316	2
1949	2316	2318	2
1950	2318	2320	2
1951	2320	2322	2
1952	2322	2324	2
1953	2324	2326	2
1954	2326	2328	2
1955	2328	2330	2
1956	2330	2332	2
1957	2332	2334	2
1958	2334	2336	2
1959	2336	2338	2
1960	2338	2340	2
1961	2340	2342	2
1962	2342	2344	2
1963	2344	2346	2
1964	2346	2348	2
1965	2348	2350	2
1966	2350	2352	2
1967	2352	2354	2
1968	2354	2356	2
1969	2356	2358	2
1970	2358	2360	2
1971	2360	2362	2
1972	2362	2364	2
1973	2364	2366	2
1974	2366	2368	2
1975	2368	2370	2
1976	2370	2372	2
1977	2372	2374	2
1978	2374	2376	2
1979	2376	2378	2
1980	2378	2380	2
1981	2380	2382	2
1982	2382	2384	2
1983	2384	2386	2
1984	2386	2388	2
1985	2388	2390	2
1986	2390	2392	2
1987	2392	2394	2
1988	2394	2396	2
1989	2396	2398	2
1990	2398	2400	2
1991	2400	2402	2
1992	2402	2404	2
1993	2404	2406	2
1994	2406	2408	2
1995	2408	2410	2
1996	2410	2412	2
1997	2412	2414	2
1998	2414	2416	2
1999	2416	2418	2
2000	2418	2420	2
2001	2420	2422	2
2002	2422	2424	2
2003	2424	2426	2
2004	2426	2428	2
2005	2428	2430	2
2006	2430	2432	2
2007	2432	2434	2
2008	2434	2436	2
2009	2436	2438	2
2010	2438	2440	2
2011	2440	2442	2
2012	2442	2444	2
2013	2444	2446	2
2014	2446	2448	2
2015	2448	2450	2
2016	2450	2452	2
2017	2452	2454	2
2018	2454	2456	2
2019	2456	2458	2
2020	2458	2460	2
2021	2460	2462	2
2022	2462	2464	2
2023	2464	2466	2
2024	2466	2468	2
2025	2468	2470	2
2026	2470	2472	2
2027	2472	2474	2
2028	2474	2476	2
2029	2476	2478	2
2030	2478	2480	2
2031	2480	2482	2
2032	2482	2484	2
2033	2484	2486	2
2034	2486	2488	2
2035	2488	2490	2
2036	2490	2492	2
2037	2492	2494	2
2038	2494	2496	2
2039	2496	2498	2
2040	2498	2500	2
2041	2500	2502	2
2042	2502	2504	2
2043	2504	2506	2
2044	2506	2508	2
2045	2508	2510	2
2046	2510	2512	2
2047	2512	2514	2
2048	2514	2516	2
2049	2516	2518	2
2050	2518	2520	2
2051	2520	2522	2
2052	2522	2524	2
2053	2524	2526	2
2054	2526	2528	2
2055	2528	2530	2
2056	2530	2532	2
2057	2532	2534	2
2058	2534	2536	2
2059	2536	2538	2
2060	2538	2540	2
2061	2540	2542	2
2062	2542	2544	2
2063	2544	2546	2
2064	2546	2548	2
2065	2548	2550	2
2066	2550	2552	2
2067	2552	2554	2
2068	2554	2556	2
2069	2556	2558	2
2070	2558	2560	2
2071	2560	2562	2
2072	2562	2564	2
2073	2564	2566	2
2074	2566	2568	2
2075	2568	2570	2
2076	2570	2572	2
2077	2572	2574	2
2078	2574	2576	2
2079	2576	2578	2
2080	2578	2580	2
2081	2580	2582	2
2082	2582	2584	2
2083	2584	2586	2
2084	2586	2588	2
2085	2588	2590	2
2086	2590	2592	2
2087	2592	2594	2
2088	2594	2596	2
2089	2596	2598	2
2090	2598	2600	2
2091	2600	2602	2
2092	2602	2604	2
2093	2604	2606	2
2094	2606	2608	2
2095	2608	2610	2
2096	2610	2612	2
2097	2612	2614	2
2098	2614	2616	2
2099	2616	2618	2
2100	2618	2620	2
2101	2620	2622	2
2102	2622	2624	2
2103	2624	2626	2
2104	2626	2628	2
2105	2628	2630	2
2106	2630	2632	2
2107	2632	2634	2
2108	2634	2636	2
2109	2636	2638	2
2110	2638	2640	2
2111	2640	2642	2
2112	2642	2644	2
2113	2644	2646	2
2114	2646	2648	2
2115	2648	2650	2
2116	2650	2652	2
2117	2652	2654	2
2118	2654	2656	2
2119	2656	2658	2
2120	2658	2660	2
2121	2660	2662	2
2122	2662	2664	2
2123	2664	2666	2
2124	2666	2668	2
2125	2668	2670	2
2126	2670	2672	2
2127	2672	2674	2
2128	2674	2676	2
2129	2676	2678	2
2130	2678	2680	2
2131	2680	2682	2
2132	2682	2684	2
2133	2684	2686	2
2134	2686	2688	2
2135	2688	2690	2
2136	2690	2692	2
2137	2692	2694	2
2138	2694	2696	2
2139	2696	2698	2
2140	2698	2700	2
2141	2700	2702	2
2142	2702	2704	2
2143	2704	2706	2
2144	2706	2708	2
2145	2708	2710	2
2146	2710	2712	2
2147	2712	2714	2
2148	2714	2716	2
2149	2716	2718	2
2150	2718	2720	2
2151	2720	2722	2
2152	2722	2724	2
2153	2724	2726	2
2154	2726	2728	2
2155	2728	2730	2
2156	2730	2732	2
2157	2732	2734	2
2158	2734	2736	2
2159	2736	2738	2
2160	2738	2740	2
2161	2740	2742	2
2162	2742	2744	2
2163	2744	2746	2
2164	2746	2748	2
2165	2748	2750	2
2166	2750	2752	2
2167	2752	2754	2
2168	2754	2756	2
2169	2756	2758	2
2170	2758	2760	2
2171	2760	2762	2
2172	2762	2764	2
2173	2764	2766	2
2174	2766	2768	2
2175	2768	2770	2
2176	2770	2772	2
2177	2772	2774	2
2178	2774	2776	2
2179	2776	2778	2
2180	2778	2780	2
2181	2780	2782	2
2182	2782	2784	2
2183	2784	2786	2
2184	2786	2788	2
2185	2788	2790	2
2186	2790	2792	2
2187	2792	2794	2
2188	2794	2796	2
2189	2796	2798	2
2190	2798	2800	2
2191	2800	2802	2
2192	2802	2804	2
2193	2804	2806	2
2194	2806	2808	2
2195	2808	2810	2
2196	2810	2812	2
2197	2812	2814	2
2198	2814	2816	2
2199	2816	2818	2
2200	2818	2820	2
2201	2820	2822	2
2202	2822	2824	2
2203	2824	2826	2
2204	2826	2828	2
2205	2828	2830	2
2206	2830	2832	2
2207	2832	2834	2
2208	2834	2836	2
2209	2836	2838	2
2210	2838	2840	2
2211	2840	2842	2
2212	2842	2844	2
2213	2844	2846	2
2214	2846	2848	2
2215	2848	2850	2
2216	2850	2852	2
2217	2852	2854	2
2218	2854	2856	2
2219	2856	2858	2
2220	2858	2860	2
2221	2860	2862	2
2222	2862	2864	2
2223	2864	2866	2
2224	2866	2868	2
2225	2868	2870	2
2226	2870	2872	2
2227	2872	2874	2
2228	2874	2876	2
2229	2876	2878	2
2230	2878	2880	2
2231	2880	2882	2
2232	2882	2884	2
2233	2884	2886	2
2234	2886	2888	2
2235	2888	2890	2
2236	2890	2892	2
2237	2892	2894	2
2238	2894	2896	2
2239	2896	2898	2
2240	2898	2900	2
2241	2900	2902	2
2242	2902	2904	2
2243	2904	2906	2
2244	2906	2908	2
2245	2908	2910	2
2246	2910	2912	2
2247	2912	2914	2
2248	2914	2916	2
2249	2916	2918	2
2250	2918	2920	2
2251	2920	2922	2
2252	2922	2924	2
2253	2924	2926	2
2254	2926	2928	2
2255	2928	2930	2
2256	2930	2932	2
2257	2932	2934	2
2258	2934	2936	2
2259	2936	2938	2
2260	2938	2940	2
2261	2940	2942	2
2262	2942	2944	2
2263	2944	2946	2
2264	2946	2948	2
2265	2948	2950	2
2266	2950	2952	2
2267	2952	2954	2
2268	2954	2956	2
2269	2956	2958	2
2270	2958	2960	2
2271	2960	2962	2
2272	2962	2964	2
2273	2964	2966	2
2274	2966	2968	2
2275	2968	2970	2
2276	2970	2972	2
2277	2972	2974	2
2278	2974	2976	2
2279	2976	2978	2
2280	2978	2980	2
2281	2980	2982	2
2282	2982	2984	2
2283	2984	2986	2
2284	2986	2988	2
2285	2988	2990	2
2286	2990	2992	2
2287	2992	2994	2
2288	2994	2996	2
2289	2996	2998	2
2290	2998	3000	2
2291	3000	3002	2
2292	3002	3004	2
2293	3004	3006	2
2294	3006	3008	2
2295	3008	3010	2
2296	3010	3012	2
2297	3012	3014	2
2298	3014	3016	2
2299	3016	3018	2
2300	3018	3020	2
2301	3020	3022	2
2302	3022	3024	2
2303	3024	3026	2
2304	3026	3028	2
2305	3028	3030	2
2306	3030	3032	2
2307	3032	3034	2
2308	3034	3036	2
2309	3036	3038	2
2310	3038	3040	2
2311	3040	3042	2
2312	3042	3044	2
2313	3044	3046	2
2314	3046	3048	2
2315	3048	3050	2
2316	3050	3052	2
2317	3052	3054	2
2318	3054	3056	2
2319	3056	3058	2
2320	3058	3060	2
2321	3060	3062	2
2322	3062	3064	2
2323	3064	3066	2
2324	3066	3068	2
2325	3068	3070	2
2326	3070	3072	2
2327	3072	3074	2
2328	3074	3076	2
2329	3076	3078	2
2330	3078	3080	2
2331	3080	3082	2
2332	3082	3084	2
2333	3084	3086	2
2334	3086	3088	2
2335	3088	3090	2
2336	3090	3092	2
2337	3092	3094	2
2338	3094	3096	2
2339	3096	3098	2
2340	3098	3100	2
2341	3100	3102	2
2342	3102	3104	2
2343	3104	3106	2
2344	3106	3108	2
2345	3108	3110	2
2346	3110	3112	2
2347	3112	3114	2
2348	3114	3116	2
2349	3116	3118	2
2350	3118	3121	3
2351	3121	3124	3
2352	3124	3127	3
2353	3127	3130	3
2354	3130	3133	3
2355	3133	3136	3
2356	3136	3139	3
2357	3139	3142	3
2358	3142	3145	3
2359	3145	3148	3
2360	3148	3151	3
2361	3151	3154	3
2362	3154	3157	3
2363	3157	3160	3
2364	3160	3163	3
2365	3163	3166	3
2366	3166	3169	3
2367	3169	3172	3
2368	3172	3175	3
2369	3175	3178	3
2370	3178	3181	3
2371	3181	3184	3
2372	3184	3187	3
2373	3187	3190	3
2374	3190	3193	3
2375	3193	3196	3
2376	3196	3199	3
2377	3199	3202	3
2378	3202	3205	3
2379	3205	3208	3
2380	3208	3211	3
2381	3211	3214	3
2382	3214	3217	3
2383	3217	3220	3
2384	3220	3223	3
2385	3223	3226	3
2386	3226	3229	3
2387	3229	3232	3
2388	3232	3235	3
2389	3235	3238	3
2390	3238	3241	3
2391	3241	3244	3
2392	3244	3247	3
2393	3247	3250	3
2394	3250	3253	3
2395	3253	3256	3
2396	3256	3259	3
2397	3259	3262	3
2398	3262	3265	3
2399	3265	3268	3
2400	3268	3271	3
2401	3271	3274	3
2402	3274	3277	3
2403	3277	3280	3
2404	3280	3283	3
2405	3283	3286	3
2406	3286	3289	3
2407	3289	3292	3
2408	3292	3295	3
2409	3295	3298	3
2410	3298	3301	3
2411	3301	3304	3
2412	3304	3307	3
2413	3307	3310	3
2414	3310	3313	3
2415	3313	3316	3
2416	3316	3319	3
2417	3319	3322	3
2418	3322	3325	3
2419	3325	3328	3
2420	3328	3331	3
2421	3331	3334	3
2422	3334	3337	3
2423	3337	3340	3
2424	3340	3343	3
2425	3343	3346	3
2426	3346	3349	3
2427	3349	3352	3
2428	3352	3355	3
2429	3355	3358	3
2430	3358	3361	3
2431	3361	3364	3
2432	3364	3367	3
2433	3367	3370	3
2434	3370	3373	3
2435	3373	3376	3
2436	3376	3379	3
2437	3379	3382	3
2438	3382	3385	3
2439	3385	3388	3
2440	3388	3391	3
2441	3391	3394	3
2442	3394	3397	3
2443	3397	3400	3
2444	3400	3403	3
2445	3403	3406	3
2446	3406	3409	3
2447	3409	3412	3
2448	3412	3415	3
2449	3415	3418	3
2450	3418	3421	3
2451	3421	3424	3
2452	3424	3427	3
2453	3427	3430	3
2454	3430	3433	3
2455	3433	3436	3
2456	3436	3439	3
2457	3439	3442	3
2458	3442	3445	3
2459	3445	3448	3
2460	3448	3451	3
2461	3451	3454	3
2462	3454	3457	3
2463	3457	3460	3
2464	3460	3463	3
2465	3463	3466	3
2466	3466	3469	3
2467	3469	3472	3
2468	3472	3475	3
2469	3475	3478	3
2470	3478	3481	3
2471	3481	3484	3
2472	3484	3487	3
2473	3487	3490	3
2474	3490	3493	3
2475	3493	3496	3
2476	3496	3499	3
2477	3499	3502	3
2478	3502	3505	3
2479	3505	3508	3
2480	3508	3511	3
2481	3511	3514	3
2482	3514	3517	3
2483	3517	3520	3
2484	3520	3523	3
2485	3523	3526	3
2486	3526	3529	3
2487	3529	3532	3
2488	3532	3535	3
2489	3535	3538	3
2490	3538	3541	3
2491	3541	3544	3
2492	3544	3547	3
2493	3547	3550	3
2494	3550	3553	3
2495	3553	3556	3
2496	3556	3559	3
2497	3559	3562	3
2498	3562	3565	3
2499	3565	3568	3
2500	3568	3571	3
2501	3571	3574	3
2502	3574	3577	3
2503	3577	3580	3
2504	3580	3583	3
2505	3583	3586	3
2506	3586	3589	3
2507	3589	3592	3
2508	3592	3595	3
2509	3595	3598	3
2510	3598	3601	3
2511	3601	3604	3
2512	3604	3607	3
2513	3607	3610	3
2514	3610	3613	3
2515	3613	3616	3
2516	3616	3619	3
2517	3619	3622	3
2518	3622	3625	3
2519	3625	3628	3
2520	3628	3631	3
2521	3631	3634	3
2522	3634	3637	3
2523	3637	3640	3
2524	3640	3643	3
2525	3643	3646	3
2526	3646	3649	3
2527	3649	3652	3
2528	3652	3655	3
2529	3655	3658	3
2530	3658	3661	3
2531	3661	3664	3
2532	3664	3667	3
2533	3667	3670	3
2534	3670	3673	3
2535	3673	3676	3
2536	3676	3679	3
2537	3679	3682	3
2538	3682	3685	3
2539	3685	3688	3
2540	3688	3691	3
2541	3691	3694	3
2542	3694	3697	3
2543	3697	3700	3
2544	3700	3703	3
2545	3703	3706	3
2546	3706	3709	3
2547	3709	3712	3
2548	3712	3715	3
2549	3715	3718	3
2550	3718	3721	3
2551	3721	3724	3
2552	3724	3727	3
2553	3727	3730	3
2554	3730	3733	3
2555	3733	3736	3
2556	3736	3739	3
2557	3739	3742	3
2558	3742	3745	3
2559	3745	3748	3
2560	3748	3751	3
2561	3751	3754	3
2562	3754	3757	3
2563	3757	3760	3
2564	3760	3763	3
2565	3763	3766	3
2566	3766	3769	3
2567	3769	3772	3
2568	3772	3775	3
2569	3775	3778	3
2570	3778	3781	3
2571	3781	3784	3
2572	3784	3787	3
2573	3787	3790	3
2574	3790	3793	3
2575	3793	3796	3
2576	3796	3799	3
2577	3799	3802	3
2578	3802	3805	3
2579	3805	3808	3
2580	3808	3811	3
2581	3811	3814	3
2582	3814	3817	3
2583	3817	3820	3
2584	3820	3823	3
2585	3823	3826	3
2586	3826	3829	3
2587	3829	3832	3
2588	3832	3835	3
2589	3835	3838	3
2590	3838	3841	3
2591	3841	3844	3
2592	3844	3847	3
2593	3847	3850	3
2594	3850	3853	3
2595	3853	3856	3
2596	3856	3859	3
2597	3859	3862	3
2598	3862	3865	3
2599	3865	3868	3
2600	3868	3871	3
2601	3871	3874	3
2602	3874	3877	3
2603	3877	3880	3
2604	3880	3883	3
2605	3883	3886	3
2606	3886	3889	3
2607	3889	3892	3
2608	3892	3895	3
2609	3895	3898	3
2610	3898	3901	3
2611	3901	3904	3
2612	3904	3907	3
2613	3907	3910	3
2614	3910	3913	3
2615	3913	3916	3
2616	3916	3919	3
2617	3919	3922	3
2618	3922	3925	3
2619	3925	3928	3
2620	3928	3931	3
2621	3931	3934	3
2622	3934	3937	3
2623	3937	3940	3
2624	3940	3943	3
2625	3943	3946	3
2626	3946	3949	3
2627	3949	3952	3
2628	3952	3955	3
2629	3955	3958	3
2630	3958	3961	3
2631	3961	3964	3
2632	3964	3967	3
2633	3967	3970	3
2634	3970	3974	4
2635	3974	3978	4
2636	3978	3982	4
2637	3982	3986	4
2638	3986	3990	4
2639	3990	3994	4
2640	3994	3998	4
2641	3998	4002	4
2642	4002	4006	4
2643	4006	4010	4
2644	4010	4014	4
2645	4014	4018	4
2646	4018	4022	4
2647	4022	4026	4
2648	4026	4030	4
2649	4030	4034	4
2650	4034	4038	4
2651	4038	4042	4
2652	4042	4046	4
2653	4046	4050	4
2654	4050	4054	4
2655	4054	4058	4
2656	4058	4062	4
2657	4062	4066	4
2658	4066	4070	4
2659	4070	4074	4
2660	4074	4078	4
2661	4078	4082	4
2662	4082	4086	4
2663	4086	4090	4
2664	4090	4094	4
2665	4094	4098	4
2666	4098	4102	4
2667	4102	4106	4
2668	4106	4110	4
2669	4110	4114	4
2670	4114	4118	4
2671	4118	4122	4
2672	4122	4126	4
2673	4126	4130	4
2674	4130	4134	4
2675	4134	4138	4
2676	4138	4142	4
2677	4142	4146	4
2678	4146	4150	4
2679	4150	4154	4
2680	4154	4158	4
2681	4158	4162	4
2682	4162	4166	4
2683	4166	4170	4
2684	4170	4174	4
2685	4174	4178	4
2686	4178	4182	4
2687	4182	4186	4
2688	4186	4190	4
2689	4190	4194	4
2690	4194	4198	4
2691	4198	4202	4
2692	4202	4206	4
2693	4206	4210	4
2694	4210	4214	4
2695	4214	4218	4
2696	4218	4222	4
2697	4222	4226	4
2698	4226	4230	4
2699	4230	4234	4
2700	4234	4238	4
2701	4238	4242	4
2702	4242	4246	4
2703	4246	4250	4
2704	4250	4254	4
2705	4254	4258	4
2706	4258	4262	4
2707	4262	4266	4
2708	4266	4270	4
2709	4270	4274	4
2710	4274	4278	4
2711	4278	4282	4
2712	4282	4286	4
2713	4286	4290	4
2714	4290	4294	4
2715	4294	4298	4
2716	4298	4302	4
2717	4302	4306	4
2718	4306	4310	4
2719	4310	4314	4
2720	4314	4318	4
2721	4318	4322	4
2722	4322	4326	4
2723	4326	4330	4
2724	4330	4334	4
2725	4334	4338	4
2726	4338	4342	4
2727	4342	4346	4
2728	4346	4350	4
2729	4350	4354	4
2730	4354	4358	4
2731	4358	4362	4
2732	4362	4366	4
2733	4366	4370	4
2734	4370	4374	4
2735	4374	4378	4
2736	4378	4382	4
2737	4382	4386	4
2738	4386	4390	4
2739	4390	4394	4
2740	4394	4398	4
2741	4398	4402	4
2742	4402	4406	4
2743	4406	4410	4
2744	4410	4414	4
2745	4414	4418	4
2746	4418	4422	4
2747	4422	4426	4
2748	4426	4430	4
2749	4430	4434	4
2750	4434	4438	4
2751	4438	4442	4
2752	4442	4446	4
2753	4446	4450	4
2754	4450	4454	4
2755	4454	4458	4
2756	4458	4462	4
2757	4462	4466	4
2758	4466	4470	4
2759	4470	4474	4
2760	4474	4478	4
2761	4478	4482	4
2762	4482	4486	4
2763	4486	4490	4
2764	4490	4494	4
2765	4494	4498	4
2766	4498	4502	4
2767	4502	4506	4
2768	4506	4510	4
2769	4510	4514	4
2770	4514	4518	4
2771	4518	4522	4
2772	4522	4526	4
2773	4526	4530	4
2774	4530	4534	4
2775	4534	4538	4
2776	4538	4542	4
2777	4542	4546	4
2778	4546	4550	4
2779	4550	4554	4
2780	4554	4558	4
2781	4558	4562	4
2782	4562	4566	4
2783	4566	4570	4
2784	4570	4574	4
2785	4574	4578	4
2786	4578	4582	4
2787	4582	4586	4
2788	4586	4590	4
2789	4590	4594	4
2790	4594	4598	4
2791	4598	4602	4
2792	4602	4606	4
2793	4606	4610	4
2794	4610	4614	4
2795	4614	4618	4
2796	4618	4622	4
2797	4622	4626	4
2798	4626	4630	4
2799	4630	4634	4
2800	4634	4638	4
2801	4638	4642	4
2802	4642	4646	4
2803	4646	4650	4
2804	4650	4654	4
2805	4654	4658	4
2806	4658	4662	4
2807	4662	4666	4
2808	4666	4670	4
2809	4670	4674	4
2810	4674	4678	4
2811	4678	4682	4
2812	4682	4686	4
2813	4686	4690	4
2814	4690	4694	4
2815	4694	4698	4
2816	4698	4702	4
2817	4702	4706	4
2818	4706	4710	4
2819	4710	4714	4
2820	4714	4718	4
2821	4718	4722	4
2822	4722	4726	4
2823	4726	4730	4
2824	4730	4734	4
2825	4734	4738	4
2826	4738	4742	4
2827	4742	4747	5
2828	4747	4752	5
2829	4752	4757	5
2830	4757	4762	5
2831	4762	4767	5
2832	4767	4772	5
2833	4772	4777	5
2834	4777	4782	5
2835	4782	4787	5
2836	4787	4792	5
2837	4792	4797	5
2838	4797	4802	5
2839	4802	4807	5
2840	4807	4812	5
2841	4812	4817	5
2842	4817	4822	5
2843	4822	4827	5
2844	4827	4832	5
2845	4832	4837	5
2846	4837	4842	5
2847	4842	4847	5
2848	4847	4852	5
2849	4852	4857	5
2850	4857	4862	5
2851	4862	4867	5
2852	4867	4872	5
2853	4872	4877	5
2854	4877	4882	5
2855	4882	4887	5
2856	4887	4892	5
2857	4892	4897	5
2858	4897	4902	5
2859	4902	4907	5
2860	4907	4912	5
2861	4912	4917	5
2862	4917	4922	5
2863	4922	4927	5
2864	4927	4932	5
2865	4932	4937	5
2866	4937	4942	5
2867	4942	4947	5
2868	4947	4952	5
2869	4952	4957	5
2870	4957	4962	5
2871	4962	4967	5
2872	4967	4972	5
2873	4972	4977	5
2874	4977	4982	5
2875	4982	4987	5
2876	4987	4992	5
2877	4992	4997	5
2878	4997	5002	5
2879	5002	5007	5
2880	5007	5012	5
2881	5012	5017	5
2882	5017	5022	5
2883	5022	5027	5
2884	5027	5032	5
2885	5032	5037	5
2886	5037	5042	5
2887	5042	5047	5
2888	5047	5052	5
2889	5052	5057	5
2890	5057	5062	5
2891	5062	5067	5
2892	5067	5072	5
2893	5072	5077	5
2894	5077	5082	5
2895	5082	5087	5
2896	5087	5092	5
2897	5092	5097	5
2898	5097	5102	5
2899	5102	5107	5
2900	5107	5112	5
2901	5112	5117	5
2902	5117	5122	5
2903	5122	5127	5
2904	5127	5132	5
2905	5132	5137	5
2906	5137	5142	5
2907	5142	5147	5
2908	5147	5152	5
2909	5152	5157	5
2910	5157	5162	5
2911	5162	5167	5
2912	5167	5172	5
2913	5172	5177	5
2914	5177	5182	5
2915	5182	5187	5
2916	5187	5192	5
2917	5192	5197	5
2918	5197	5202	5
2919	5202	5207	5
2920	5207	5212	5
2921	5212	5217	5
2922	5217	5222	5
2923	5222	5227	5
2924	5227	5232	5
2925	5232	5237	5
2926	5237	5242	5
2927	5242	5247	5
2928	5247	5252	5
2929	5252	5257	5
2930	5257	5262	5
2931	5262	5267	5
2932	5267	5272	5
2933	5272	5277	5
2934	5277	5282	5
2935	5282	5287	5
2936	5287	5292	5
2937	5292	5297	5
2938	5297	5302	5
2939	5302	5307	5
2940	5307	5312	5
2941	5312	5317	5
2942	5317	5322	5
2943	5322	5327	5
2944	5327	5332	5
2945	5332	5337	5
2946	5337	5342	5
2947	5342	5347	5
2948	5347	5352	5
2949	5352	5357	5
2950	5357	5362	5
2951	5362	5367	5
2952	5367	5372	5
2953	5372	5377	5
2954	5377	5382	5
2955	5382	5387	5
2956	5387	5392	5
2957	5392	5397	5
2958	5397	5403	6
2959	5403	5409	6
2960	5409	5415	6
2961	5415	5421	6
2962	5421	5427	6
2963	5427	5433	6
2964	5433	5439	6
2965	5439	5445	6
2966	5445	5451	6
2967	5451	5457	6
2968	5457	5463	6
2969	5463	5469	6
2970	5469	5475	6
2971	5475	5481	6
2972	5481	5487	6
2973	5487	5493	6
2974	5493	5499	6
2975	5499	5505	6
2976	5505	5511	6
2977	5511	5517	6
2978	5517	5523	6
2979	5523	5529	6
2980	5529	5535	6
2981	5535	5541	6
2982	5541	5547	6
2983	5547	5553	6
2984	5553	5559	6
2985	5559	5565	6
2986	5565	5571	6
2987	5571	5577	6
2988	5577	5583	6
2989	5583	5589	6
2990	5589	5595	6
2991	5595	5601	6
2992	5601	5607	6
2993	5607	5613	6
2994	5613	5619	6
2995	5619	5625	6
2996	5625	5631	6
2997	5631	5637	6
2998	5637	5643	6
2999	5643	5649	6
3000	5649	5655	6
3001	5655	5661	6
3002	5661	5667	6
3003	5667	5673	6
3004	5673	5679	6
3005	5679	5685	6
3006	5685	5691	6
3007	5691	5697	6
3008	5697	5703	6
3009	5703	5709	6
3010	5709	5715	6
3011	5715	5721	6
3012	5721	5727	6
3013	5727	5733	6
3014	5733	5739	6
3015	5739	5745	6
3016	5745	5751	6
3017	5751	5757	6
3018	5757	5763	6
3019	5763	5769	6
3020	5769	5775	6
3021	5775	5781	6
3022	5781	5787	6
3023	5787	5793	6
3024	5793	5799	6
3025	5799	5805	6
3026	5805	5811	6
3027	5811	5817	6
3028	5817	5823	6
3029	5823	5829	6
3030	5829	5835	6
3031	5835	5841	6
3032	5841	5847	6
3033	5847	5853	6
3034	5853	5859	6
3035	5859	5865	6
3036	5865	5871	6
3037	5871	5877	6
3038	5877	5883	6
3039	5883	5889	6
3040	5889	5895	6
3041	5895	5901	6
3042	5901	5907	6
3043	5907	5913	6
3044	5913	5919	6
3045	5919	5925	6
3046	5925	5931	6
3047	5931	5937	6
3048	5937	5943	6
3049	5943	5949	6
3050	5949	5955	6
3051	5955	5961	6
3052	5961	5967	6
3053	5967	5973	6
3054	5973	5979	6
3055	5979	5986	7
3056	5986	5993	7
3057	5993	6000	7
3058	6000	6007	7
3059	6007	6014	7
3060	6014	6021	7
3061	6021	6028	7
3062	6028	6035	7
3063	6035	6042	7
3064	6042	6049	7
3065	6049	6056	7
3066	6056	6063	7
3067	6063	6070	7
3068	6070	6077	7
3069	6077	6084	7
3070	6084	6091	7
3071	6091	6098	7
3072	6098	6105	7
3073	6105	6112	7
3074	6112	6119	7
3075	6119	6126	7
3076	6126	6133	7
3077	6133	6140	7
3078	6140	6147	7
3079	6147	6154	7
3080	6154	6161	7
3081	6161	6168	7
3082	6168	6175	7
3083	6175	6182	7
3084	6182	6189	7
3085	6189	6196	7
3086	6196	6203	7
3087	6203	6210	7
3088	6210	6217	7
3089	6217	6224	7
3090	6224	6231	7
3091	6231	6238	7
3092	6238	6245	7
3093	6245	6252	7
3094	6252	6259	7
3095	6259	6266	7
3096	6266	6273	7
3097	6273	6280	7
3098	6280	6287	7
3099	6287	6294	7
3100	6294	6301	7
3101	6301	6308	7
3102	6308	6315	7
3103	6315	6322	7
3104	6322	6329	7
3105	6329	6336	7
3106	6336	6343	7
3107	6343	6350	7
3108	6350	6357	7
3109	6357	6364	7
3110	6364	6371	7
3111	6371	6378	7
3112	6378	6385	7
3113	6385	6392	7
3114	6392	6399	7
3115	6399	6406	7
3116	6406	6413	7
3117	6413	6420	7
3118	6420	6427	7
3119	6427	6434	7
3120	6434	6441	7
3121	6441	6448	7
3122	6448	6455	7
3123	6455	6462	7
3124	6462	6469	7
3125	6469	6476	7
3126	6476	6483	7
3127	6483	6491	8
3128	6491	6499	8
3129	6499	6507	8
3130	6507	6515	8
3131	6515	6523	8
3132	6523	6531	8
3133	6531	6539	8
3134	6539	6547	8
3135	6547	6555	8
3136	6555	6563	8
3137	6563	6571	8
3138	6571	6579	8
3139	6579	6587	8
3140	6587	6595	8
3141	6595	6603	8
3142	6603	6611	8
3143	6611	6619	8
3144	6619	6627	8
3145	6627	6635	8
3146	6635	6643	8
3147	6643	6651	8
3148	6651	6659	8
3149	6659	6667	8
3150	6667	6675	8
3151	6675	6683	8
3152	6683	6691	8
3153	6691	6699	8
3154	6699	6707	8
3155	6707	6715	8
3156	6715	6723	8
3157	6723	6731	8
3158	6731	6739	8
3159	6739	6747	8
3160	6747	6755	8
3161	6755	6763	8
3162	6763	6771	8
3163	6771	6779	8
3164	6779	6787	8
3165	6787	6795	8
3166	6795	6803	8
3167	6803	6811	8
3168	6811	6819	8
3169	6819	6827	8
3170	6827	6835	8
3171	6835	6843	8
3172	6843	6851	8
3173	6851	6859	8
3174	6859	6867	8
3175	6867	6875	8
3176	6875	6883	8
3177	6883	6891	8
3178	6891	6899	8
3179	6899	6907	8
3180	6907	6915	8
3181	6915	6923	8
3182	6923	6931	8
3183	6931	6939	8
3184	6939	6947	8
3185	6947	6955	8
3186	6955	6963	8
3187	6963	6971	8
3188	6971	6979	8
3189	6979	6987	8
3190	6987	6995	8
3191	6995	7003	8
3192	7003	7011	8
3193	7011	7019	8
3194	7019	7027	8
3195	7027	7035	8
3196	7035	7043	8
3197	7043	7052	9
3198	7052	7061	9
3199	7061	7070	9
3200	7070	7079	9
3201	7079	7088	9
3202	7088	7097	9
3203	7097	7106	9
3204	7106	7115	9
3205	7115	7124	9
3206	7124	7133	9
3207	7133	7142	9
3208	7142	7151	9
3209	7151	7160	9
3210	7160	7169	9
3211	7169	7178	9
3212	7178	7187	9
3213	7187	7196	9
3214	7196	7205	9
3215	7205	7214	9
3216	7214	7223	9
3217	7223	7232	9
3218	7232	7241	9
3219	7241	7250	9
3220	7250	7259	9
3221	7259	7268	9
3222	7268	7277	9
3223	7277	7286	9
3224	7286	7295	9
3225	7295	7304	9
3226	7304	7313	9
3227	7313	7322	9
3228	7322	7331	9
3229	7331	7340	9
3230	7340	7349	9
3231	7349	7358	9
3232	7358	7367	9
3233	7367	7376	9
3234	7376	7385	9
3235	7385	7394	9
3236	7394	7403	9
3237	7403	7412	9
3238	7412	7421	9
3239	7421	7430	9
3240	7430	7439	9
3241	7439	7448	9
3242	7448	7457	9
3243	7457	7466	9
3244	7466	7475	9
3245	7475	7484	9
3246	7484	7493	9
3247	7493	7503	10
3248	7503	7513	10
3249	7513	7523	10
3250	7523	7533	10
3251	7533	7543	10
3252	7543	7553	10
3253	7553	7563	10
3254	7563	7573	10
3255	7573	7583	10
3256	7583	7593	10
3257	7593	7603	10
3258	7603	7613	10
3259	7613	7623	10
3260	7623	7633	10
3261	7633	7643	10
3262	7643	7653	10
3263	7653	7663	10
3264	7663	7673	10
3265	7673	7683	10
3266	7683	7693	10
3267	7693	7703	10
3268	7703	7713	10
3269	7713	7723	10
3270	7723	7733	10
3271	7733	7743	10
3272	7743	7753	10
3273	7753	7763	10
3274	7763	7773	10
3275	7773	7783	10
3276	7783	7793	10
3277	7793	7803	10
3278	7803	7813	10
3279	7813	7823	10
3280	7823	7833	10
3281	7833	7843	10
3282	7843	7853	10
3283	7853	7863	10
3284	7863	7873	10
3285	7873	7884	11
3286	7884	7895	11
3287	7895	7906	11
3288	7906	7917	11
3289	7917	7928	11
3290	7928	7939	11
3291	7939	7950	11
3292	7950	7961	11
3293	7961	7972	11
3294	7972	7983	11
3295	7983	7994	11
3296	7994	8005	11
3297	8005	8016	11
3298	8016	8027	11
3299	8027	8038	11
3300	8038	8049	11
3301	8049	8060	11
3302	8060	8071	11
3303	8071	8082	11
3304	8082	8093	11
3305	8093	8104	11
3306	8104	8115	11
3307	8115	8126	11
3308	8126	8137	11
3309	8137	8148	11
3310	8148	8159	11
3311	8159	8170	11
3312	8170	8181	11
3313	8181	8192	11
3314	8192	8203	11
3315	8203	8214	11
3316	8214	8225	11
3317	8225	8236	11
3318	8236	8247	11
3319	8247	8258	11
3320	8258	8269	11
3321	8269	8280	11
3322	8280	8291	11
3323	8291	8302	11
3324	8302	8313	11
3325	8313	8324	11
3326	8324	8335	11
3327	8335	8346	11
3328	8346	8358	12
3329	8358	8370	12
3330	8370	8382	12
3331	8382	8394	12
3332	8394	8406	12
3333	8406	8418	12
3334	8418	8430	12
3335	8430	8442	12
3336	8442	8454	12
3337	8454	8466	12
3338	8466	8478	12
3339	8478	8490	12
3340	8490	8502	12
3341	8502	8514	12
3342	8514	8526	12
3343	8526	8538	12
3344	8538	8550	12
3345	8550	8562	12
3346	8562	8574	12
3347	8574	8586	12
3348	8586	8598	12
3349	8598	8610	12
3350	8610	8622	12
3351	8622	8634	12
3352	8634	8646	12
3353	8646	8658	12
3354	8658	8670	12
3355	8670	8682	12
3356	8682	8694	12
3357	8694	8706	12
3358	8706	8718	12
3359	8718	8730	12
3360	8730	8742	12
3361	8742	8754	12
3362	8754	8766	12
3363	8766	8778	12
3364	8778	8790	12
3365	8790	8803	13
3366	8803	8816	13
3367	8816	8829	13
3368	8829	8842	13
3369	8842	8855	13
3370	8855	8868	13
3371	8868	8881	13
3372	8881	8894	13
3373	8894	8907	13
3374	8907	8920	13
3375	8920	8933	13
3376	8933	8946	13
3377	8946	8959	13
3378	8959	8972	13
3379	8972	8985	13
3380	8985	8998	13
3381	8998	9011	13
3382	9011	9024	13
3383	9024	9037	13
3384	9037	9050	13
3385	9050	9063	13
3386	9063	9076	13
3387	9076	9089	13
3388	9089	9102	13
3389	9102	9115	13
3390	9115	9128	13
3391	9128	9141	13
3392	9141	9154	13
3393	9154	9167	13
3394	9167	9180	13
3395	9180	9194	14
3396	9194	9208	14
3397	9208	9222	14
3398	9222	9236	14
3399	9236	9250	14
3400	9250	9264	14
3401	9264	9278	14
3402	9278	9292	14
3403	9292	9306	14
3404	9306	9320	14
3405	9320	9334	14
3406	9334	9348	14
3407	9348	9362	14
3408	9362	9376	14
3409	9376	9390	14
3410	9390	9404	14
3411	9404	9418	14
3412	9418	9432	14
3413	9432	9446	14
3414	9446	9460	14
3415	9460	9474	14
3416	9474	9488	14
3417	9488	9502	14
3418	9502	9516	14
3419	9516	9531	15
3420	9531	9546	15
3421	9546	9561	15
3422	9561	9576	15
3423	9576	9591	15
3424	9591	9606	15
3425	9606	9621	15
3426	9621	9636	15
3427	9636	9651	15
3428	9651	9666	15
3429	9666	9681	15
3430	9681	9696	15
3431	9696	9711	15
3432	9711	9726	15
3433	9726	9741	15
3434	9741	9756	15
3435	9756	9771	15
3436	9771	9786	15
3437	9786	9801	15
3438	9801	9816	15
3439	9816	9832	16
3440	9832	9848	16
3441	9848	9864	16
3442	9864	9880	16
3443	9880	9896	16
3444	9896	9912	16
3445	9912	9928	16
3446	9928	9944	16
3447	9944	9960	16
3448	9960	9976	16
3449	9976	9992	16
3450	9992	10008	16
3451	10008	10024	16
3452	10024	10040	16
3453	10040	10056	16
3454	10056	10072	16
3455	10072	10088	16
3456	10088	10104	16
3457	10104	10120	16
3458	10120	10136	16
3459	10136	10152	16
3460	10152	10169	17
3461	10169	10186	17
3462	10186	10203	17
