#
#N Pointing	tstart	tend	Obs time
#		s
1	210	211	1
2	211	212	1
3	212	213	1
4	213	214	1
5	214	215	1
6	215	216	1
7	216	217	1
8	217	218	1
9	218	219	1
10	219	220	1
11	220	221	1
12	221	222	1
13	222	223	1
14	223	224	1
15	224	225	1
16	225	226	1
17	226	227	1
18	227	228	1
19	228	229	1
20	229	230	1
21	230	231	1
22	231	232	1
23	232	233	1
24	233	234	1
25	234	235	1
26	235	236	1
27	236	237	1
28	237	238	1
29	238	239	1
30	239	240	1
31	240	241	1
32	241	242	1
33	242	243	1
34	243	244	1
35	244	245	1
36	245	246	1
37	246	247	1
38	247	248	1
39	248	249	1
40	249	250	1
41	250	251	1
42	251	252	1
43	252	253	1
44	253	254	1
45	254	255	1
46	255	256	1
47	256	257	1
48	257	258	1
49	258	259	1
50	259	260	1
51	260	261	1
52	261	262	1
53	262	263	1
54	263	264	1
55	264	265	1
56	265	266	1
57	266	267	1
58	267	268	1
59	268	269	1
60	269	270	1
61	270	271	1
62	271	272	1
63	272	273	1
64	273	274	1
65	274	275	1
66	275	276	1
67	276	277	1
68	277	278	1
69	278	279	1
70	279	280	1
71	280	281	1
72	281	282	1
73	282	283	1
74	283	284	1
75	284	285	1
76	285	286	1
77	286	287	1
78	287	288	1
79	288	289	1
80	289	290	1
81	290	291	1
82	291	292	1
83	292	293	1
84	293	294	1
85	294	295	1
86	295	296	1
87	296	297	1
88	297	298	1
89	298	299	1
90	299	300	1
91	300	301	1
92	301	302	1
93	302	303	1
94	303	304	1
95	304	305	1
96	305	306	1
97	306	307	1
98	307	308	1
99	308	309	1
100	309	310	1
101	310	311	1
102	311	312	1
103	312	313	1
104	313	314	1
105	314	315	1
106	315	316	1
107	316	317	1
108	317	318	1
109	318	319	1
110	319	320	1
111	320	321	1
112	321	322	1
113	322	323	1
114	323	324	1
115	324	325	1
116	325	326	1
117	326	327	1
118	327	328	1
119	328	329	1
120	329	330	1
121	330	331	1
122	331	332	1
123	332	333	1
124	333	334	1
125	334	335	1
126	335	336	1
127	336	337	1
128	337	338	1
129	338	339	1
130	339	340	1
131	340	341	1
132	341	342	1
133	342	343	1
134	343	344	1
135	344	345	1
136	345	346	1
137	346	347	1
138	347	348	1
139	348	349	1
140	349	350	1
141	350	351	1
142	351	352	1
143	352	353	1
144	353	354	1
145	354	355	1
146	355	356	1
147	356	357	1
148	357	358	1
149	358	359	1
150	359	360	1
151	360	361	1
152	361	362	1
153	362	363	1
154	363	364	1
155	364	365	1
156	365	366	1
157	366	367	1
158	367	368	1
159	368	369	1
160	369	370	1
161	370	371	1
162	371	372	1
163	372	373	1
164	373	374	1
165	374	375	1
166	375	376	1
167	376	377	1
168	377	378	1
169	378	379	1
170	379	380	1
171	380	381	1
172	381	382	1
173	382	383	1
174	383	384	1
175	384	385	1
176	385	386	1
177	386	387	1
178	387	388	1
179	388	389	1
180	389	390	1
181	390	391	1
182	391	392	1
183	392	393	1
184	393	394	1
185	394	395	1
186	395	396	1
187	396	397	1
188	397	398	1
189	398	399	1
190	399	400	1
191	400	401	1
192	401	402	1
193	402	403	1
194	403	404	1
195	404	405	1
196	405	406	1
197	406	407	1
198	407	408	1
199	408	409	1
200	409	410	1
201	410	411	1
202	411	412	1
203	412	413	1
204	413	414	1
205	414	415	1
206	415	416	1
207	416	417	1
208	417	418	1
209	418	419	1
210	419	420	1
211	420	421	1
212	421	422	1
213	422	423	1
214	423	424	1
215	424	425	1
216	425	426	1
217	426	427	1
218	427	428	1
219	428	429	1
220	429	430	1
221	430	431	1
222	431	432	1
223	432	433	1
224	433	434	1
225	434	435	1
226	435	436	1
227	436	437	1
228	437	438	1
229	438	439	1
230	439	440	1
231	440	441	1
232	441	442	1
233	442	443	1
234	443	444	1
235	444	445	1
236	445	446	1
237	446	447	1
238	447	448	1
239	448	449	1
240	449	450	1
241	450	451	1
242	451	452	1
243	452	453	1
244	453	454	1
245	454	455	1
246	455	456	1
247	456	457	1
248	457	458	1
249	458	459	1
250	459	460	1
251	460	461	1
252	461	462	1
253	462	463	1
254	463	464	1
255	464	465	1
256	465	466	1
257	466	467	1
258	467	468	1
259	468	469	1
260	469	470	1
261	470	471	1
262	471	472	1
263	472	473	1
264	473	474	1
265	474	475	1
266	475	476	1
267	476	477	1
268	477	478	1
269	478	479	1
270	479	480	1
271	480	481	1
272	481	482	1
273	482	483	1
274	483	484	1
275	484	485	1
276	485	486	1
277	486	487	1
278	487	488	1
279	488	489	1
280	489	490	1
281	490	491	1
282	491	492	1
283	492	493	1
284	493	494	1
285	494	495	1
286	495	496	1
287	496	497	1
288	497	498	1
289	498	499	1
290	499	500	1
291	500	501	1
292	501	502	1
293	502	503	1
294	503	504	1
295	504	505	1
296	505	506	1
297	506	507	1
298	507	508	1
299	508	509	1
300	509	510	1
301	510	511	1
302	511	512	1
303	512	513	1
304	513	514	1
305	514	515	1
306	515	516	1
307	516	517	1
308	517	518	1
309	518	519	1
310	519	520	1
311	520	521	1
312	521	522	1
313	522	523	1
314	523	524	1
315	524	525	1
316	525	526	1
317	526	527	1
318	527	528	1
319	528	529	1
320	529	530	1
321	530	531	1
322	531	532	1
323	532	533	1
324	533	534	1
325	534	535	1
326	535	536	1
327	536	537	1
328	537	538	1
329	538	539	1
330	539	540	1
331	540	541	1
332	541	542	1
333	542	543	1
334	543	544	1
335	544	545	1
336	545	546	1
337	546	547	1
338	547	548	1
339	548	549	1
340	549	550	1
341	550	551	1
342	551	552	1
343	552	553	1
344	553	554	1
345	554	555	1
346	555	556	1
347	556	557	1
348	557	558	1
349	558	559	1
350	559	560	1
351	560	561	1
352	561	562	1
353	562	563	1
354	563	564	1
355	564	565	1
356	565	566	1
357	566	567	1
358	567	568	1
359	568	569	1
360	569	570	1
361	570	571	1
362	571	572	1
363	572	573	1
364	573	574	1
365	574	575	1
366	575	576	1
367	576	577	1
368	577	578	1
369	578	579	1
370	579	580	1
371	580	581	1
372	581	582	1
373	582	583	1
374	583	584	1
375	584	585	1
376	585	586	1
377	586	587	1
378	587	588	1
379	588	589	1
380	589	590	1
381	590	591	1
382	591	592	1
383	592	593	1
384	593	594	1
385	594	595	1
386	595	596	1
387	596	597	1
388	597	598	1
389	598	599	1
390	599	600	1
391	600	601	1
392	601	602	1
393	602	603	1
394	603	604	1
395	604	605	1
396	605	606	1
397	606	607	1
398	607	608	1
399	608	609	1
400	609	610	1
401	610	611	1
402	611	612	1
403	612	613	1
404	613	614	1
405	614	615	1
406	615	616	1
407	616	617	1
408	617	618	1
409	618	619	1
410	619	620	1
411	620	621	1
412	621	622	1
413	622	623	1
414	623	624	1
415	624	625	1
416	625	626	1
417	626	627	1
418	627	628	1
419	628	629	1
420	629	630	1
421	630	631	1
422	631	632	1
423	632	633	1
424	633	634	1
425	634	635	1
426	635	636	1
427	636	637	1
428	637	638	1
429	638	639	1
430	639	640	1
431	640	641	1
432	641	642	1
433	642	643	1
434	643	644	1
435	644	645	1
436	645	646	1
437	646	647	1
438	647	648	1
439	648	649	1
440	649	650	1
441	650	651	1
442	651	652	1
443	652	653	1
444	653	654	1
445	654	655	1
446	655	656	1
447	656	657	1
448	657	658	1
449	658	659	1
450	659	660	1
451	660	661	1
452	661	662	1
453	662	663	1
454	663	664	1
455	664	665	1
456	665	666	1
457	666	667	1
458	667	668	1
459	668	669	1
460	669	670	1
461	670	671	1
462	671	672	1
463	672	673	1
464	673	674	1
465	674	675	1
466	675	676	1
467	676	677	1
468	677	678	1
469	678	679	1
470	679	680	1
471	680	681	1
472	681	682	1
473	682	683	1
474	683	684	1
475	684	685	1
476	685	686	1
477	686	687	1
478	687	688	1
479	688	689	1
480	689	690	1
481	690	691	1
482	691	692	1
483	692	693	1
484	693	694	1
485	694	695	1
486	695	696	1
487	696	697	1
488	697	698	1
489	698	699	1
490	699	700	1
491	700	701	1
492	701	702	1
493	702	703	1
494	703	704	1
495	704	705	1
496	705	706	1
497	706	707	1
498	707	708	1
499	708	709	1
500	709	710	1
501	710	711	1
502	711	712	1
503	712	713	1
504	713	714	1
505	714	715	1
506	715	716	1
507	716	717	1
508	717	718	1
509	718	719	1
510	719	720	1
511	720	721	1
512	721	722	1
513	722	723	1
514	723	724	1
515	724	725	1
516	725	726	1
517	726	727	1
518	727	728	1
519	728	729	1
520	729	730	1
521	730	731	1
522	731	732	1
523	732	733	1
524	733	734	1
525	734	735	1
526	735	736	1
527	736	737	1
528	737	738	1
529	738	739	1
530	739	740	1
531	740	741	1
532	741	742	1
533	742	743	1
534	743	744	1
535	744	745	1
536	745	746	1
537	746	747	1
538	747	748	1
539	748	749	1
540	749	750	1
541	750	751	1
542	751	752	1
543	752	753	1
544	753	754	1
545	754	755	1
546	755	756	1
547	756	757	1
548	757	758	1
549	758	759	1
550	759	760	1
551	760	761	1
552	761	762	1
553	762	763	1
554	763	764	1
555	764	765	1
556	765	766	1
557	766	767	1
558	767	768	1
559	768	769	1
560	769	770	1
561	770	771	1
562	771	772	1
563	772	773	1
564	773	774	1
565	774	775	1
566	775	776	1
567	776	777	1
568	777	778	1
569	778	779	1
570	779	780	1
571	780	781	1
572	781	782	1
573	782	783	1
574	783	784	1
575	784	785	1
576	785	786	1
577	786	787	1
578	787	788	1
579	788	789	1
580	789	790	1
581	790	791	1
582	791	792	1
583	792	793	1
584	793	794	1
585	794	795	1
586	795	796	1
587	796	797	1
588	797	798	1
589	798	799	1
590	799	800	1
591	800	801	1
592	801	802	1
593	802	803	1
594	803	804	1
595	804	805	1
596	805	806	1
597	806	807	1
598	807	808	1
599	808	809	1
600	809	810	1
601	810	811	1
602	811	812	1
603	812	813	1
604	813	814	1
605	814	815	1
606	815	816	1
607	816	817	1
608	817	818	1
609	818	819	1
610	819	820	1
611	820	821	1
612	821	822	1
613	822	823	1
614	823	824	1
615	824	825	1
616	825	826	1
617	826	827	1
618	827	828	1
619	828	829	1
620	829	830	1
621	830	831	1
622	831	832	1
623	832	833	1
624	833	834	1
625	834	835	1
626	835	836	1
627	836	837	1
628	837	838	1
629	838	839	1
630	839	840	1
631	840	841	1
632	841	842	1
633	842	843	1
634	843	844	1
635	844	845	1
636	845	846	1
637	846	847	1
638	847	848	1
639	848	849	1
640	849	850	1
641	850	851	1
642	851	852	1
643	852	853	1
644	853	854	1
645	854	855	1
646	855	856	1
647	856	857	1
648	857	858	1
649	858	859	1
650	859	860	1
651	860	861	1
652	861	862	1
653	862	863	1
654	863	864	1
655	864	865	1
656	865	866	1
657	866	867	1
658	867	868	1
659	868	869	1
660	869	870	1
661	870	871	1
662	871	872	1
663	872	873	1
664	873	874	1
665	874	875	1
666	875	876	1
667	876	877	1
668	877	878	1
669	878	879	1
670	879	880	1
671	880	881	1
672	881	882	1
673	882	883	1
674	883	884	1
675	884	885	1
676	885	886	1
677	886	887	1
678	887	888	1
679	888	889	1
680	889	890	1
681	890	891	1
682	891	892	1
683	892	893	1
684	893	894	1
685	894	895	1
686	895	896	1
687	896	897	1
688	897	898	1
689	898	899	1
690	899	900	1
691	900	901	1
692	901	902	1
693	902	903	1
694	903	904	1
695	904	905	1
696	905	906	1
697	906	907	1
698	907	908	1
699	908	909	1
700	909	910	1
701	910	911	1
702	911	912	1
703	912	913	1
704	913	914	1
705	914	915	1
706	915	916	1
707	916	917	1
708	917	918	1
709	918	919	1
710	919	920	1
711	920	921	1
712	921	922	1
713	922	923	1
714	923	924	1
715	924	925	1
716	925	926	1
717	926	927	1
718	927	928	1
719	928	929	1
720	929	930	1
721	930	931	1
722	931	932	1
723	932	933	1
724	933	934	1
725	934	935	1
726	935	936	1
727	936	937	1
728	937	938	1
729	938	939	1
730	939	940	1
731	940	941	1
732	941	942	1
733	942	943	1
734	943	944	1
735	944	945	1
736	945	946	1
737	946	947	1
738	947	948	1
739	948	949	1
740	949	950	1
741	950	951	1
742	951	952	1
743	952	953	1
744	953	954	1
745	954	955	1
746	955	956	1
747	956	957	1
748	957	958	1
749	958	959	1
750	959	960	1
751	960	961	1
752	961	962	1
753	962	963	1
754	963	964	1
755	964	965	1
756	965	966	1
757	966	967	1
758	967	968	1
759	968	969	1
760	969	970	1
761	970	971	1
762	971	972	1
763	972	973	1
764	973	974	1
765	974	975	1
766	975	976	1
767	976	977	1
768	977	978	1
769	978	979	1
770	979	980	1
771	980	981	1
772	981	982	1
773	982	983	1
774	983	984	1
775	984	985	1
776	985	986	1
777	986	987	1
778	987	988	1
779	988	989	1
780	989	990	1
781	990	991	1
782	991	992	1
783	992	993	1
784	993	994	1
785	994	995	1
786	995	996	1
787	996	997	1
788	997	998	1
789	998	999	1
790	999	1000	1
791	1000	1001	1
792	1001	1002	1
793	1002	1003	1
794	1003	1004	1
795	1004	1005	1
796	1005	1006	1
797	1006	1007	1
798	1007	1008	1
799	1008	1009	1
800	1009	1010	1
801	1010	1011	1
802	1011	1012	1
803	1012	1013	1
804	1013	1014	1
805	1014	1015	1
806	1015	1016	1
807	1016	1017	1
808	1017	1018	1
809	1018	1019	1
810	1019	1020	1
811	1020	1021	1
812	1021	1022	1
813	1022	1023	1
814	1023	1024	1
815	1024	1025	1
816	1025	1026	1
817	1026	1027	1
818	1027	1028	1
819	1028	1029	1
820	1029	1030	1
821	1030	1031	1
822	1031	1032	1
823	1032	1033	1
824	1033	1034	1
825	1034	1035	1
826	1035	1036	1
827	1036	1037	1
828	1037	1038	1
829	1038	1039	1
830	1039	1040	1
831	1040	1041	1
832	1041	1042	1
833	1042	1043	1
834	1043	1044	1
835	1044	1045	1
836	1045	1046	1
837	1046	1047	1
838	1047	1048	1
839	1048	1049	1
840	1049	1050	1
841	1050	1051	1
842	1051	1052	1
843	1052	1053	1
844	1053	1054	1
845	1054	1055	1
846	1055	1056	1
847	1056	1057	1
848	1057	1058	1
849	1058	1059	1
850	1059	1060	1
851	1060	1061	1
852	1061	1062	1
853	1062	1063	1
854	1063	1064	1
855	1064	1065	1
856	1065	1066	1
857	1066	1067	1
858	1067	1068	1
859	1068	1069	1
860	1069	1070	1
861	1070	1071	1
862	1071	1072	1
863	1072	1073	1
864	1073	1074	1
865	1074	1075	1
866	1075	1076	1
867	1076	1077	1
868	1077	1078	1
869	1078	1079	1
870	1079	1080	1
871	1080	1081	1
872	1081	1082	1
873	1082	1083	1
874	1083	1084	1
875	1084	1085	1
876	1085	1086	1
877	1086	1087	1
878	1087	1088	1
879	1088	1089	1
880	1089	1090	1
881	1090	1091	1
882	1091	1092	1
883	1092	1093	1
884	1093	1094	1
885	1094	1095	1
886	1095	1096	1
887	1096	1097	1
888	1097	1098	1
889	1098	1099	1
890	1099	1100	1
891	1100	1101	1
892	1101	1102	1
893	1102	1103	1
894	1103	1104	1
895	1104	1105	1
896	1105	1106	1
897	1106	1107	1
898	1107	1108	1
899	1108	1109	1
900	1109	1110	1
901	1110	1111	1
902	1111	1112	1
903	1112	1113	1
904	1113	1114	1
905	1114	1115	1
906	1115	1116	1
907	1116	1117	1
908	1117	1118	1
909	1118	1119	1
910	1119	1120	1
911	1120	1121	1
912	1121	1122	1
913	1122	1123	1
914	1123	1124	1
915	1124	1125	1
916	1125	1126	1
917	1126	1127	1
918	1127	1128	1
919	1128	1129	1
920	1129	1130	1
921	1130	1131	1
922	1131	1132	1
923	1132	1133	1
924	1133	1134	1
925	1134	1135	1
926	1135	1136	1
927	1136	1137	1
928	1137	1138	1
929	1138	1139	1
930	1139	1140	1
931	1140	1141	1
932	1141	1142	1
933	1142	1143	1
934	1143	1144	1
935	1144	1145	1
936	1145	1146	1
937	1146	1147	1
938	1147	1148	1
939	1148	1149	1
940	1149	1150	1
941	1150	1151	1
942	1151	1152	1
943	1152	1153	1
944	1153	1154	1
945	1154	1155	1
946	1155	1156	1
947	1156	1157	1
948	1157	1158	1
949	1158	1159	1
950	1159	1160	1
951	1160	1161	1
952	1161	1162	1
953	1162	1163	1
954	1163	1164	1
955	1164	1165	1
956	1165	1166	1
957	1166	1167	1
958	1167	1168	1
959	1168	1169	1
960	1169	1170	1
961	1170	1171	1
962	1171	1172	1
963	1172	1173	1
964	1173	1174	1
965	1174	1175	1
966	1175	1176	1
967	1176	1177	1
968	1177	1178	1
969	1178	1179	1
970	1179	1180	1
971	1180	1181	1
972	1181	1182	1
973	1182	1183	1
974	1183	1184	1
975	1184	1185	1
976	1185	1186	1
977	1186	1187	1
978	1187	1188	1
979	1188	1189	1
980	1189	1190	1
981	1190	1191	1
982	1191	1192	1
983	1192	1193	1
984	1193	1194	1
985	1194	1195	1
986	1195	1196	1
987	1196	1197	1
988	1197	1198	1
989	1198	1199	1
990	1199	1200	1
991	1200	1201	1
992	1201	1202	1
993	1202	1203	1
994	1203	1204	1
995	1204	1205	1
996	1205	1206	1
997	1206	1207	1
998	1207	1208	1
999	1208	1209	1
1000	1209	1210	1
1001	1210	1211	1
1002	1211	1212	1
1003	1212	1213	1
1004	1213	1214	1
1005	1214	1215	1
1006	1215	1216	1
1007	1216	1217	1
1008	1217	1218	1
1009	1218	1219	1
1010	1219	1220	1
1011	1220	1221	1
1012	1221	1222	1
1013	1222	1223	1
1014	1223	1224	1
1015	1224	1225	1
1016	1225	1226	1
1017	1226	1227	1
1018	1227	1228	1
1019	1228	1229	1
1020	1229	1230	1
1021	1230	1231	1
1022	1231	1232	1
1023	1232	1233	1
1024	1233	1234	1
1025	1234	1235	1
1026	1235	1236	1
1027	1236	1237	1
1028	1237	1238	1
1029	1238	1239	1
1030	1239	1240	1
1031	1240	1241	1
1032	1241	1242	1
1033	1242	1243	1
1034	1243	1244	1
1035	1244	1245	1
1036	1245	1246	1
1037	1246	1247	1
1038	1247	1248	1
1039	1248	1249	1
1040	1249	1250	1
1041	1250	1251	1
1042	1251	1252	1
1043	1252	1253	1
1044	1253	1254	1
1045	1254	1255	1
1046	1255	1256	1
1047	1256	1257	1
1048	1257	1258	1
1049	1258	1259	1
1050	1259	1260	1
1051	1260	1261	1
1052	1261	1262	1
1053	1262	1263	1
1054	1263	1264	1
1055	1264	1265	1
1056	1265	1266	1
1057	1266	1267	1
1058	1267	1268	1
1059	1268	1269	1
1060	1269	1270	1
1061	1270	1271	1
1062	1271	1272	1
1063	1272	1273	1
1064	1273	1274	1
1065	1274	1275	1
1066	1275	1276	1
1067	1276	1277	1
1068	1277	1278	1
1069	1278	1279	1
1070	1279	1280	1
1071	1280	1281	1
1072	1281	1282	1
1073	1282	1283	1
1074	1283	1284	1
1075	1284	1285	1
1076	1285	1286	1
1077	1286	1287	1
1078	1287	1288	1
1079	1288	1289	1
1080	1289	1290	1
1081	1290	1291	1
1082	1291	1292	1
1083	1292	1293	1
1084	1293	1294	1
1085	1294	1295	1
1086	1295	1296	1
1087	1296	1297	1
1088	1297	1298	1
1089	1298	1299	1
1090	1299	1300	1
1091	1300	1301	1
1092	1301	1302	1
1093	1302	1303	1
1094	1303	1304	1
1095	1304	1305	1
1096	1305	1306	1
1097	1306	1307	1
1098	1307	1308	1
1099	1308	1309	1
1100	1309	1310	1
1101	1310	1311	1
1102	1311	1312	1
1103	1312	1313	1
1104	1313	1314	1
1105	1314	1315	1
1106	1315	1316	1
1107	1316	1317	1
1108	1317	1318	1
1109	1318	1319	1
1110	1319	1320	1
1111	1320	1321	1
1112	1321	1322	1
1113	1322	1323	1
1114	1323	1324	1
1115	1324	1325	1
1116	1325	1326	1
1117	1326	1327	1
1118	1327	1328	1
1119	1328	1329	1
1120	1329	1330	1
1121	1330	1331	1
1122	1331	1332	1
1123	1332	1333	1
1124	1333	1334	1
1125	1334	1335	1
1126	1335	1336	1
1127	1336	1337	1
1128	1337	1338	1
1129	1338	1339	1
1130	1339	1340	1
1131	1340	1341	1
1132	1341	1342	1
1133	1342	1343	1
1134	1343	1344	1
1135	1344	1345	1
1136	1345	1346	1
1137	1346	1347	1
1138	1347	1348	1
1139	1348	1349	1
1140	1349	1350	1
1141	1350	1351	1
1142	1351	1352	1
1143	1352	1353	1
1144	1353	1354	1
1145	1354	1355	1
1146	1355	1356	1
1147	1356	1357	1
1148	1357	1358	1
1149	1358	1359	1
1150	1359	1360	1
1151	1360	1361	1
1152	1361	1362	1
1153	1362	1363	1
1154	1363	1364	1
1155	1364	1365	1
1156	1365	1366	1
1157	1366	1367	1
1158	1367	1368	1
1159	1368	1369	1
1160	1369	1370	1
1161	1370	1371	1
1162	1371	1372	1
1163	1372	1373	1
1164	1373	1374	1
1165	1374	1375	1
1166	1375	1376	1
1167	1376	1377	1
1168	1377	1378	1
1169	1378	1379	1
1170	1379	1380	1
1171	1380	1381	1
1172	1381	1382	1
1173	1382	1383	1
1174	1383	1384	1
1175	1384	1385	1
1176	1385	1386	1
1177	1386	1387	1
1178	1387	1388	1
1179	1388	1389	1
1180	1389	1390	1
1181	1390	1391	1
1182	1391	1392	1
1183	1392	1393	1
1184	1393	1394	1
1185	1394	1395	1
1186	1395	1396	1
1187	1396	1397	1
1188	1397	1398	1
1189	1398	1399	1
1190	1399	1400	1
1191	1400	1401	1
1192	1401	1402	1
1193	1402	1403	1
1194	1403	1404	1
1195	1404	1405	1
1196	1405	1406	1
1197	1406	1407	1
1198	1407	1408	1
1199	1408	1409	1
1200	1409	1410	1
1201	1410	1411	1
1202	1411	1412	1
1203	1412	1413	1
1204	1413	1414	1
1205	1414	1415	1
1206	1415	1416	1
1207	1416	1417	1
1208	1417	1418	1
1209	1418	1419	1
1210	1419	1420	1
1211	1420	1421	1
1212	1421	1422	1
1213	1422	1423	1
1214	1423	1424	1
1215	1424	1425	1
1216	1425	1426	1
1217	1426	1427	1
1218	1427	1428	1
1219	1428	1429	1
1220	1429	1430	1
1221	1430	1431	1
1222	1431	1432	1
1223	1432	1433	1
1224	1433	1434	1
1225	1434	1435	1
1226	1435	1436	1
1227	1436	1437	1
1228	1437	1438	1
1229	1438	1439	1
1230	1439	1440	1
1231	1440	1441	1
1232	1441	1442	1
1233	1442	1443	1
1234	1443	1444	1
1235	1444	1445	1
1236	1445	1446	1
1237	1446	1447	1
1238	1447	1448	1
1239	1448	1449	1
1240	1449	1450	1
1241	1450	1451	1
1242	1451	1452	1
1243	1452	1453	1
1244	1453	1454	1
1245	1454	1455	1
1246	1455	1456	1
1247	1456	1457	1
1248	1457	1458	1
1249	1458	1459	1
1250	1459	1460	1
1251	1460	1461	1
1252	1461	1462	1
1253	1462	1463	1
1254	1463	1464	1
1255	1464	1465	1
1256	1465	1466	1
1257	1466	1467	1
1258	1467	1468	1
1259	1468	1469	1
1260	1469	1470	1
1261	1470	1471	1
1262	1471	1472	1
1263	1472	1473	1
1264	1473	1474	1
1265	1474	1475	1
1266	1475	1476	1
1267	1476	1477	1
1268	1477	1478	1
1269	1478	1479	1
1270	1479	1480	1
1271	1480	1481	1
1272	1481	1482	1
1273	1482	1483	1
1274	1483	1484	1
1275	1484	1485	1
1276	1485	1486	1
1277	1486	1487	1
1278	1487	1488	1
1279	1488	1489	1
1280	1489	1490	1
1281	1490	1491	1
1282	1491	1492	1
1283	1492	1493	1
1284	1493	1494	1
1285	1494	1495	1
1286	1495	1496	1
1287	1496	1497	1
1288	1497	1498	1
1289	1498	1499	1
1290	1499	1500	1
1291	1500	1501	1
1292	1501	1502	1
1293	1502	1503	1
1294	1503	1504	1
1295	1504	1505	1
1296	1505	1506	1
1297	1506	1507	1
1298	1507	1508	1
1299	1508	1509	1
1300	1509	1510	1
1301	1510	1511	1
1302	1511	1512	1
1303	1512	1513	1
1304	1513	1514	1
1305	1514	1515	1
1306	1515	1516	1
1307	1516	1517	1
1308	1517	1518	1
1309	1518	1519	1
1310	1519	1520	1
1311	1520	1521	1
1312	1521	1522	1
1313	1522	1523	1
1314	1523	1524	1
1315	1524	1525	1
1316	1525	1526	1
1317	1526	1527	1
1318	1527	1528	1
1319	1528	1529	1
1320	1529	1530	1
1321	1530	1531	1
1322	1531	1532	1
1323	1532	1533	1
1324	1533	1534	1
1325	1534	1535	1
1326	1535	1536	1
1327	1536	1537	1
1328	1537	1538	1
1329	1538	1539	1
1330	1539	1540	1
1331	1540	1541	1
1332	1541	1542	1
1333	1542	1543	1
1334	1543	1544	1
1335	1544	1545	1
1336	1545	1546	1
1337	1546	1547	1
1338	1547	1548	1
1339	1548	1549	1
1340	1549	1550	1
1341	1550	1551	1
1342	1551	1552	1
1343	1552	1553	1
1344	1553	1554	1
1345	1554	1555	1
1346	1555	1556	1
1347	1556	1557	1
1348	1557	1558	1
1349	1558	1559	1
1350	1559	1560	1
1351	1560	1561	1
1352	1561	1562	1
1353	1562	1563	1
1354	1563	1564	1
1355	1564	1565	1
1356	1565	1566	1
1357	1566	1567	1
1358	1567	1568	1
1359	1568	1569	1
1360	1569	1570	1
1361	1570	1571	1
1362	1571	1572	1
1363	1572	1573	1
1364	1573	1574	1
1365	1574	1575	1
1366	1575	1576	1
1367	1576	1577	1
1368	1577	1578	1
1369	1578	1579	1
1370	1579	1580	1
1371	1580	1581	1
1372	1581	1582	1
1373	1582	1583	1
1374	1583	1584	1
1375	1584	1585	1
1376	1585	1586	1
1377	1586	1587	1
1378	1587	1588	1
1379	1588	1589	1
1380	1589	1590	1
1381	1590	1591	1
1382	1591	1592	1
1383	1592	1593	1
1384	1593	1594	1
1385	1594	1595	1
1386	1595	1596	1
1387	1596	1597	1
1388	1597	1598	1
1389	1598	1599	1
1390	1599	1600	1
1391	1600	1601	1
1392	1601	1602	1
1393	1602	1603	1
1394	1603	1604	1
1395	1604	1605	1
1396	1605	1606	1
1397	1606	1607	1
1398	1607	1608	1
1399	1608	1609	1
1400	1609	1610	1
1401	1610	1611	1
1402	1611	1612	1
1403	1612	1613	1
1404	1613	1614	1
1405	1614	1615	1
1406	1615	1616	1
1407	1616	1617	1
1408	1617	1618	1
1409	1618	1619	1
1410	1619	1620	1
1411	1620	1621	1
1412	1621	1622	1
1413	1622	1623	1
1414	1623	1624	1
1415	1624	1625	1
1416	1625	1626	1
1417	1626	1627	1
1418	1627	1628	1
1419	1628	1629	1
1420	1629	1630	1
1421	1630	1631	1
1422	1631	1632	1
1423	1632	1633	1
1424	1633	1634	1
1425	1634	1635	1
1426	1635	1636	1
1427	1636	1637	1
1428	1637	1638	1
1429	1638	1639	1
1430	1639	1640	1
1431	1640	1641	1
1432	1641	1642	1
1433	1642	1643	1
1434	1643	1644	1
1435	1644	1645	1
1436	1645	1646	1
1437	1646	1647	1
1438	1647	1648	1
1439	1648	1649	1
1440	1649	1650	1
1441	1650	1651	1
1442	1651	1652	1
1443	1652	1653	1
1444	1653	1654	1
1445	1654	1655	1
1446	1655	1656	1
1447	1656	1657	1
1448	1657	1658	1
1449	1658	1659	1
1450	1659	1660	1
1451	1660	1661	1
1452	1661	1662	1
1453	1662	1663	1
1454	1663	1664	1
1455	1664	1665	1
1456	1665	1666	1
1457	1666	1667	1
1458	1667	1668	1
1459	1668	1669	1
1460	1669	1670	1
1461	1670	1671	1
1462	1671	1672	1
1463	1672	1673	1
1464	1673	1674	1
1465	1674	1675	1
1466	1675	1676	1
1467	1676	1677	1
1468	1677	1678	1
1469	1678	1679	1
1470	1679	1680	1
1471	1680	1681	1
1472	1681	1682	1
1473	1682	1683	1
1474	1683	1684	1
1475	1684	1685	1
1476	1685	1686	1
1477	1686	1687	1
1478	1687	1688	1
1479	1688	1689	1
1480	1689	1690	1
1481	1690	1691	1
1482	1691	1692	1
1483	1692	1693	1
1484	1693	1694	1
1485	1694	1695	1
1486	1695	1696	1
1487	1696	1697	1
1488	1697	1698	1
1489	1698	1699	1
1490	1699	1700	1
1491	1700	1701	1
1492	1701	1702	1
1493	1702	1703	1
1494	1703	1704	1
1495	1704	1705	1
1496	1705	1706	1
1497	1706	1707	1
1498	1707	1708	1
1499	1708	1709	1
1500	1709	1710	1
1501	1710	1711	1
1502	1711	1712	1
1503	1712	1713	1
1504	1713	1714	1
1505	1714	1715	1
1506	1715	1716	1
1507	1716	1717	1
1508	1717	1718	1
1509	1718	1719	1
1510	1719	1720	1
1511	1720	1721	1
1512	1721	1722	1
1513	1722	1723	1
1514	1723	1724	1
1515	1724	1725	1
1516	1725	1726	1
1517	1726	1727	1
1518	1727	1728	1
1519	1728	1729	1
1520	1729	1730	1
1521	1730	1731	1
1522	1731	1732	1
1523	1732	1733	1
1524	1733	1734	1
1525	1734	1735	1
1526	1735	1736	1
1527	1736	1737	1
1528	1737	1738	1
1529	1738	1739	1
1530	1739	1740	1
1531	1740	1741	1
1532	1741	1742	1
1533	1742	1743	1
1534	1743	1744	1
1535	1744	1745	1
1536	1745	1746	1
1537	1746	1747	1
1538	1747	1748	1
1539	1748	1749	1
1540	1749	1750	1
1541	1750	1751	1
1542	1751	1752	1
1543	1752	1753	1
1544	1753	1754	1
1545	1754	1755	1
1546	1755	1756	1
1547	1756	1757	1
1548	1757	1758	1
1549	1758	1759	1
1550	1759	1760	1
1551	1760	1761	1
1552	1761	1762	1
1553	1762	1763	1
1554	1763	1764	1
1555	1764	1765	1
1556	1765	1766	1
1557	1766	1767	1
1558	1767	1768	1
1559	1768	1769	1
1560	1769	1770	1
1561	1770	1771	1
1562	1771	1772	1
1563	1772	1773	1
1564	1773	1774	1
1565	1774	1775	1
1566	1775	1776	1
1567	1776	1777	1
1568	1777	1778	1
1569	1778	1779	1
1570	1779	1780	1
1571	1780	1781	1
1572	1781	1782	1
1573	1782	1783	1
1574	1783	1784	1
1575	1784	1785	1
1576	1785	1786	1
1577	1786	1787	1
1578	1787	1788	1
1579	1788	1789	1
1580	1789	1790	1
1581	1790	1791	1
1582	1791	1792	1
1583	1792	1793	1
1584	1793	1794	1
1585	1794	1795	1
1586	1795	1796	1
1587	1796	1797	1
1588	1797	1798	1
1589	1798	1799	1
1590	1799	1800	1
1591	1800	1801	1
1592	1801	1802	1
1593	1802	1803	1
1594	1803	1804	1
1595	1804	1805	1
1596	1805	1806	1
1597	1806	1807	1
1598	1807	1808	1
1599	1808	1809	1
1600	1809	1810	1
1601	1810	1811	1
1602	1811	1812	1
1603	1812	1813	1
1604	1813	1814	1
1605	1814	1815	1
1606	1815	1816	1
1607	1816	1817	1
1608	1817	1818	1
1609	1818	1819	1
1610	1819	1820	1
1611	1820	1821	1
1612	1821	1822	1
1613	1822	1823	1
1614	1823	1824	1
1615	1824	1825	1
1616	1825	1826	1
1617	1826	1827	1
1618	1827	1828	1
1619	1828	1829	1
1620	1829	1830	1
1621	1830	1831	1
1622	1831	1832	1
1623	1832	1833	1
1624	1833	1834	1
1625	1834	1835	1
1626	1835	1836	1
1627	1836	1837	1
1628	1837	1838	1
1629	1838	1839	1
1630	1839	1840	1
1631	1840	1841	1
1632	1841	1842	1
1633	1842	1843	1
1634	1843	1844	1
1635	1844	1845	1
1636	1845	1846	1
1637	1846	1847	1
1638	1847	1848	1
1639	1848	1849	1
1640	1849	1850	1
1641	1850	1851	1
1642	1851	1852	1
1643	1852	1853	1
1644	1853	1854	1
1645	1854	1855	1
1646	1855	1856	1
1647	1856	1857	1
1648	1857	1858	1
1649	1858	1859	1
1650	1859	1860	1
1651	1860	1861	1
1652	1861	1862	1
1653	1862	1863	1
1654	1863	1864	1
1655	1864	1865	1
1656	1865	1866	1
1657	1866	1867	1
1658	1867	1868	1
1659	1868	1869	1
1660	1869	1870	1
1661	1870	1871	1
1662	1871	1872	1
1663	1872	1873	1
1664	1873	1874	1
1665	1874	1875	1
1666	1875	1876	1
1667	1876	1877	1
1668	1877	1878	1
1669	1878	1879	1
1670	1879	1880	1
1671	1880	1881	1
1672	1881	1882	1
1673	1882	1883	1
1674	1883	1884	1
1675	1884	1885	1
1676	1885	1886	1
1677	1886	1887	1
1678	1887	1888	1
1679	1888	1889	1
1680	1889	1890	1
1681	1890	1891	1
1682	1891	1892	1
1683	1892	1893	1
1684	1893	1894	1
1685	1894	1895	1
1686	1895	1896	1
1687	1896	1897	1
1688	1897	1898	1
1689	1898	1899	1
1690	1899	1900	1
1691	1900	1901	1
1692	1901	1902	1
1693	1902	1903	1
1694	1903	1904	1
1695	1904	1905	1
1696	1905	1906	1
1697	1906	1907	1
1698	1907	1908	1
1699	1908	1909	1
1700	1909	1910	1
1701	1910	1911	1
1702	1911	1912	1
1703	1912	1913	1
1704	1913	1914	1
1705	1914	1915	1
1706	1915	1916	1
1707	1916	1917	1
1708	1917	1918	1
1709	1918	1919	1
1710	1919	1920	1
1711	1920	1921	1
1712	1921	1922	1
1713	1922	1923	1
1714	1923	1924	1
1715	1924	1925	1
1716	1925	1926	1
1717	1926	1927	1
1718	1927	1928	1
1719	1928	1929	1
1720	1929	1930	1
1721	1930	1931	1
1722	1931	1932	1
1723	1932	1933	1
1724	1933	1934	1
1725	1934	1935	1
1726	1935	1936	1
1727	1936	1937	1
1728	1937	1938	1
1729	1938	1939	1
1730	1939	1940	1
1731	1940	1941	1
1732	1941	1942	1
1733	1942	1943	1
1734	1943	1944	1
1735	1944	1945	1
1736	1945	1946	1
1737	1946	1947	1
1738	1947	1948	1
1739	1948	1949	1
1740	1949	1950	1
1741	1950	1951	1
1742	1951	1952	1
1743	1952	1953	1
1744	1953	1954	1
1745	1954	1955	1
1746	1955	1956	1
1747	1956	1957	1
1748	1957	1958	1
1749	1958	1959	1
1750	1959	1960	1
1751	1960	1961	1
1752	1961	1962	1
1753	1962	1963	1
1754	1963	1964	1
1755	1964	1965	1
1756	1965	1966	1
1757	1966	1967	1
1758	1967	1968	1
1759	1968	1969	1
1760	1969	1970	1
1761	1970	1971	1
1762	1971	1972	1
1763	1972	1973	1
1764	1973	1974	1
1765	1974	1975	1
1766	1975	1976	1
1767	1976	1977	1
1768	1977	1978	1
1769	1978	1979	1
1770	1979	1980	1
1771	1980	1981	1
1772	1981	1982	1
1773	1982	1983	1
1774	1983	1984	1
1775	1984	1985	1
1776	1985	1986	1
1777	1986	1987	1
1778	1987	1988	1
1779	1988	1989	1
1780	1989	1990	1
1781	1990	1991	1
1782	1991	1992	1
1783	1992	1993	1
1784	1993	1994	1
1785	1994	1995	1
1786	1995	1996	1
1787	1996	1997	1
1788	1997	1998	1
1789	1998	1999	1
1790	1999	2000	1
1791	2000	2001	1
1792	2001	2002	1
1793	2002	2003	1
1794	2003	2004	1
1795	2004	2005	1
1796	2005	2006	1
1797	2006	2007	1
1798	2007	2008	1
1799	2008	2009	1
1800	2009	2010	1
1801	2010	2011	1
1802	2011	2012	1
1803	2012	2013	1
1804	2013	2014	1
1805	2014	2015	1
1806	2015	2016	1
1807	2016	2017	1
1808	2017	2018	1
1809	2018	2019	1
1810	2019	2020	1
1811	2020	2021	1
1812	2021	2022	1
1813	2022	2023	1
1814	2023	2024	1
1815	2024	2025	1
1816	2025	2026	1
1817	2026	2027	1
1818	2027	2028	1
1819	2028	2029	1
1820	2029	2030	1
1821	2030	2031	1
1822	2031	2032	1
1823	2032	2033	1
1824	2033	2034	1
1825	2034	2035	1
1826	2035	2036	1
1827	2036	2037	1
1828	2037	2038	1
1829	2038	2039	1
1830	2039	2040	1
1831	2040	2041	1
1832	2041	2042	1
1833	2042	2043	1
1834	2043	2044	1
1835	2044	2045	1
1836	2045	2046	1
1837	2046	2047	1
1838	2047	2048	1
1839	2048	2049	1
1840	2049	2050	1
1841	2050	2051	1
1842	2051	2052	1
1843	2052	2053	1
1844	2053	2054	1
1845	2054	2055	1
1846	2055	2056	1
1847	2056	2057	1
1848	2057	2058	1
1849	2058	2059	1
1850	2059	2060	1
1851	2060	2061	1
1852	2061	2062	1
1853	2062	2063	1
1854	2063	2064	1
1855	2064	2065	1
1856	2065	2066	1
1857	2066	2067	1
1858	2067	2068	1
1859	2068	2069	1
1860	2069	2070	1
1861	2070	2071	1
1862	2071	2072	1
1863	2072	2073	1
1864	2073	2074	1
1865	2074	2075	1
1866	2075	2076	1
1867	2076	2077	1
1868	2077	2078	1
1869	2078	2079	1
1870	2079	2080	1
1871	2080	2081	1
1872	2081	2082	1
1873	2082	2083	1
1874	2083	2084	1
1875	2084	2085	1
1876	2085	2086	1
1877	2086	2087	1
1878	2087	2088	1
1879	2088	2089	1
1880	2089	2090	1
1881	2090	2091	1
1882	2091	2092	1
1883	2092	2093	1
1884	2093	2094	1
1885	2094	2095	1
1886	2095	2096	1
1887	2096	2097	1
1888	2097	2098	1
1889	2098	2099	1
1890	2099	2100	1
1891	2100	2101	1
1892	2101	2102	1
1893	2102	2103	1
1894	2103	2104	1
1895	2104	2105	1
1896	2105	2106	1
1897	2106	2107	1
1898	2107	2108	1
1899	2108	2109	1
1900	2109	2110	1
1901	2110	2111	1
1902	2111	2112	1
1903	2112	2113	1
1904	2113	2114	1
1905	2114	2115	1
1906	2115	2116	1
1907	2116	2117	1
1908	2117	2118	1
1909	2118	2119	1
1910	2119	2120	1
1911	2120	2121	1
1912	2121	2122	1
1913	2122	2123	1
1914	2123	2124	1
1915	2124	2125	1
1916	2125	2126	1
1917	2126	2127	1
1918	2127	2128	1
1919	2128	2129	1
1920	2129	2130	1
1921	2130	2131	1
1922	2131	2132	1
1923	2132	2133	1
1924	2133	2134	1
1925	2134	2135	1
1926	2135	2136	1
1927	2136	2137	1
1928	2137	2138	1
1929	2138	2139	1
1930	2139	2140	1
1931	2140	2141	1
1932	2141	2142	1
1933	2142	2143	1
1934	2143	2144	1
1935	2144	2145	1
1936	2145	2146	1
1937	2146	2147	1
1938	2147	2148	1
1939	2148	2149	1
1940	2149	2150	1
1941	2150	2151	1
1942	2151	2152	1
1943	2152	2153	1
1944	2153	2154	1
1945	2154	2155	1
1946	2155	2156	1
1947	2156	2157	1
1948	2157	2158	1
1949	2158	2159	1
1950	2159	2160	1
1951	2160	2161	1
1952	2161	2162	1
1953	2162	2163	1
1954	2163	2164	1
1955	2164	2165	1
1956	2165	2166	1
1957	2166	2167	1
1958	2167	2168	1
1959	2168	2169	1
1960	2169	2170	1
1961	2170	2171	1
1962	2171	2172	1
1963	2172	2173	1
1964	2173	2174	1
1965	2174	2175	1
1966	2175	2176	1
1967	2176	2177	1
1968	2177	2178	1
1969	2178	2179	1
1970	2179	2180	1
1971	2180	2181	1
1972	2181	2182	1
1973	2182	2183	1
1974	2183	2184	1
1975	2184	2185	1
1976	2185	2186	1
1977	2186	2187	1
1978	2187	2188	1
1979	2188	2189	1
1980	2189	2190	1
1981	2190	2191	1
1982	2191	2192	1
1983	2192	2193	1
1984	2193	2194	1
1985	2194	2195	1
1986	2195	2196	1
1987	2196	2197	1
1988	2197	2198	1
1989	2198	2199	1
1990	2199	2200	1
1991	2200	2201	1
1992	2201	2202	1
1993	2202	2203	1
1994	2203	2204	1
1995	2204	2205	1
1996	2205	2206	1
1997	2206	2207	1
1998	2207	2208	1
1999	2208	2209	1
2000	2209	2210	1
2001	2210	2211	1
2002	2211	2212	1
2003	2212	2213	1
2004	2213	2214	1
2005	2214	2215	1
2006	2215	2216	1
2007	2216	2217	1
2008	2217	2218	1
2009	2218	2219	1
2010	2219	2220	1
2011	2220	2221	1
2012	2221	2222	1
2013	2222	2223	1
2014	2223	2224	1
2015	2224	2225	1
2016	2225	2226	1
2017	2226	2227	1
2018	2227	2228	1
2019	2228	2229	1
2020	2229	2230	1
2021	2230	2231	1
2022	2231	2232	1
2023	2232	2233	1
2024	2233	2234	1
2025	2234	2235	1
2026	2235	2236	1
2027	2236	2237	1
2028	2237	2238	1
2029	2238	2239	1
2030	2239	2240	1
2031	2240	2241	1
2032	2241	2242	1
2033	2242	2243	1
2034	2243	2244	1
2035	2244	2245	1
2036	2245	2246	1
2037	2246	2247	1
2038	2247	2248	1
2039	2248	2249	1
2040	2249	2250	1
2041	2250	2251	1
2042	2251	2252	1
2043	2252	2253	1
2044	2253	2254	1
2045	2254	2255	1
2046	2255	2256	1
2047	2256	2257	1
2048	2257	2258	1
2049	2258	2259	1
2050	2259	2260	1
2051	2260	2261	1
2052	2261	2262	1
2053	2262	2263	1
2054	2263	2264	1
2055	2264	2265	1
2056	2265	2266	1
2057	2266	2267	1
2058	2267	2268	1
2059	2268	2269	1
2060	2269	2270	1
2061	2270	2271	1
2062	2271	2272	1
2063	2272	2273	1
2064	2273	2274	1
2065	2274	2275	1
2066	2275	2276	1
2067	2276	2277	1
2068	2277	2278	1
2069	2278	2279	1
2070	2279	2280	1
2071	2280	2281	1
2072	2281	2282	1
2073	2282	2283	1
2074	2283	2285	2
2075	2285	2287	2
2076	2287	2289	2
2077	2289	2291	2
2078	2291	2293	2
2079	2293	2295	2
2080	2295	2297	2
2081	2297	2299	2
2082	2299	2301	2
2083	2301	2303	2
2084	2303	2305	2
2085	2305	2307	2
2086	2307	2309	2
2087	2309	2311	2
2088	2311	2313	2
2089	2313	2315	2
2090	2315	2317	2
2091	2317	2319	2
2092	2319	2321	2
2093	2321	2323	2
2094	2323	2325	2
2095	2325	2327	2
2096	2327	2329	2
2097	2329	2331	2
2098	2331	2333	2
2099	2333	2335	2
2100	2335	2337	2
2101	2337	2339	2
2102	2339	2341	2
2103	2341	2343	2
2104	2343	2345	2
2105	2345	2347	2
2106	2347	2349	2
2107	2349	2351	2
2108	2351	2353	2
2109	2353	2355	2
2110	2355	2357	2
2111	2357	2359	2
2112	2359	2361	2
2113	2361	2363	2
2114	2363	2365	2
2115	2365	2367	2
2116	2367	2369	2
2117	2369	2371	2
2118	2371	2373	2
2119	2373	2375	2
2120	2375	2377	2
2121	2377	2379	2
2122	2379	2381	2
2123	2381	2383	2
2124	2383	2385	2
2125	2385	2387	2
2126	2387	2389	2
2127	2389	2391	2
2128	2391	2393	2
2129	2393	2395	2
2130	2395	2397	2
2131	2397	2399	2
2132	2399	2401	2
2133	2401	2403	2
2134	2403	2405	2
2135	2405	2407	2
2136	2407	2409	2
2137	2409	2411	2
2138	2411	2413	2
2139	2413	2415	2
2140	2415	2417	2
2141	2417	2419	2
2142	2419	2421	2
2143	2421	2423	2
2144	2423	2425	2
2145	2425	2427	2
2146	2427	2429	2
2147	2429	2431	2
2148	2431	2433	2
2149	2433	2435	2
2150	2435	2437	2
2151	2437	2439	2
2152	2439	2441	2
2153	2441	2443	2
2154	2443	2445	2
2155	2445	2447	2
2156	2447	2449	2
2157	2449	2451	2
2158	2451	2453	2
2159	2453	2455	2
2160	2455	2457	2
2161	2457	2459	2
2162	2459	2461	2
2163	2461	2463	2
2164	2463	2465	2
2165	2465	2467	2
2166	2467	2469	2
2167	2469	2471	2
2168	2471	2473	2
2169	2473	2475	2
2170	2475	2477	2
2171	2477	2479	2
2172	2479	2481	2
2173	2481	2483	2
2174	2483	2485	2
2175	2485	2487	2
2176	2487	2489	2
2177	2489	2491	2
2178	2491	2493	2
2179	2493	2495	2
2180	2495	2497	2
2181	2497	2499	2
2182	2499	2501	2
2183	2501	2503	2
2184	2503	2505	2
2185	2505	2507	2
2186	2507	2509	2
2187	2509	2511	2
2188	2511	2513	2
2189	2513	2515	2
2190	2515	2517	2
2191	2517	2519	2
2192	2519	2521	2
2193	2521	2523	2
2194	2523	2525	2
2195	2525	2527	2
2196	2527	2529	2
2197	2529	2531	2
2198	2531	2533	2
2199	2533	2535	2
2200	2535	2537	2
2201	2537	2539	2
2202	2539	2541	2
2203	2541	2543	2
2204	2543	2545	2
2205	2545	2547	2
2206	2547	2549	2
2207	2549	2551	2
2208	2551	2553	2
2209	2553	2555	2
2210	2555	2557	2
2211	2557	2559	2
2212	2559	2561	2
2213	2561	2563	2
2214	2563	2565	2
2215	2565	2567	2
2216	2567	2569	2
2217	2569	2571	2
2218	2571	2573	2
2219	2573	2575	2
2220	2575	2577	2
2221	2577	2579	2
2222	2579	2581	2
2223	2581	2583	2
2224	2583	2585	2
2225	2585	2587	2
2226	2587	2589	2
2227	2589	2591	2
2228	2591	2593	2
2229	2593	2595	2
2230	2595	2597	2
2231	2597	2599	2
2232	2599	2601	2
2233	2601	2603	2
2234	2603	2605	2
2235	2605	2607	2
2236	2607	2609	2
2237	2609	2611	2
2238	2611	2613	2
2239	2613	2615	2
2240	2615	2617	2
2241	2617	2619	2
2242	2619	2621	2
2243	2621	2623	2
2244	2623	2625	2
2245	2625	2627	2
2246	2627	2629	2
2247	2629	2631	2
2248	2631	2633	2
2249	2633	2635	2
2250	2635	2637	2
2251	2637	2639	2
2252	2639	2641	2
2253	2641	2643	2
2254	2643	2645	2
2255	2645	2647	2
2256	2647	2649	2
2257	2649	2651	2
2258	2651	2653	2
2259	2653	2655	2
2260	2655	2657	2
2261	2657	2659	2
2262	2659	2661	2
2263	2661	2663	2
2264	2663	2665	2
2265	2665	2667	2
2266	2667	2669	2
2267	2669	2671	2
2268	2671	2673	2
2269	2673	2675	2
2270	2675	2677	2
2271	2677	2679	2
2272	2679	2681	2
2273	2681	2683	2
2274	2683	2685	2
2275	2685	2687	2
2276	2687	2689	2
2277	2689	2691	2
2278	2691	2693	2
2279	2693	2695	2
2280	2695	2697	2
2281	2697	2699	2
2282	2699	2701	2
2283	2701	2703	2
2284	2703	2705	2
2285	2705	2707	2
2286	2707	2709	2
2287	2709	2711	2
2288	2711	2713	2
2289	2713	2715	2
2290	2715	2717	2
2291	2717	2719	2
2292	2719	2721	2
2293	2721	2723	2
2294	2723	2725	2
2295	2725	2727	2
2296	2727	2729	2
2297	2729	2731	2
2298	2731	2733	2
2299	2733	2735	2
2300	2735	2737	2
2301	2737	2739	2
2302	2739	2741	2
2303	2741	2743	2
2304	2743	2745	2
2305	2745	2747	2
2306	2747	2749	2
2307	2749	2751	2
2308	2751	2753	2
2309	2753	2755	2
2310	2755	2757	2
2311	2757	2759	2
2312	2759	2761	2
2313	2761	2763	2
2314	2763	2765	2
2315	2765	2767	2
2316	2767	2769	2
2317	2769	2771	2
2318	2771	2773	2
2319	2773	2775	2
2320	2775	2777	2
2321	2777	2779	2
2322	2779	2781	2
2323	2781	2783	2
2324	2783	2785	2
2325	2785	2787	2
2326	2787	2789	2
2327	2789	2791	2
2328	2791	2793	2
2329	2793	2795	2
2330	2795	2797	2
2331	2797	2799	2
2332	2799	2801	2
2333	2801	2803	2
2334	2803	2805	2
2335	2805	2807	2
2336	2807	2809	2
2337	2809	2811	2
2338	2811	2813	2
2339	2813	2815	2
2340	2815	2817	2
2341	2817	2819	2
2342	2819	2821	2
2343	2821	2823	2
2344	2823	2825	2
2345	2825	2827	2
2346	2827	2829	2
2347	2829	2831	2
2348	2831	2833	2
2349	2833	2835	2
2350	2835	2837	2
2351	2837	2839	2
2352	2839	2841	2
2353	2841	2843	2
2354	2843	2845	2
2355	2845	2847	2
2356	2847	2849	2
2357	2849	2851	2
2358	2851	2853	2
2359	2853	2855	2
2360	2855	2857	2
2361	2857	2859	2
2362	2859	2861	2
2363	2861	2863	2
2364	2863	2865	2
2365	2865	2867	2
2366	2867	2869	2
2367	2869	2871	2
2368	2871	2873	2
2369	2873	2875	2
2370	2875	2877	2
2371	2877	2879	2
2372	2879	2881	2
2373	2881	2883	2
2374	2883	2885	2
2375	2885	2887	2
2376	2887	2889	2
2377	2889	2891	2
2378	2891	2893	2
2379	2893	2895	2
2380	2895	2897	2
2381	2897	2899	2
2382	2899	2901	2
2383	2901	2903	2
2384	2903	2905	2
2385	2905	2907	2
2386	2907	2909	2
2387	2909	2911	2
2388	2911	2913	2
2389	2913	2915	2
2390	2915	2917	2
2391	2917	2919	2
2392	2919	2921	2
2393	2921	2923	2
2394	2923	2925	2
2395	2925	2927	2
2396	2927	2929	2
2397	2929	2931	2
2398	2931	2933	2
2399	2933	2935	2
2400	2935	2937	2
2401	2937	2939	2
2402	2939	2941	2
2403	2941	2943	2
2404	2943	2945	2
2405	2945	2947	2
2406	2947	2949	2
2407	2949	2951	2
2408	2951	2953	2
2409	2953	2955	2
2410	2955	2957	2
2411	2957	2959	2
2412	2959	2961	2
2413	2961	2963	2
2414	2963	2965	2
2415	2965	2967	2
2416	2967	2969	2
2417	2969	2971	2
2418	2971	2973	2
2419	2973	2975	2
2420	2975	2977	2
2421	2977	2979	2
2422	2979	2981	2
2423	2981	2983	2
2424	2983	2985	2
2425	2985	2987	2
2426	2987	2989	2
2427	2989	2991	2
2428	2991	2993	2
2429	2993	2995	2
2430	2995	2997	2
2431	2997	2999	2
2432	2999	3001	2
2433	3001	3003	2
2434	3003	3005	2
2435	3005	3007	2
2436	3007	3009	2
2437	3009	3011	2
2438	3011	3013	2
2439	3013	3015	2
2440	3015	3017	2
2441	3017	3019	2
2442	3019	3021	2
2443	3021	3023	2
2444	3023	3025	2
2445	3025	3027	2
2446	3027	3029	2
2447	3029	3031	2
2448	3031	3033	2
2449	3033	3035	2
2450	3035	3037	2
2451	3037	3039	2
2452	3039	3041	2
2453	3041	3043	2
2454	3043	3045	2
2455	3045	3047	2
2456	3047	3049	2
2457	3049	3051	2
2458	3051	3053	2
2459	3053	3055	2
2460	3055	3057	2
2461	3057	3059	2
2462	3059	3061	2
2463	3061	3063	2
2464	3063	3065	2
2465	3065	3067	2
2466	3067	3069	2
2467	3069	3071	2
2468	3071	3073	2
2469	3073	3075	2
2470	3075	3077	2
2471	3077	3079	2
2472	3079	3081	2
2473	3081	3083	2
2474	3083	3085	2
2475	3085	3087	2
2476	3087	3089	2
2477	3089	3091	2
2478	3091	3093	2
2479	3093	3095	2
2480	3095	3097	2
2481	3097	3099	2
2482	3099	3101	2
2483	3101	3103	2
2484	3103	3105	2
2485	3105	3107	2
2486	3107	3109	2
2487	3109	3111	2
2488	3111	3113	2
2489	3113	3115	2
2490	3115	3117	2
2491	3117	3119	2
2492	3119	3121	2
2493	3121	3123	2
2494	3123	3125	2
2495	3125	3127	2
2496	3127	3129	2
2497	3129	3131	2
2498	3131	3133	2
2499	3133	3135	2
2500	3135	3137	2
2501	3137	3139	2
2502	3139	3141	2
2503	3141	3143	2
2504	3143	3145	2
2505	3145	3147	2
2506	3147	3149	2
2507	3149	3151	2
2508	3151	3153	2
2509	3153	3155	2
2510	3155	3157	2
2511	3157	3159	2
2512	3159	3161	2
2513	3161	3163	2
2514	3163	3165	2
2515	3165	3167	2
2516	3167	3169	2
2517	3169	3171	2
2518	3171	3173	2
2519	3173	3175	2
2520	3175	3177	2
2521	3177	3179	2
2522	3179	3181	2
2523	3181	3183	2
2524	3183	3185	2
2525	3185	3187	2
2526	3187	3189	2
2527	3189	3191	2
2528	3191	3193	2
2529	3193	3195	2
2530	3195	3197	2
2531	3197	3199	2
2532	3199	3201	2
2533	3201	3203	2
2534	3203	3205	2
2535	3205	3207	2
2536	3207	3209	2
2537	3209	3211	2
2538	3211	3213	2
2539	3213	3215	2
2540	3215	3217	2
2541	3217	3219	2
2542	3219	3221	2
2543	3221	3223	2
2544	3223	3225	2
2545	3225	3227	2
2546	3227	3229	2
2547	3229	3231	2
2548	3231	3233	2
2549	3233	3235	2
2550	3235	3237	2
2551	3237	3239	2
2552	3239	3241	2
2553	3241	3243	2
2554	3243	3245	2
2555	3245	3247	2
2556	3247	3249	2
2557	3249	3251	2
2558	3251	3253	2
2559	3253	3255	2
2560	3255	3257	2
2561	3257	3259	2
2562	3259	3261	2
2563	3261	3263	2
2564	3263	3265	2
2565	3265	3267	2
2566	3267	3269	2
2567	3269	3271	2
2568	3271	3273	2
2569	3273	3275	2
2570	3275	3277	2
2571	3277	3279	2
2572	3279	3281	2
2573	3281	3283	2
2574	3283	3285	2
2575	3285	3287	2
2576	3287	3289	2
2577	3289	3291	2
2578	3291	3293	2
2579	3293	3295	2
2580	3295	3297	2
2581	3297	3299	2
2582	3299	3301	2
2583	3301	3303	2
2584	3303	3305	2
2585	3305	3307	2
2586	3307	3309	2
2587	3309	3311	2
2588	3311	3313	2
2589	3313	3315	2
2590	3315	3317	2
2591	3317	3319	2
2592	3319	3321	2
2593	3321	3323	2
2594	3323	3325	2
2595	3325	3327	2
2596	3327	3329	2
2597	3329	3331	2
2598	3331	3333	2
2599	3333	3335	2
2600	3335	3337	2
2601	3337	3339	2
2602	3339	3341	2
2603	3341	3343	2
2604	3343	3345	2
2605	3345	3347	2
2606	3347	3349	2
2607	3349	3351	2
2608	3351	3353	2
2609	3353	3355	2
2610	3355	3357	2
2611	3357	3359	2
2612	3359	3361	2
2613	3361	3363	2
2614	3363	3365	2
2615	3365	3367	2
2616	3367	3369	2
2617	3369	3371	2
2618	3371	3373	2
2619	3373	3375	2
2620	3375	3377	2
2621	3377	3379	2
2622	3379	3381	2
2623	3381	3383	2
2624	3383	3385	2
2625	3385	3387	2
2626	3387	3389	2
2627	3389	3391	2
2628	3391	3393	2
2629	3393	3395	2
2630	3395	3397	2
2631	3397	3399	2
2632	3399	3401	2
2633	3401	3403	2
2634	3403	3405	2
2635	3405	3407	2
2636	3407	3409	2
2637	3409	3411	2
2638	3411	3413	2
2639	3413	3415	2
2640	3415	3417	2
2641	3417	3419	2
2642	3419	3421	2
2643	3421	3423	2
2644	3423	3425	2
2645	3425	3427	2
2646	3427	3429	2
2647	3429	3431	2
2648	3431	3433	2
2649	3433	3435	2
2650	3435	3437	2
2651	3437	3439	2
2652	3439	3441	2
2653	3441	3443	2
2654	3443	3445	2
2655	3445	3447	2
2656	3447	3449	2
2657	3449	3451	2
2658	3451	3453	2
2659	3453	3455	2
2660	3455	3457	2
2661	3457	3459	2
2662	3459	3461	2
2663	3461	3463	2
2664	3463	3465	2
2665	3465	3467	2
2666	3467	3469	2
2667	3469	3471	2
2668	3471	3473	2
2669	3473	3475	2
2670	3475	3477	2
2671	3477	3479	2
2672	3479	3481	2
2673	3481	3483	2
2674	3483	3485	2
2675	3485	3487	2
2676	3487	3489	2
2677	3489	3491	2
2678	3491	3493	2
2679	3493	3495	2
2680	3495	3497	2
2681	3497	3499	2
2682	3499	3501	2
2683	3501	3503	2
2684	3503	3505	2
2685	3505	3507	2
2686	3507	3509	2
2687	3509	3511	2
2688	3511	3513	2
2689	3513	3515	2
2690	3515	3517	2
2691	3517	3519	2
2692	3519	3521	2
2693	3521	3523	2
2694	3523	3525	2
2695	3525	3527	2
2696	3527	3529	2
2697	3529	3531	2
2698	3531	3533	2
2699	3533	3535	2
2700	3535	3537	2
2701	3537	3539	2
2702	3539	3541	2
2703	3541	3543	2
2704	3543	3545	2
2705	3545	3547	2
2706	3547	3549	2
2707	3549	3551	2
2708	3551	3553	2
2709	3553	3555	2
2710	3555	3557	2
2711	3557	3559	2
2712	3559	3561	2
2713	3561	3563	2
2714	3563	3565	2
2715	3565	3567	2
2716	3567	3569	2
2717	3569	3571	2
2718	3571	3573	2
2719	3573	3575	2
2720	3575	3577	2
2721	3577	3579	2
2722	3579	3581	2
2723	3581	3583	2
2724	3583	3585	2
2725	3585	3587	2
2726	3587	3589	2
2727	3589	3591	2
2728	3591	3593	2
2729	3593	3595	2
2730	3595	3597	2
2731	3597	3599	2
2732	3599	3601	2
2733	3601	3603	2
2734	3603	3605	2
2735	3605	3607	2
2736	3607	3609	2
2737	3609	3611	2
2738	3611	3613	2
2739	3613	3615	2
2740	3615	3617	2
2741	3617	3619	2
2742	3619	3621	2
2743	3621	3623	2
2744	3623	3625	2
2745	3625	3627	2
2746	3627	3629	2
2747	3629	3631	2
2748	3631	3633	2
2749	3633	3635	2
2750	3635	3637	2
2751	3637	3639	2
2752	3639	3641	2
2753	3641	3643	2
2754	3643	3645	2
2755	3645	3647	2
2756	3647	3649	2
2757	3649	3651	2
2758	3651	3653	2
2759	3653	3655	2
2760	3655	3657	2
2761	3657	3659	2
2762	3659	3661	2
2763	3661	3663	2
2764	3663	3665	2
2765	3665	3667	2
2766	3667	3669	2
2767	3669	3671	2
2768	3671	3673	2
2769	3673	3675	2
2770	3675	3677	2
2771	3677	3679	2
2772	3679	3681	2
2773	3681	3683	2
2774	3683	3685	2
2775	3685	3687	2
2776	3687	3689	2
2777	3689	3691	2
2778	3691	3693	2
2779	3693	3695	2
2780	3695	3697	2
2781	3697	3699	2
2782	3699	3701	2
2783	3701	3703	2
2784	3703	3705	2
2785	3705	3707	2
2786	3707	3709	2
2787	3709	3711	2
2788	3711	3713	2
2789	3713	3715	2
2790	3715	3717	2
2791	3717	3719	2
2792	3719	3721	2
2793	3721	3723	2
2794	3723	3725	2
2795	3725	3727	2
2796	3727	3729	2
2797	3729	3731	2
2798	3731	3733	2
2799	3733	3735	2
2800	3735	3737	2
2801	3737	3739	2
2802	3739	3741	2
2803	3741	3743	2
2804	3743	3745	2
2805	3745	3747	2
2806	3747	3749	2
2807	3749	3751	2
2808	3751	3753	2
2809	3753	3755	2
2810	3755	3757	2
2811	3757	3759	2
2812	3759	3761	2
2813	3761	3763	2
2814	3763	3765	2
2815	3765	3767	2
2816	3767	3769	2
2817	3769	3771	2
2818	3771	3773	2
2819	3773	3775	2
2820	3775	3777	2
2821	3777	3779	2
2822	3779	3781	2
2823	3781	3783	2
2824	3783	3785	2
2825	3785	3787	2
2826	3787	3789	2
2827	3789	3791	2
2828	3791	3793	2
2829	3793	3795	2
2830	3795	3797	2
2831	3797	3799	2
2832	3799	3801	2
2833	3801	3803	2
2834	3803	3805	2
2835	3805	3807	2
2836	3807	3809	2
2837	3809	3811	2
2838	3811	3813	2
2839	3813	3815	2
2840	3815	3817	2
2841	3817	3819	2
2842	3819	3821	2
2843	3821	3823	2
2844	3823	3825	2
2845	3825	3827	2
2846	3827	3829	2
2847	3829	3831	2
2848	3831	3833	2
2849	3833	3835	2
2850	3835	3837	2
2851	3837	3839	2
2852	3839	3841	2
2853	3841	3843	2
2854	3843	3845	2
2855	3845	3847	2
2856	3847	3849	2
2857	3849	3851	2
2858	3851	3853	2
2859	3853	3855	2
2860	3855	3857	2
2861	3857	3859	2
2862	3859	3861	2
2863	3861	3863	2
2864	3863	3865	2
2865	3865	3867	2
2866	3867	3869	2
2867	3869	3871	2
2868	3871	3873	2
2869	3873	3875	2
2870	3875	3877	2
2871	3877	3879	2
2872	3879	3881	2
2873	3881	3883	2
2874	3883	3885	2
2875	3885	3887	2
2876	3887	3889	2
2877	3889	3891	2
2878	3891	3893	2
2879	3893	3895	2
2880	3895	3897	2
2881	3897	3899	2
2882	3899	3901	2
2883	3901	3903	2
2884	3903	3905	2
2885	3905	3907	2
2886	3907	3909	2
2887	3909	3911	2
2888	3911	3913	2
2889	3913	3915	2
2890	3915	3917	2
2891	3917	3919	2
2892	3919	3921	2
2893	3921	3923	2
2894	3923	3925	2
2895	3925	3927	2
2896	3927	3929	2
2897	3929	3931	2
2898	3931	3933	2
2899	3933	3935	2
2900	3935	3937	2
2901	3937	3939	2
2902	3939	3941	2
2903	3941	3943	2
2904	3943	3945	2
2905	3945	3947	2
2906	3947	3949	2
2907	3949	3951	2
2908	3951	3953	2
2909	3953	3955	2
2910	3955	3957	2
2911	3957	3959	2
2912	3959	3961	2
2913	3961	3963	2
2914	3963	3965	2
2915	3965	3967	2
2916	3967	3969	2
2917	3969	3971	2
2918	3971	3973	2
2919	3973	3975	2
2920	3975	3977	2
2921	3977	3979	2
2922	3979	3981	2
2923	3981	3983	2
2924	3983	3985	2
2925	3985	3987	2
2926	3987	3989	2
2927	3989	3991	2
2928	3991	3993	2
2929	3993	3995	2
2930	3995	3997	2
2931	3997	3999	2
2932	3999	4001	2
2933	4001	4003	2
2934	4003	4005	2
2935	4005	4007	2
2936	4007	4009	2
2937	4009	4011	2
2938	4011	4013	2
2939	4013	4015	2
2940	4015	4017	2
2941	4017	4019	2
2942	4019	4021	2
2943	4021	4023	2
2944	4023	4025	2
2945	4025	4027	2
2946	4027	4029	2
2947	4029	4031	2
2948	4031	4033	2
2949	4033	4035	2
2950	4035	4037	2
2951	4037	4039	2
2952	4039	4041	2
2953	4041	4043	2
2954	4043	4045	2
2955	4045	4047	2
2956	4047	4049	2
2957	4049	4051	2
2958	4051	4053	2
2959	4053	4055	2
2960	4055	4057	2
2961	4057	4059	2
2962	4059	4061	2
2963	4061	4063	2
2964	4063	4065	2
2965	4065	4067	2
2966	4067	4069	2
2967	4069	4071	2
2968	4071	4073	2
2969	4073	4075	2
2970	4075	4077	2
2971	4077	4079	2
2972	4079	4081	2
2973	4081	4083	2
2974	4083	4085	2
2975	4085	4087	2
2976	4087	4089	2
2977	4089	4091	2
2978	4091	4093	2
2979	4093	4095	2
2980	4095	4097	2
2981	4097	4099	2
2982	4099	4101	2
2983	4101	4103	2
2984	4103	4105	2
2985	4105	4107	2
2986	4107	4109	2
2987	4109	4111	2
2988	4111	4113	2
2989	4113	4115	2
2990	4115	4117	2
2991	4117	4119	2
2992	4119	4121	2
2993	4121	4123	2
2994	4123	4125	2
2995	4125	4127	2
2996	4127	4129	2
2997	4129	4131	2
2998	4131	4133	2
2999	4133	4135	2
3000	4135	4137	2
3001	4137	4139	2
3002	4139	4141	2
3003	4141	4143	2
3004	4143	4145	2
3005	4145	4147	2
3006	4147	4149	2
3007	4149	4151	2
3008	4151	4153	2
3009	4153	4155	2
3010	4155	4157	2
3011	4157	4159	2
3012	4159	4161	2
3013	4161	4163	2
3014	4163	4165	2
3015	4165	4167	2
3016	4167	4169	2
3017	4169	4171	2
3018	4171	4173	2
3019	4173	4175	2
3020	4175	4177	2
3021	4177	4179	2
3022	4179	4181	2
3023	4181	4183	2
3024	4183	4185	2
3025	4185	4187	2
3026	4187	4189	2
3027	4189	4191	2
3028	4191	4193	2
3029	4193	4195	2
3030	4195	4197	2
3031	4197	4199	2
3032	4199	4201	2
3033	4201	4203	2
3034	4203	4205	2
3035	4205	4207	2
3036	4207	4209	2
3037	4209	4211	2
3038	4211	4213	2
3039	4213	4215	2
3040	4215	4217	2
3041	4217	4219	2
3042	4219	4221	2
3043	4221	4223	2
3044	4223	4225	2
3045	4225	4227	2
3046	4227	4229	2
3047	4229	4231	2
3048	4231	4233	2
3049	4233	4235	2
3050	4235	4237	2
3051	4237	4239	2
3052	4239	4241	2
3053	4241	4243	2
3054	4243	4245	2
3055	4245	4247	2
3056	4247	4249	2
3057	4249	4251	2
3058	4251	4253	2
3059	4253	4255	2
3060	4255	4257	2
3061	4257	4259	2
3062	4259	4261	2
3063	4261	4263	2
3064	4263	4265	2
3065	4265	4267	2
3066	4267	4269	2
3067	4269	4271	2
3068	4271	4273	2
3069	4273	4275	2
3070	4275	4277	2
3071	4277	4279	2
3072	4279	4281	2
3073	4281	4283	2
3074	4283	4285	2
3075	4285	4287	2
3076	4287	4289	2
3077	4289	4291	2
3078	4291	4293	2
3079	4293	4295	2
3080	4295	4297	2
3081	4297	4299	2
3082	4299	4301	2
3083	4301	4303	2
3084	4303	4305	2
3085	4305	4307	2
3086	4307	4309	2
3087	4309	4311	2
3088	4311	4313	2
3089	4313	4315	2
3090	4315	4317	2
3091	4317	4319	2
3092	4319	4321	2
3093	4321	4323	2
3094	4323	4325	2
3095	4325	4327	2
3096	4327	4329	2
3097	4329	4331	2
3098	4331	4333	2
3099	4333	4335	2
3100	4335	4337	2
3101	4337	4339	2
3102	4339	4341	2
3103	4341	4343	2
3104	4343	4345	2
3105	4345	4347	2
3106	4347	4349	2
3107	4349	4351	2
3108	4351	4353	2
3109	4353	4355	2
3110	4355	4357	2
3111	4357	4359	2
3112	4359	4361	2
3113	4361	4363	2
3114	4363	4365	2
3115	4365	4367	2
3116	4367	4369	2
3117	4369	4371	2
3118	4371	4373	2
3119	4373	4375	2
3120	4375	4377	2
3121	4377	4379	2
3122	4379	4381	2
3123	4381	4383	2
3124	4383	4385	2
3125	4385	4387	2
3126	4387	4389	2
3127	4389	4391	2
3128	4391	4393	2
3129	4393	4395	2
3130	4395	4397	2
3131	4397	4399	2
3132	4399	4401	2
3133	4401	4403	2
3134	4403	4405	2
3135	4405	4407	2
3136	4407	4409	2
3137	4409	4411	2
3138	4411	4413	2
3139	4413	4415	2
3140	4415	4417	2
3141	4417	4419	2
3142	4419	4421	2
3143	4421	4423	2
3144	4423	4425	2
3145	4425	4427	2
3146	4427	4429	2
3147	4429	4431	2
3148	4431	4433	2
3149	4433	4435	2
3150	4435	4437	2
3151	4437	4439	2
3152	4439	4441	2
3153	4441	4443	2
3154	4443	4445	2
3155	4445	4447	2
3156	4447	4449	2
3157	4449	4452	3
3158	4452	4455	3
3159	4455	4458	3
3160	4458	4461	3
3161	4461	4464	3
3162	4464	4467	3
3163	4467	4470	3
3164	4470	4473	3
3165	4473	4476	3
3166	4476	4479	3
3167	4479	4482	3
3168	4482	4485	3
3169	4485	4488	3
3170	4488	4491	3
3171	4491	4494	3
3172	4494	4497	3
3173	4497	4500	3
3174	4500	4503	3
3175	4503	4506	3
3176	4506	4509	3
3177	4509	4512	3
3178	4512	4515	3
3179	4515	4518	3
3180	4518	4521	3
3181	4521	4524	3
3182	4524	4527	3
3183	4527	4530	3
3184	4530	4533	3
3185	4533	4536	3
3186	4536	4539	3
3187	4539	4542	3
3188	4542	4545	3
3189	4545	4548	3
3190	4548	4551	3
3191	4551	4554	3
3192	4554	4557	3
3193	4557	4560	3
3194	4560	4563	3
3195	4563	4566	3
3196	4566	4569	3
3197	4569	4572	3
3198	4572	4575	3
3199	4575	4578	3
3200	4578	4581	3
3201	4581	4584	3
3202	4584	4587	3
3203	4587	4590	3
3204	4590	4593	3
3205	4593	4596	3
3206	4596	4599	3
3207	4599	4602	3
3208	4602	4605	3
3209	4605	4608	3
3210	4608	4611	3
3211	4611	4614	3
3212	4614	4617	3
3213	4617	4620	3
3214	4620	4623	3
3215	4623	4626	3
3216	4626	4629	3
3217	4629	4632	3
3218	4632	4635	3
3219	4635	4638	3
3220	4638	4641	3
3221	4641	4644	3
3222	4644	4647	3
3223	4647	4650	3
3224	4650	4653	3
3225	4653	4656	3
3226	4656	4659	3
3227	4659	4662	3
3228	4662	4665	3
3229	4665	4668	3
3230	4668	4671	3
3231	4671	4674	3
3232	4674	4677	3
3233	4677	4680	3
3234	4680	4683	3
3235	4683	4686	3
3236	4686	4689	3
3237	4689	4692	3
3238	4692	4695	3
3239	4695	4698	3
3240	4698	4701	3
3241	4701	4704	3
3242	4704	4707	3
3243	4707	4710	3
3244	4710	4713	3
3245	4713	4716	3
3246	4716	4719	3
3247	4719	4722	3
3248	4722	4725	3
3249	4725	4728	3
3250	4728	4731	3
3251	4731	4734	3
3252	4734	4737	3
3253	4737	4740	3
3254	4740	4743	3
3255	4743	4746	3
3256	4746	4749	3
3257	4749	4752	3
3258	4752	4755	3
3259	4755	4758	3
3260	4758	4761	3
3261	4761	4764	3
3262	4764	4767	3
3263	4767	4770	3
3264	4770	4773	3
3265	4773	4776	3
3266	4776	4779	3
3267	4779	4782	3
3268	4782	4785	3
3269	4785	4788	3
3270	4788	4791	3
3271	4791	4794	3
3272	4794	4797	3
3273	4797	4800	3
3274	4800	4803	3
3275	4803	4806	3
3276	4806	4809	3
3277	4809	4812	3
3278	4812	4815	3
3279	4815	4818	3
3280	4818	4821	3
3281	4821	4824	3
3282	4824	4827	3
3283	4827	4830	3
3284	4830	4833	3
3285	4833	4836	3
3286	4836	4839	3
3287	4839	4842	3
3288	4842	4845	3
3289	4845	4848	3
3290	4848	4851	3
3291	4851	4854	3
3292	4854	4857	3
3293	4857	4860	3
3294	4860	4863	3
3295	4863	4866	3
3296	4866	4869	3
3297	4869	4872	3
3298	4872	4875	3
3299	4875	4878	3
3300	4878	4881	3
3301	4881	4884	3
3302	4884	4887	3
3303	4887	4890	3
3304	4890	4893	3
3305	4893	4896	3
3306	4896	4899	3
3307	4899	4902	3
3308	4902	4905	3
3309	4905	4908	3
3310	4908	4911	3
3311	4911	4914	3
3312	4914	4917	3
3313	4917	4920	3
3314	4920	4923	3
3315	4923	4926	3
3316	4926	4929	3
3317	4929	4932	3
3318	4932	4935	3
3319	4935	4938	3
3320	4938	4941	3
3321	4941	4944	3
3322	4944	4947	3
3323	4947	4950	3
3324	4950	4953	3
3325	4953	4956	3
3326	4956	4959	3
3327	4959	4962	3
3328	4962	4965	3
3329	4965	4968	3
3330	4968	4971	3
3331	4971	4974	3
3332	4974	4977	3
3333	4977	4980	3
3334	4980	4983	3
3335	4983	4986	3
3336	4986	4989	3
3337	4989	4992	3
3338	4992	4995	3
3339	4995	4998	3
3340	4998	5001	3
3341	5001	5004	3
3342	5004	5007	3
3343	5007	5010	3
3344	5010	5013	3
3345	5013	5016	3
3346	5016	5019	3
3347	5019	5022	3
3348	5022	5025	3
3349	5025	5028	3
3350	5028	5031	3
3351	5031	5034	3
3352	5034	5037	3
3353	5037	5040	3
3354	5040	5043	3
3355	5043	5046	3
3356	5046	5049	3
3357	5049	5052	3
3358	5052	5055	3
3359	5055	5058	3
3360	5058	5061	3
3361	5061	5064	3
3362	5064	5067	3
3363	5067	5070	3
3364	5070	5073	3
3365	5073	5076	3
3366	5076	5079	3
3367	5079	5082	3
3368	5082	5085	3
3369	5085	5088	3
3370	5088	5091	3
3371	5091	5094	3
3372	5094	5097	3
3373	5097	5100	3
3374	5100	5103	3
3375	5103	5106	3
3376	5106	5109	3
3377	5109	5112	3
3378	5112	5115	3
3379	5115	5118	3
3380	5118	5121	3
3381	5121	5124	3
3382	5124	5127	3
3383	5127	5130	3
3384	5130	5133	3
3385	5133	5136	3
3386	5136	5139	3
3387	5139	5142	3
3388	5142	5145	3
3389	5145	5148	3
3390	5148	5151	3
3391	5151	5154	3
3392	5154	5157	3
3393	5157	5160	3
3394	5160	5163	3
3395	5163	5166	3
3396	5166	5169	3
3397	5169	5172	3
3398	5172	5175	3
3399	5175	5178	3
3400	5178	5181	3
3401	5181	5184	3
3402	5184	5187	3
3403	5187	5190	3
3404	5190	5193	3
3405	5193	5196	3
3406	5196	5199	3
3407	5199	5202	3
3408	5202	5205	3
3409	5205	5208	3
3410	5208	5211	3
3411	5211	5214	3
3412	5214	5217	3
3413	5217	5220	3
3414	5220	5223	3
3415	5223	5226	3
3416	5226	5229	3
3417	5229	5232	3
3418	5232	5235	3
3419	5235	5238	3
3420	5238	5241	3
3421	5241	5244	3
3422	5244	5247	3
3423	5247	5250	3
3424	5250	5253	3
3425	5253	5256	3
3426	5256	5259	3
3427	5259	5262	3
3428	5262	5265	3
3429	5265	5268	3
3430	5268	5271	3
3431	5271	5274	3
3432	5274	5277	3
3433	5277	5280	3
3434	5280	5283	3
3435	5283	5286	3
3436	5286	5289	3
3437	5289	5292	3
3438	5292	5295	3
3439	5295	5298	3
3440	5298	5301	3
3441	5301	5304	3
3442	5304	5307	3
3443	5307	5310	3
3444	5310	5313	3
3445	5313	5316	3
3446	5316	5319	3
3447	5319	5322	3
3448	5322	5325	3
3449	5325	5328	3
3450	5328	5331	3
3451	5331	5334	3
3452	5334	5337	3
3453	5337	5340	3
3454	5340	5343	3
3455	5343	5346	3
3456	5346	5349	3
3457	5349	5352	3
3458	5352	5355	3
3459	5355	5358	3
3460	5358	5361	3
3461	5361	5364	3
3462	5364	5367	3
3463	5367	5370	3
3464	5370	5373	3
3465	5373	5376	3
3466	5376	5379	3
3467	5379	5382	3
3468	5382	5385	3
3469	5385	5388	3
3470	5388	5391	3
3471	5391	5394	3
3472	5394	5397	3
3473	5397	5400	3
3474	5400	5403	3
3475	5403	5406	3
3476	5406	5409	3
3477	5409	5412	3
3478	5412	5415	3
3479	5415	5418	3
3480	5418	5421	3
3481	5421	5424	3
3482	5424	5427	3
3483	5427	5430	3
3484	5430	5433	3
3485	5433	5436	3
3486	5436	5439	3
3487	5439	5442	3
3488	5442	5445	3
3489	5445	5448	3
3490	5448	5451	3
3491	5451	5454	3
3492	5454	5457	3
3493	5457	5460	3
3494	5460	5463	3
3495	5463	5466	3
3496	5466	5469	3
3497	5469	5473	4
3498	5473	5477	4
3499	5477	5481	4
3500	5481	5485	4
3501	5485	5489	4
3502	5489	5493	4
3503	5493	5497	4
3504	5497	5501	4
3505	5501	5505	4
3506	5505	5509	4
3507	5509	5513	4
3508	5513	5517	4
3509	5517	5521	4
3510	5521	5525	4
3511	5525	5529	4
3512	5529	5533	4
3513	5533	5537	4
3514	5537	5541	4
3515	5541	5545	4
3516	5545	5549	4
3517	5549	5553	4
3518	5553	5557	4
3519	5557	5561	4
3520	5561	5565	4
3521	5565	5569	4
3522	5569	5573	4
3523	5573	5577	4
3524	5577	5581	4
3525	5581	5585	4
3526	5585	5589	4
3527	5589	5593	4
3528	5593	5597	4
3529	5597	5601	4
3530	5601	5605	4
3531	5605	5609	4
3532	5609	5613	4
3533	5613	5617	4
3534	5617	5621	4
3535	5621	5625	4
3536	5625	5629	4
3537	5629	5633	4
3538	5633	5637	4
3539	5637	5641	4
3540	5641	5645	4
3541	5645	5649	4
3542	5649	5653	4
3543	5653	5657	4
3544	5657	5661	4
3545	5661	5665	4
3546	5665	5669	4
3547	5669	5673	4
3548	5673	5677	4
3549	5677	5681	4
3550	5681	5685	4
3551	5685	5689	4
3552	5689	5693	4
3553	5693	5697	4
3554	5697	5701	4
3555	5701	5705	4
3556	5705	5709	4
3557	5709	5713	4
3558	5713	5717	4
3559	5717	5721	4
3560	5721	5725	4
3561	5725	5729	4
3562	5729	5733	4
3563	5733	5737	4
3564	5737	5741	4
3565	5741	5745	4
3566	5745	5749	4
3567	5749	5753	4
3568	5753	5757	4
3569	5757	5761	4
3570	5761	5765	4
3571	5765	5769	4
3572	5769	5773	4
3573	5773	5777	4
3574	5777	5781	4
3575	5781	5785	4
3576	5785	5789	4
3577	5789	5793	4
3578	5793	5797	4
3579	5797	5801	4
3580	5801	5805	4
3581	5805	5809	4
3582	5809	5813	4
3583	5813	5817	4
3584	5817	5821	4
3585	5821	5825	4
3586	5825	5829	4
3587	5829	5833	4
3588	5833	5837	4
3589	5837	5841	4
3590	5841	5845	4
3591	5845	5849	4
3592	5849	5853	4
3593	5853	5857	4
3594	5857	5861	4
3595	5861	5865	4
3596	5865	5869	4
3597	5869	5873	4
3598	5873	5877	4
3599	5877	5881	4
3600	5881	5885	4
3601	5885	5889	4
3602	5889	5893	4
3603	5893	5897	4
3604	5897	5901	4
3605	5901	5905	4
3606	5905	5909	4
3607	5909	5913	4
3608	5913	5917	4
3609	5917	5921	4
3610	5921	5925	4
3611	5925	5929	4
3612	5929	5933	4
3613	5933	5937	4
3614	5937	5941	4
3615	5941	5945	4
3616	5945	5949	4
3617	5949	5953	4
3618	5953	5957	4
3619	5957	5961	4
3620	5961	5965	4
3621	5965	5969	4
3622	5969	5973	4
3623	5973	5977	4
3624	5977	5981	4
3625	5981	5985	4
3626	5985	5989	4
3627	5989	5993	4
3628	5993	5997	4
3629	5997	6001	4
3630	6001	6005	4
3631	6005	6009	4
3632	6009	6013	4
3633	6013	6017	4
3634	6017	6021	4
3635	6021	6025	4
3636	6025	6029	4
3637	6029	6033	4
3638	6033	6037	4
3639	6037	6041	4
3640	6041	6045	4
3641	6045	6049	4
3642	6049	6053	4
3643	6053	6057	4
3644	6057	6061	4
3645	6061	6065	4
3646	6065	6069	4
3647	6069	6073	4
3648	6073	6077	4
3649	6077	6081	4
3650	6081	6085	4
3651	6085	6089	4
3652	6089	6093	4
3653	6093	6097	4
3654	6097	6101	4
3655	6101	6105	4
3656	6105	6109	4
3657	6109	6113	4
3658	6113	6117	4
3659	6117	6121	4
3660	6121	6125	4
3661	6125	6129	4
3662	6129	6133	4
3663	6133	6137	4
3664	6137	6141	4
3665	6141	6145	4
3666	6145	6149	4
3667	6149	6153	4
3668	6153	6157	4
3669	6157	6161	4
3670	6161	6165	4
3671	6165	6169	4
3672	6169	6173	4
3673	6173	6177	4
3674	6177	6181	4
3675	6181	6185	4
3676	6185	6189	4
3677	6189	6193	4
3678	6193	6197	4
3679	6197	6201	4
3680	6201	6205	4
3681	6205	6209	4
3682	6209	6213	4
3683	6213	6217	4
3684	6217	6221	4
3685	6221	6225	4
3686	6225	6229	4
3687	6229	6233	4
3688	6233	6237	4
3689	6237	6241	4
3690	6241	6245	4
3691	6245	6249	4
3692	6249	6253	4
3693	6253	6258	5
3694	6258	6263	5
3695	6263	6268	5
3696	6268	6273	5
3697	6273	6278	5
3698	6278	6283	5
3699	6283	6288	5
3700	6288	6293	5
3701	6293	6298	5
3702	6298	6303	5
3703	6303	6308	5
3704	6308	6313	5
3705	6313	6318	5
3706	6318	6323	5
3707	6323	6328	5
3708	6328	6333	5
3709	6333	6338	5
3710	6338	6343	5
3711	6343	6348	5
3712	6348	6353	5
3713	6353	6358	5
3714	6358	6363	5
3715	6363	6368	5
3716	6368	6373	5
3717	6373	6378	5
3718	6378	6383	5
3719	6383	6388	5
3720	6388	6393	5
3721	6393	6398	5
3722	6398	6403	5
3723	6403	6408	5
3724	6408	6413	5
3725	6413	6418	5
3726	6418	6423	5
3727	6423	6428	5
3728	6428	6433	5
3729	6433	6438	5
3730	6438	6443	5
3731	6443	6448	5
3732	6448	6453	5
3733	6453	6458	5
3734	6458	6463	5
3735	6463	6468	5
3736	6468	6473	5
3737	6473	6478	5
3738	6478	6483	5
3739	6483	6488	5
3740	6488	6493	5
3741	6493	6498	5
3742	6498	6503	5
3743	6503	6508	5
3744	6508	6513	5
3745	6513	6518	5
3746	6518	6523	5
3747	6523	6528	5
3748	6528	6533	5
3749	6533	6538	5
3750	6538	6543	5
3751	6543	6548	5
3752	6548	6553	5
3753	6553	6558	5
3754	6558	6563	5
3755	6563	6568	5
3756	6568	6573	5
3757	6573	6578	5
3758	6578	6583	5
3759	6583	6588	5
3760	6588	6593	5
3761	6593	6598	5
3762	6598	6603	5
3763	6603	6608	5
3764	6608	6613	5
3765	6613	6618	5
3766	6618	6623	5
3767	6623	6628	5
3768	6628	6633	5
3769	6633	6638	5
3770	6638	6643	5
3771	6643	6648	5
3772	6648	6653	5
3773	6653	6658	5
3774	6658	6663	5
3775	6663	6668	5
3776	6668	6673	5
3777	6673	6678	5
3778	6678	6683	5
3779	6683	6688	5
3780	6688	6693	5
3781	6693	6698	5
3782	6698	6703	5
3783	6703	6708	5
3784	6708	6713	5
3785	6713	6718	5
3786	6718	6723	5
3787	6723	6728	5
3788	6728	6733	5
3789	6733	6738	5
3790	6738	6743	5
3791	6743	6748	5
3792	6748	6753	5
3793	6753	6758	5
3794	6758	6763	5
3795	6763	6768	5
3796	6768	6773	5
3797	6773	6778	5
3798	6778	6783	5
3799	6783	6788	5
3800	6788	6793	5
3801	6793	6798	5
3802	6798	6803	5
3803	6803	6808	5
3804	6808	6813	5
3805	6813	6818	5
3806	6818	6823	5
3807	6823	6828	5
3808	6828	6833	5
3809	6833	6838	5
3810	6838	6843	5
3811	6843	6848	5
3812	6848	6853	5
3813	6853	6858	5
3814	6858	6863	5
3815	6863	6868	5
3816	6868	6873	5
3817	6873	6878	5
3818	6878	6883	5
3819	6883	6888	5
3820	6888	6893	5
3821	6893	6898	5
3822	6898	6903	5
3823	6903	6908	5
3824	6908	6913	5
3825	6913	6918	5
3826	6918	6923	5
3827	6923	6928	5
3828	6928	6933	5
3829	6933	6938	5
3830	6938	6943	5
3831	6943	6948	5
3832	6948	6953	5
3833	6953	6958	5
3834	6958	6963	5
3835	6963	6968	5
3836	6968	6973	5
3837	6973	6978	5
3838	6978	6983	5
3839	6983	6988	5
3840	6988	6993	5
3841	6993	6998	5
3842	6998	7003	5
3843	7003	7008	5
3844	7008	7013	5
3845	7013	7018	5
3846	7018	7023	5
3847	7023	7028	5
3848	7028	7033	5
3849	7033	7038	5
3850	7038	7043	5
3851	7043	7048	5
3852	7048	7053	5
3853	7053	7058	5
3854	7058	7063	5
3855	7063	7068	5
3856	7068	7073	5
3857	7073	7078	5
3858	7078	7084	6
3859	7084	7090	6
3860	7090	7096	6
3861	7096	7102	6
3862	7102	7108	6
3863	7108	7114	6
3864	7114	7120	6
3865	7120	7126	6
3866	7126	7132	6
3867	7132	7138	6
3868	7138	7144	6
3869	7144	7150	6
3870	7150	7156	6
3871	7156	7162	6
3872	7162	7168	6
3873	7168	7174	6
3874	7174	7180	6
3875	7180	7186	6
3876	7186	7192	6
3877	7192	7198	6
3878	7198	7204	6
3879	7204	7210	6
3880	7210	7216	6
3881	7216	7222	6
3882	7222	7228	6
3883	7228	7234	6
3884	7234	7240	6
3885	7240	7246	6
3886	7246	7252	6
3887	7252	7258	6
3888	7258	7264	6
3889	7264	7270	6
3890	7270	7276	6
3891	7276	7282	6
3892	7282	7288	6
3893	7288	7294	6
3894	7294	7300	6
3895	7300	7306	6
3896	7306	7312	6
3897	7312	7318	6
3898	7318	7324	6
3899	7324	7330	6
3900	7330	7336	6
3901	7336	7342	6
3902	7342	7348	6
3903	7348	7354	6
3904	7354	7360	6
3905	7360	7366	6
3906	7366	7372	6
3907	7372	7378	6
3908	7378	7384	6
3909	7384	7390	6
3910	7390	7396	6
3911	7396	7402	6
3912	7402	7408	6
3913	7408	7414	6
3914	7414	7420	6
3915	7420	7426	6
3916	7426	7432	6
3917	7432	7438	6
3918	7438	7444	6
3919	7444	7450	6
3920	7450	7456	6
3921	7456	7462	6
3922	7462	7468	6
3923	7468	7474	6
3924	7474	7480	6
3925	7480	7486	6
3926	7486	7492	6
3927	7492	7498	6
3928	7498	7504	6
3929	7504	7510	6
3930	7510	7516	6
3931	7516	7522	6
3932	7522	7528	6
3933	7528	7534	6
3934	7534	7540	6
3935	7540	7546	6
3936	7546	7552	6
3937	7552	7558	6
3938	7558	7564	6
3939	7564	7570	6
3940	7570	7576	6
3941	7576	7582	6
3942	7582	7588	6
3943	7588	7594	6
3944	7594	7600	6
3945	7600	7606	6
3946	7606	7612	6
3947	7612	7618	6
3948	7618	7624	6
3949	7624	7630	6
3950	7630	7636	6
3951	7636	7642	6
3952	7642	7648	6
3953	7648	7654	6
3954	7654	7660	6
3955	7660	7666	6
3956	7666	7672	6
3957	7672	7678	6
3958	7678	7684	6
3959	7684	7690	6
3960	7690	7697	7
3961	7697	7704	7
3962	7704	7711	7
3963	7711	7718	7
3964	7718	7725	7
3965	7725	7732	7
3966	7732	7739	7
3967	7739	7746	7
3968	7746	7753	7
3969	7753	7760	7
3970	7760	7767	7
3971	7767	7774	7
3972	7774	7781	7
3973	7781	7788	7
3974	7788	7795	7
3975	7795	7802	7
3976	7802	7809	7
3977	7809	7816	7
3978	7816	7823	7
3979	7823	7830	7
3980	7830	7837	7
3981	7837	7844	7
3982	7844	7851	7
3983	7851	7858	7
3984	7858	7865	7
3985	7865	7872	7
3986	7872	7879	7
3987	7879	7886	7
3988	7886	7893	7
3989	7893	7900	7
3990	7900	7907	7
3991	7907	7914	7
3992	7914	7921	7
3993	7921	7928	7
3994	7928	7935	7
3995	7935	7942	7
3996	7942	7949	7
3997	7949	7956	7
3998	7956	7963	7
3999	7963	7970	7
4000	7970	7977	7
4001	7977	7984	7
4002	7984	7991	7
4003	7991	7998	7
4004	7998	8005	7
4005	8005	8012	7
4006	8012	8019	7
4007	8019	8026	7
4008	8026	8033	7
4009	8033	8040	7
4010	8040	8047	7
4011	8047	8054	7
4012	8054	8061	7
4013	8061	8068	7
4014	8068	8075	7
4015	8075	8082	7
4016	8082	8089	7
4017	8089	8096	7
4018	8096	8103	7
4019	8103	8110	7
4020	8110	8117	7
4021	8117	8124	7
4022	8124	8131	7
4023	8131	8138	7
4024	8138	8145	7
4025	8145	8152	7
4026	8152	8159	7
4027	8159	8166	7
4028	8166	8173	7
4029	8173	8180	7
4030	8180	8187	7
4031	8187	8194	7
4032	8194	8201	7
4033	8201	8208	7
4034	8208	8215	7
4035	8215	8222	7
4036	8222	8229	7
4037	8229	8236	7
4038	8236	8243	7
4039	8243	8250	7
4040	8250	8257	7
4041	8257	8264	7
4042	8264	8271	7
4043	8271	8278	7
4044	8278	8285	7
4045	8285	8292	7
4046	8292	8299	7
4047	8299	8307	8
4048	8307	8315	8
4049	8315	8323	8
4050	8323	8331	8
4051	8331	8339	8
4052	8339	8347	8
4053	8347	8355	8
4054	8355	8363	8
4055	8363	8371	8
4056	8371	8379	8
4057	8379	8387	8
4058	8387	8395	8
4059	8395	8403	8
4060	8403	8411	8
4061	8411	8419	8
4062	8419	8427	8
4063	8427	8435	8
4064	8435	8443	8
4065	8443	8451	8
4066	8451	8459	8
4067	8459	8467	8
4068	8467	8475	8
4069	8475	8483	8
4070	8483	8491	8
4071	8491	8499	8
4072	8499	8507	8
4073	8507	8515	8
4074	8515	8523	8
4075	8523	8531	8
4076	8531	8539	8
4077	8539	8547	8
4078	8547	8555	8
4079	8555	8563	8
4080	8563	8571	8
4081	8571	8579	8
4082	8579	8587	8
4083	8587	8595	8
4084	8595	8603	8
4085	8603	8611	8
4086	8611	8619	8
4087	8619	8627	8
4088	8627	8635	8
4089	8635	8643	8
4090	8643	8651	8
4091	8651	8659	8
4092	8659	8667	8
4093	8667	8675	8
4094	8675	8683	8
4095	8683	8691	8
4096	8691	8699	8
4097	8699	8707	8
4098	8707	8715	8
4099	8715	8723	8
4100	8723	8731	8
4101	8731	8739	8
4102	8739	8747	8
4103	8747	8755	8
4104	8755	8763	8
4105	8763	8771	8
4106	8771	8779	8
4107	8779	8787	8
4108	8787	8795	8
4109	8795	8803	8
4110	8803	8811	8
4111	8811	8819	8
4112	8819	8827	8
4113	8827	8835	8
4114	8835	8843	8
4115	8843	8851	8
4116	8851	8859	8
4117	8859	8867	8
4118	8867	8875	8
4119	8875	8883	8
4120	8883	8891	8
4121	8891	8899	8
4122	8899	8907	8
4123	8907	8915	8
4124	8915	8924	9
4125	8924	8933	9
4126	8933	8942	9
4127	8942	8951	9
4128	8951	8960	9
4129	8960	8969	9
4130	8969	8978	9
4131	8978	8987	9
4132	8987	8996	9
4133	8996	9005	9
4134	9005	9014	9
4135	9014	9023	9
4136	9023	9032	9
4137	9032	9041	9
4138	9041	9050	9
4139	9050	9059	9
4140	9059	9068	9
4141	9068	9077	9
4142	9077	9086	9
4143	9086	9095	9
4144	9095	9104	9
4145	9104	9113	9
4146	9113	9122	9
4147	9122	9131	9
4148	9131	9140	9
4149	9140	9149	9
4150	9149	9158	9
4151	9158	9167	9
4152	9167	9176	9
4153	9176	9185	9
4154	9185	9194	9
4155	9194	9203	9
4156	9203	9212	9
4157	9212	9221	9
4158	9221	9230	9
4159	9230	9239	9
4160	9239	9248	9
4161	9248	9257	9
4162	9257	9266	9
4163	9266	9275	9
4164	9275	9284	9
4165	9284	9293	9
4166	9293	9302	9
4167	9302	9311	9
4168	9311	9320	9
4169	9320	9329	9
4170	9329	9338	9
4171	9338	9347	9
4172	9347	9356	9
4173	9356	9365	9
4174	9365	9374	9
4175	9374	9383	9
4176	9383	9392	9
4177	9392	9401	9
4178	9401	9410	9
4179	9410	9419	9
4180	9419	9429	10
4181	9429	9439	10
4182	9439	9449	10
4183	9449	9459	10
4184	9459	9469	10
4185	9469	9479	10
4186	9479	9489	10
4187	9489	9499	10
4188	9499	9509	10
4189	9509	9519	10
4190	9519	9529	10
4191	9529	9539	10
4192	9539	9549	10
4193	9549	9559	10
4194	9559	9569	10
4195	9569	9579	10
4196	9579	9589	10
4197	9589	9599	10
4198	9599	9609	10
4199	9609	9619	10
4200	9619	9629	10
4201	9629	9639	10
4202	9639	9649	10
4203	9649	9659	10
4204	9659	9669	10
4205	9669	9679	10
4206	9679	9689	10
4207	9689	9699	10
4208	9699	9709	10
4209	9709	9719	10
4210	9719	9729	10
4211	9729	9739	10
4212	9739	9749	10
4213	9749	9759	10
4214	9759	9769	10
4215	9769	9779	10
4216	9779	9789	10
4217	9789	9799	10
4218	9799	9809	10
4219	9809	9819	10
4220	9819	9829	10
4221	9829	9840	11
4222	9840	9851	11
4223	9851	9862	11
4224	9862	9873	11
4225	9873	9884	11
4226	9884	9895	11
4227	9895	9906	11
4228	9906	9917	11
4229	9917	9928	11
4230	9928	9939	11
4231	9939	9950	11
4232	9950	9961	11
4233	9961	9972	11
4234	9972	9983	11
4235	9983	9994	11
4236	9994	10005	11
4237	10005	10016	11
4238	10016	10027	11
4239	10027	10038	11
4240	10038	10049	11
4241	10049	10060	11
4242	10060	10071	11
4243	10071	10082	11
4244	10082	10093	11
4245	10093	10104	11
4246	10104	10115	11
4247	10115	10126	11
4248	10126	10137	11
4249	10137	10148	11
4250	10148	10159	11
4251	10159	10170	11
4252	10170	10181	11
4253	10181	10192	11
4254	10192	10203	11
