#
#N Pointing	tstart	tend	Obs time
#		s
1	210	211	1
2	211	212	1
3	212	213	1
4	213	214	1
5	214	215	1
6	215	216	1
7	216	217	1
8	217	218	1
9	218	219	1
10	219	220	1
11	220	221	1
12	221	222	1
13	222	223	1
14	223	224	1
15	224	225	1
16	225	226	1
17	226	227	1
18	227	228	1
19	228	229	1
20	229	230	1
21	230	231	1
22	231	232	1
23	232	233	1
24	233	234	1
25	234	235	1
26	235	236	1
27	236	237	1
28	237	238	1
29	238	239	1
30	239	240	1
31	240	241	1
32	241	242	1
33	242	243	1
34	243	244	1
35	244	245	1
36	245	246	1
37	246	247	1
38	247	248	1
39	248	249	1
40	249	250	1
41	250	251	1
42	251	252	1
43	252	253	1
44	253	254	1
45	254	255	1
46	255	256	1
47	256	257	1
48	257	258	1
49	258	259	1
50	259	260	1
51	260	261	1
52	261	262	1
53	262	263	1
54	263	264	1
55	264	265	1
56	265	266	1
57	266	267	1
58	267	268	1
59	268	269	1
60	269	270	1
61	270	271	1
62	271	272	1
63	272	273	1
64	273	274	1
65	274	275	1
66	275	276	1
67	276	277	1
68	277	278	1
69	278	279	1
70	279	280	1
71	280	281	1
72	281	282	1
73	282	283	1
74	283	284	1
75	284	285	1
76	285	286	1
77	286	287	1
78	287	288	1
79	288	289	1
80	289	290	1
81	290	291	1
82	291	292	1
83	292	293	1
84	293	294	1
85	294	295	1
86	295	296	1
87	296	297	1
88	297	298	1
89	298	299	1
90	299	300	1
91	300	301	1
92	301	302	1
93	302	303	1
94	303	304	1
95	304	305	1
96	305	306	1
97	306	307	1
98	307	308	1
99	308	309	1
100	309	310	1
101	310	311	1
102	311	312	1
103	312	313	1
104	313	314	1
105	314	315	1
106	315	316	1
107	316	317	1
108	317	318	1
109	318	319	1
110	319	320	1
111	320	321	1
112	321	322	1
113	322	323	1
114	323	324	1
115	324	325	1
116	325	326	1
117	326	327	1
118	327	328	1
119	328	329	1
120	329	330	1
121	330	331	1
122	331	332	1
123	332	333	1
124	333	334	1
125	334	335	1
126	335	336	1
127	336	337	1
128	337	338	1
129	338	339	1
130	339	340	1
131	340	341	1
132	341	342	1
133	342	343	1
134	343	344	1
135	344	345	1
136	345	346	1
137	346	347	1
138	347	348	1
139	348	349	1
140	349	350	1
141	350	351	1
142	351	352	1
143	352	353	1
144	353	354	1
145	354	355	1
146	355	356	1
147	356	357	1
148	357	358	1
149	358	359	1
150	359	360	1
151	360	361	1
152	361	362	1
153	362	363	1
154	363	364	1
155	364	365	1
156	365	366	1
157	366	367	1
158	367	368	1
159	368	369	1
160	369	370	1
161	370	371	1
162	371	372	1
163	372	373	1
164	373	374	1
165	374	375	1
166	375	376	1
167	376	377	1
168	377	378	1
169	378	379	1
170	379	380	1
171	380	381	1
172	381	382	1
173	382	383	1
174	383	384	1
175	384	385	1
176	385	386	1
177	386	387	1
178	387	388	1
179	388	389	1
180	389	390	1
181	390	391	1
182	391	392	1
183	392	393	1
184	393	394	1
185	394	395	1
186	395	396	1
187	396	397	1
188	397	398	1
189	398	399	1
190	399	400	1
191	400	401	1
192	401	402	1
193	402	403	1
194	403	404	1
195	404	405	1
196	405	406	1
197	406	407	1
198	407	408	1
199	408	409	1
200	409	410	1
201	410	411	1
202	411	412	1
203	412	413	1
204	413	414	1
205	414	415	1
206	415	416	1
207	416	417	1
208	417	418	1
209	418	419	1
210	419	420	1
211	420	421	1
212	421	422	1
213	422	423	1
214	423	424	1
215	424	425	1
216	425	426	1
217	426	427	1
218	427	428	1
219	428	429	1
220	429	430	1
221	430	431	1
222	431	432	1
223	432	433	1
224	433	434	1
225	434	435	1
226	435	436	1
227	436	437	1
228	437	438	1
229	438	439	1
230	439	440	1
231	440	441	1
232	441	442	1
233	442	443	1
234	443	444	1
235	444	445	1
236	445	446	1
237	446	447	1
238	447	448	1
239	448	449	1
240	449	450	1
241	450	451	1
242	451	452	1
243	452	453	1
244	453	454	1
245	454	455	1
246	455	456	1
247	456	457	1
248	457	458	1
249	458	459	1
250	459	460	1
251	460	461	1
252	461	462	1
253	462	463	1
254	463	464	1
255	464	465	1
256	465	466	1
257	466	467	1
258	467	468	1
259	468	469	1
260	469	470	1
261	470	471	1
262	471	472	1
263	472	473	1
264	473	474	1
265	474	475	1
266	475	476	1
267	476	477	1
268	477	478	1
269	478	479	1
270	479	480	1
271	480	481	1
272	481	482	1
273	482	483	1
274	483	484	1
275	484	485	1
276	485	486	1
277	486	487	1
278	487	488	1
279	488	489	1
280	489	490	1
281	490	491	1
282	491	492	1
283	492	493	1
284	493	494	1
285	494	495	1
286	495	496	1
287	496	497	1
288	497	498	1
289	498	499	1
290	499	500	1
291	500	501	1
292	501	502	1
293	502	503	1
294	503	504	1
295	504	505	1
296	505	506	1
297	506	507	1
298	507	508	1
299	508	509	1
300	509	510	1
301	510	511	1
302	511	512	1
303	512	513	1
304	513	514	1
305	514	515	1
306	515	516	1
307	516	517	1
308	517	518	1
309	518	519	1
310	519	520	1
311	520	521	1
312	521	522	1
313	522	523	1
314	523	524	1
315	524	525	1
316	525	526	1
317	526	527	1
318	527	528	1
319	528	529	1
320	529	530	1
321	530	531	1
322	531	532	1
323	532	533	1
324	533	534	1
325	534	535	1
326	535	536	1
327	536	537	1
328	537	538	1
329	538	539	1
330	539	540	1
331	540	541	1
332	541	542	1
333	542	543	1
334	543	544	1
335	544	545	1
336	545	546	1
337	546	547	1
338	547	548	1
339	548	549	1
340	549	550	1
341	550	551	1
342	551	552	1
343	552	553	1
344	553	554	1
345	554	555	1
346	555	556	1
347	556	557	1
348	557	558	1
349	558	559	1
350	559	560	1
351	560	561	1
352	561	562	1
353	562	563	1
354	563	564	1
355	564	565	1
356	565	566	1
357	566	567	1
358	567	568	1
359	568	569	1
360	569	570	1
361	570	571	1
362	571	572	1
363	572	573	1
364	573	574	1
365	574	575	1
366	575	576	1
367	576	577	1
368	577	578	1
369	578	579	1
370	579	580	1
371	580	581	1
372	581	582	1
373	582	583	1
374	583	584	1
375	584	585	1
376	585	586	1
377	586	587	1
378	587	588	1
379	588	589	1
380	589	590	1
381	590	591	1
382	591	592	1
383	592	593	1
384	593	594	1
385	594	595	1
386	595	596	1
387	596	597	1
388	597	598	1
389	598	599	1
390	599	600	1
391	600	601	1
392	601	602	1
393	602	603	1
394	603	604	1
395	604	605	1
396	605	606	1
397	606	607	1
398	607	608	1
399	608	609	1
400	609	610	1
401	610	611	1
402	611	612	1
403	612	613	1
404	613	614	1
405	614	615	1
406	615	616	1
407	616	617	1
408	617	618	1
409	618	619	1
410	619	620	1
411	620	621	1
412	621	622	1
413	622	623	1
414	623	624	1
415	624	625	1
416	625	626	1
417	626	627	1
418	627	628	1
419	628	629	1
420	629	630	1
421	630	631	1
422	631	632	1
423	632	633	1
424	633	634	1
425	634	635	1
426	635	636	1
427	636	637	1
428	637	638	1
429	638	639	1
430	639	640	1
431	640	641	1
432	641	642	1
433	642	643	1
434	643	644	1
435	644	645	1
436	645	646	1
437	646	647	1
438	647	648	1
439	648	649	1
440	649	650	1
441	650	651	1
442	651	652	1
443	652	653	1
444	653	654	1
445	654	655	1
446	655	656	1
447	656	657	1
448	657	658	1
449	658	659	1
450	659	660	1
451	660	661	1
452	661	662	1
453	662	663	1
454	663	664	1
455	664	665	1
456	665	666	1
457	666	667	1
458	667	668	1
459	668	669	1
460	669	670	1
461	670	671	1
462	671	672	1
463	672	673	1
464	673	674	1
465	674	675	1
466	675	676	1
467	676	677	1
468	677	678	1
469	678	679	1
470	679	680	1
471	680	681	1
472	681	682	1
473	682	683	1
474	683	684	1
475	684	685	1
476	685	686	1
477	686	687	1
478	687	688	1
479	688	689	1
480	689	690	1
481	690	691	1
482	691	692	1
483	692	693	1
484	693	694	1
485	694	695	1
486	695	696	1
487	696	697	1
488	697	698	1
489	698	699	1
490	699	700	1
491	700	701	1
492	701	702	1
493	702	703	1
494	703	704	1
495	704	705	1
496	705	706	1
497	706	707	1
498	707	708	1
499	708	709	1
500	709	710	1
501	710	711	1
502	711	712	1
503	712	713	1
504	713	714	1
505	714	715	1
506	715	716	1
507	716	717	1
508	717	718	1
509	718	719	1
510	719	720	1
511	720	721	1
512	721	722	1
513	722	723	1
514	723	724	1
515	724	725	1
516	725	726	1
517	726	727	1
518	727	728	1
519	728	729	1
520	729	730	1
521	730	731	1
522	731	732	1
523	732	733	1
524	733	734	1
525	734	735	1
526	735	736	1
527	736	737	1
528	737	738	1
529	738	739	1
530	739	740	1
531	740	741	1
532	741	742	1
533	742	743	1
534	743	744	1
535	744	745	1
536	745	746	1
537	746	747	1
538	747	748	1
539	748	749	1
540	749	750	1
541	750	751	1
542	751	752	1
543	752	753	1
544	753	754	1
545	754	755	1
546	755	756	1
547	756	757	1
548	757	758	1
549	758	759	1
550	759	760	1
551	760	761	1
552	761	762	1
553	762	763	1
554	763	764	1
555	764	765	1
556	765	766	1
557	766	767	1
558	767	768	1
559	768	769	1
560	769	770	1
561	770	771	1
562	771	772	1
563	772	773	1
564	773	774	1
565	774	775	1
566	775	776	1
567	776	777	1
568	777	778	1
569	778	779	1
570	779	780	1
571	780	781	1
572	781	782	1
573	782	783	1
574	783	784	1
575	784	785	1
576	785	786	1
577	786	787	1
578	787	788	1
579	788	789	1
580	789	790	1
581	790	791	1
582	791	792	1
583	792	793	1
584	793	794	1
585	794	795	1
586	795	796	1
587	796	797	1
588	797	798	1
589	798	799	1
590	799	800	1
591	800	801	1
592	801	802	1
593	802	803	1
594	803	804	1
595	804	805	1
596	805	806	1
597	806	807	1
598	807	808	1
599	808	809	1
600	809	810	1
601	810	811	1
602	811	812	1
603	812	813	1
604	813	814	1
605	814	815	1
606	815	816	1
607	816	817	1
608	817	818	1
609	818	819	1
610	819	820	1
611	820	821	1
612	821	822	1
613	822	823	1
614	823	824	1
615	824	825	1
616	825	826	1
617	826	827	1
618	827	828	1
619	828	829	1
620	829	830	1
621	830	831	1
622	831	832	1
623	832	833	1
624	833	834	1
625	834	835	1
626	835	836	1
627	836	837	1
628	837	838	1
629	838	839	1
630	839	840	1
631	840	841	1
632	841	842	1
633	842	843	1
634	843	844	1
635	844	845	1
636	845	846	1
637	846	847	1
638	847	848	1
639	848	849	1
640	849	850	1
641	850	851	1
642	851	852	1
643	852	853	1
644	853	854	1
645	854	855	1
646	855	856	1
647	856	857	1
648	857	858	1
649	858	859	1
650	859	860	1
651	860	861	1
652	861	862	1
653	862	863	1
654	863	864	1
655	864	865	1
656	865	866	1
657	866	867	1
658	867	868	1
659	868	869	1
660	869	870	1
661	870	871	1
662	871	872	1
663	872	873	1
664	873	874	1
665	874	875	1
666	875	876	1
667	876	877	1
668	877	878	1
669	878	879	1
670	879	880	1
671	880	881	1
672	881	882	1
673	882	883	1
674	883	884	1
675	884	885	1
676	885	886	1
677	886	887	1
678	887	888	1
679	888	889	1
680	889	890	1
681	890	891	1
682	891	892	1
683	892	893	1
684	893	894	1
685	894	895	1
686	895	896	1
687	896	897	1
688	897	898	1
689	898	899	1
690	899	900	1
691	900	901	1
692	901	902	1
693	902	903	1
694	903	904	1
695	904	905	1
696	905	906	1
697	906	907	1
698	907	908	1
699	908	909	1
700	909	910	1
701	910	911	1
702	911	912	1
703	912	913	1
704	913	914	1
705	914	915	1
706	915	916	1
707	916	917	1
708	917	918	1
709	918	919	1
710	919	920	1
711	920	921	1
712	921	922	1
713	922	923	1
714	923	924	1
715	924	925	1
716	925	926	1
717	926	927	1
718	927	928	1
719	928	929	1
720	929	930	1
721	930	931	1
722	931	932	1
723	932	933	1
724	933	934	1
725	934	935	1
726	935	936	1
727	936	937	1
728	937	938	1
729	938	939	1
730	939	940	1
731	940	941	1
732	941	942	1
733	942	943	1
734	943	944	1
735	944	945	1
736	945	946	1
737	946	947	1
738	947	948	1
739	948	949	1
740	949	950	1
741	950	951	1
742	951	952	1
743	952	953	1
744	953	954	1
745	954	955	1
746	955	956	1
747	956	957	1
748	957	958	1
749	958	959	1
750	959	960	1
751	960	961	1
752	961	962	1
753	962	963	1
754	963	964	1
755	964	965	1
756	965	966	1
757	966	967	1
758	967	968	1
759	968	969	1
760	969	970	1
761	970	971	1
762	971	972	1
763	972	973	1
764	973	974	1
765	974	975	1
766	975	976	1
767	976	977	1
768	977	978	1
769	978	979	1
770	979	980	1
771	980	981	1
772	981	982	1
773	982	983	1
774	983	984	1
775	984	985	1
776	985	986	1
777	986	987	1
778	987	988	1
779	988	989	1
780	989	990	1
781	990	991	1
782	991	992	1
783	992	993	1
784	993	994	1
785	994	995	1
786	995	996	1
787	996	997	1
788	997	998	1
789	998	999	1
790	999	1000	1
791	1000	1001	1
792	1001	1002	1
793	1002	1003	1
794	1003	1004	1
795	1004	1005	1
796	1005	1006	1
797	1006	1007	1
798	1007	1008	1
799	1008	1009	1
800	1009	1010	1
801	1010	1011	1
802	1011	1012	1
803	1012	1013	1
804	1013	1014	1
805	1014	1015	1
806	1015	1016	1
807	1016	1017	1
808	1017	1018	1
809	1018	1019	1
810	1019	1020	1
811	1020	1021	1
812	1021	1022	1
813	1022	1023	1
814	1023	1024	1
815	1024	1025	1
816	1025	1026	1
817	1026	1027	1
818	1027	1028	1
819	1028	1029	1
820	1029	1030	1
821	1030	1031	1
822	1031	1032	1
823	1032	1033	1
824	1033	1034	1
825	1034	1035	1
826	1035	1036	1
827	1036	1037	1
828	1037	1038	1
829	1038	1039	1
830	1039	1040	1
831	1040	1041	1
832	1041	1042	1
833	1042	1043	1
834	1043	1044	1
835	1044	1045	1
836	1045	1046	1
837	1046	1047	1
838	1047	1048	1
839	1048	1049	1
840	1049	1050	1
841	1050	1051	1
842	1051	1052	1
843	1052	1053	1
844	1053	1054	1
845	1054	1055	1
846	1055	1056	1
847	1056	1057	1
848	1057	1058	1
849	1058	1059	1
850	1059	1060	1
851	1060	1061	1
852	1061	1062	1
853	1062	1063	1
854	1063	1064	1
855	1064	1065	1
856	1065	1066	1
857	1066	1067	1
858	1067	1068	1
859	1068	1069	1
860	1069	1070	1
861	1070	1071	1
862	1071	1072	1
863	1072	1073	1
864	1073	1074	1
865	1074	1075	1
866	1075	1076	1
867	1076	1077	1
868	1077	1078	1
869	1078	1079	1
870	1079	1080	1
871	1080	1081	1
872	1081	1082	1
873	1082	1083	1
874	1083	1084	1
875	1084	1085	1
876	1085	1086	1
877	1086	1087	1
878	1087	1088	1
879	1088	1089	1
880	1089	1090	1
881	1090	1091	1
882	1091	1092	1
883	1092	1093	1
884	1093	1094	1
885	1094	1095	1
886	1095	1096	1
887	1096	1097	1
888	1097	1098	1
889	1098	1099	1
890	1099	1100	1
891	1100	1101	1
892	1101	1102	1
893	1102	1103	1
894	1103	1104	1
895	1104	1105	1
896	1105	1106	1
897	1106	1107	1
898	1107	1108	1
899	1108	1109	1
900	1109	1110	1
901	1110	1111	1
902	1111	1112	1
903	1112	1113	1
904	1113	1114	1
905	1114	1115	1
906	1115	1116	1
907	1116	1117	1
908	1117	1118	1
909	1118	1119	1
910	1119	1120	1
911	1120	1121	1
912	1121	1122	1
913	1122	1123	1
914	1123	1124	1
915	1124	1125	1
916	1125	1126	1
917	1126	1127	1
918	1127	1128	1
919	1128	1129	1
920	1129	1130	1
921	1130	1131	1
922	1131	1132	1
923	1132	1133	1
924	1133	1134	1
925	1134	1135	1
926	1135	1136	1
927	1136	1137	1
928	1137	1138	1
929	1138	1139	1
930	1139	1140	1
931	1140	1141	1
932	1141	1142	1
933	1142	1143	1
934	1143	1144	1
935	1144	1145	1
936	1145	1146	1
937	1146	1147	1
938	1147	1148	1
939	1148	1149	1
940	1149	1150	1
941	1150	1151	1
942	1151	1152	1
943	1152	1153	1
944	1153	1154	1
945	1154	1155	1
946	1155	1156	1
947	1156	1157	1
948	1157	1158	1
949	1158	1159	1
950	1159	1160	1
951	1160	1161	1
952	1161	1162	1
953	1162	1163	1
954	1163	1164	1
955	1164	1165	1
956	1165	1166	1
957	1166	1167	1
958	1167	1168	1
959	1168	1169	1
960	1169	1170	1
961	1170	1171	1
962	1171	1172	1
963	1172	1173	1
964	1173	1174	1
965	1174	1175	1
966	1175	1176	1
967	1176	1177	1
968	1177	1178	1
969	1178	1179	1
970	1179	1180	1
971	1180	1181	1
972	1181	1182	1
973	1182	1183	1
974	1183	1184	1
975	1184	1185	1
976	1185	1186	1
977	1186	1187	1
978	1187	1188	1
979	1188	1189	1
980	1189	1190	1
981	1190	1191	1
982	1191	1192	1
983	1192	1193	1
984	1193	1194	1
985	1194	1195	1
986	1195	1196	1
987	1196	1197	1
988	1197	1198	1
989	1198	1199	1
990	1199	1200	1
991	1200	1201	1
992	1201	1202	1
993	1202	1203	1
994	1203	1204	1
995	1204	1205	1
996	1205	1206	1
997	1206	1207	1
998	1207	1208	1
999	1208	1209	1
1000	1209	1210	1
1001	1210	1211	1
1002	1211	1212	1
1003	1212	1213	1
1004	1213	1214	1
1005	1214	1215	1
1006	1215	1216	1
1007	1216	1217	1
1008	1217	1218	1
1009	1218	1219	1
1010	1219	1220	1
1011	1220	1221	1
1012	1221	1222	1
1013	1222	1223	1
1014	1223	1224	1
1015	1224	1225	1
1016	1225	1226	1
1017	1226	1227	1
1018	1227	1228	1
1019	1228	1229	1
1020	1229	1230	1
1021	1230	1231	1
1022	1231	1232	1
1023	1232	1233	1
1024	1233	1234	1
1025	1234	1235	1
1026	1235	1236	1
1027	1236	1237	1
1028	1237	1238	1
1029	1238	1239	1
1030	1239	1240	1
1031	1240	1241	1
1032	1241	1242	1
1033	1242	1243	1
1034	1243	1244	1
1035	1244	1245	1
1036	1245	1246	1
1037	1246	1247	1
1038	1247	1248	1
1039	1248	1249	1
1040	1249	1250	1
1041	1250	1251	1
1042	1251	1252	1
1043	1252	1253	1
1044	1253	1254	1
1045	1254	1255	1
1046	1255	1256	1
1047	1256	1257	1
1048	1257	1258	1
1049	1258	1259	1
1050	1259	1260	1
1051	1260	1261	1
1052	1261	1262	1
1053	1262	1263	1
1054	1263	1264	1
1055	1264	1265	1
1056	1265	1266	1
1057	1266	1267	1
1058	1267	1268	1
1059	1268	1269	1
1060	1269	1270	1
1061	1270	1271	1
1062	1271	1272	1
1063	1272	1273	1
1064	1273	1274	1
1065	1274	1275	1
1066	1275	1276	1
1067	1276	1277	1
1068	1277	1278	1
1069	1278	1279	1
1070	1279	1280	1
1071	1280	1281	1
1072	1281	1282	1
1073	1282	1283	1
1074	1283	1284	1
1075	1284	1285	1
1076	1285	1286	1
1077	1286	1287	1
1078	1287	1288	1
1079	1288	1289	1
1080	1289	1290	1
1081	1290	1291	1
1082	1291	1292	1
1083	1292	1293	1
1084	1293	1294	1
1085	1294	1295	1
1086	1295	1296	1
1087	1296	1297	1
1088	1297	1298	1
1089	1298	1299	1
1090	1299	1300	1
1091	1300	1301	1
1092	1301	1302	1
1093	1302	1303	1
1094	1303	1304	1
1095	1304	1305	1
1096	1305	1306	1
1097	1306	1307	1
1098	1307	1308	1
1099	1308	1309	1
1100	1309	1310	1
1101	1310	1311	1
1102	1311	1312	1
1103	1312	1313	1
1104	1313	1314	1
1105	1314	1315	1
1106	1315	1316	1
1107	1316	1317	1
1108	1317	1318	1
1109	1318	1319	1
1110	1319	1320	1
1111	1320	1321	1
1112	1321	1322	1
1113	1322	1323	1
1114	1323	1324	1
1115	1324	1325	1
1116	1325	1326	1
1117	1326	1327	1
1118	1327	1328	1
1119	1328	1329	1
1120	1329	1330	1
1121	1330	1331	1
1122	1331	1332	1
1123	1332	1333	1
1124	1333	1334	1
1125	1334	1335	1
1126	1335	1336	1
1127	1336	1337	1
1128	1337	1338	1
1129	1338	1339	1
1130	1339	1340	1
1131	1340	1341	1
1132	1341	1342	1
1133	1342	1343	1
1134	1343	1344	1
1135	1344	1345	1
1136	1345	1346	1
1137	1346	1347	1
1138	1347	1348	1
1139	1348	1349	1
1140	1349	1350	1
1141	1350	1351	1
1142	1351	1352	1
1143	1352	1353	1
1144	1353	1354	1
1145	1354	1355	1
1146	1355	1356	1
1147	1356	1357	1
1148	1357	1358	1
1149	1358	1359	1
1150	1359	1360	1
1151	1360	1361	1
1152	1361	1362	1
1153	1362	1363	1
1154	1363	1364	1
1155	1364	1365	1
1156	1365	1366	1
1157	1366	1367	1
1158	1367	1368	1
1159	1368	1369	1
1160	1369	1370	1
1161	1370	1371	1
1162	1371	1372	1
1163	1372	1373	1
1164	1373	1374	1
1165	1374	1375	1
1166	1375	1376	1
1167	1376	1378	2
1168	1378	1380	2
1169	1380	1382	2
1170	1382	1384	2
1171	1384	1386	2
1172	1386	1388	2
1173	1388	1390	2
1174	1390	1392	2
1175	1392	1394	2
1176	1394	1396	2
1177	1396	1398	2
1178	1398	1400	2
1179	1400	1402	2
1180	1402	1404	2
1181	1404	1406	2
1182	1406	1408	2
1183	1408	1410	2
1184	1410	1412	2
1185	1412	1414	2
1186	1414	1416	2
1187	1416	1418	2
1188	1418	1420	2
1189	1420	1422	2
1190	1422	1424	2
1191	1424	1426	2
1192	1426	1428	2
1193	1428	1430	2
1194	1430	1432	2
1195	1432	1434	2
1196	1434	1436	2
1197	1436	1438	2
1198	1438	1440	2
1199	1440	1442	2
1200	1442	1444	2
1201	1444	1446	2
1202	1446	1448	2
1203	1448	1450	2
1204	1450	1452	2
1205	1452	1454	2
1206	1454	1456	2
1207	1456	1458	2
1208	1458	1460	2
1209	1460	1462	2
1210	1462	1464	2
1211	1464	1466	2
1212	1466	1468	2
1213	1468	1470	2
1214	1470	1472	2
1215	1472	1474	2
1216	1474	1476	2
1217	1476	1478	2
1218	1478	1480	2
1219	1480	1482	2
1220	1482	1484	2
1221	1484	1486	2
1222	1486	1488	2
1223	1488	1490	2
1224	1490	1492	2
1225	1492	1494	2
1226	1494	1496	2
1227	1496	1498	2
1228	1498	1500	2
1229	1500	1502	2
1230	1502	1504	2
1231	1504	1506	2
1232	1506	1508	2
1233	1508	1510	2
1234	1510	1512	2
1235	1512	1514	2
1236	1514	1516	2
1237	1516	1518	2
1238	1518	1520	2
1239	1520	1522	2
1240	1522	1524	2
1241	1524	1526	2
1242	1526	1528	2
1243	1528	1530	2
1244	1530	1532	2
1245	1532	1534	2
1246	1534	1536	2
1247	1536	1538	2
1248	1538	1540	2
1249	1540	1542	2
1250	1542	1544	2
1251	1544	1546	2
1252	1546	1548	2
1253	1548	1550	2
1254	1550	1552	2
1255	1552	1554	2
1256	1554	1556	2
1257	1556	1558	2
1258	1558	1560	2
1259	1560	1562	2
1260	1562	1564	2
1261	1564	1566	2
1262	1566	1568	2
1263	1568	1570	2
1264	1570	1572	2
1265	1572	1574	2
1266	1574	1576	2
1267	1576	1578	2
1268	1578	1580	2
1269	1580	1582	2
1270	1582	1584	2
1271	1584	1586	2
1272	1586	1588	2
1273	1588	1590	2
1274	1590	1592	2
1275	1592	1594	2
1276	1594	1596	2
1277	1596	1598	2
1278	1598	1600	2
1279	1600	1602	2
1280	1602	1604	2
1281	1604	1606	2
1282	1606	1608	2
1283	1608	1610	2
1284	1610	1612	2
1285	1612	1614	2
1286	1614	1616	2
1287	1616	1618	2
1288	1618	1620	2
1289	1620	1622	2
1290	1622	1624	2
1291	1624	1626	2
1292	1626	1628	2
1293	1628	1630	2
1294	1630	1632	2
1295	1632	1634	2
1296	1634	1636	2
1297	1636	1638	2
1298	1638	1640	2
1299	1640	1642	2
1300	1642	1644	2
1301	1644	1646	2
1302	1646	1648	2
1303	1648	1650	2
1304	1650	1652	2
1305	1652	1654	2
1306	1654	1656	2
1307	1656	1658	2
1308	1658	1660	2
1309	1660	1662	2
1310	1662	1664	2
1311	1664	1666	2
1312	1666	1668	2
1313	1668	1670	2
1314	1670	1672	2
1315	1672	1674	2
1316	1674	1676	2
1317	1676	1678	2
1318	1678	1680	2
1319	1680	1682	2
1320	1682	1684	2
1321	1684	1686	2
1322	1686	1688	2
1323	1688	1690	2
1324	1690	1692	2
1325	1692	1694	2
1326	1694	1696	2
1327	1696	1698	2
1328	1698	1700	2
1329	1700	1702	2
1330	1702	1704	2
1331	1704	1706	2
1332	1706	1708	2
1333	1708	1710	2
1334	1710	1712	2
1335	1712	1714	2
1336	1714	1716	2
1337	1716	1718	2
1338	1718	1720	2
1339	1720	1722	2
1340	1722	1724	2
1341	1724	1726	2
1342	1726	1728	2
1343	1728	1730	2
1344	1730	1732	2
1345	1732	1734	2
1346	1734	1736	2
1347	1736	1738	2
1348	1738	1740	2
1349	1740	1742	2
1350	1742	1744	2
1351	1744	1746	2
1352	1746	1748	2
1353	1748	1750	2
1354	1750	1752	2
1355	1752	1754	2
1356	1754	1756	2
1357	1756	1758	2
1358	1758	1760	2
1359	1760	1762	2
1360	1762	1764	2
1361	1764	1766	2
1362	1766	1768	2
1363	1768	1770	2
1364	1770	1772	2
1365	1772	1774	2
1366	1774	1776	2
1367	1776	1778	2
1368	1778	1780	2
1369	1780	1782	2
1370	1782	1784	2
1371	1784	1786	2
1372	1786	1788	2
1373	1788	1790	2
1374	1790	1792	2
1375	1792	1794	2
1376	1794	1796	2
1377	1796	1798	2
1378	1798	1800	2
1379	1800	1802	2
1380	1802	1804	2
1381	1804	1806	2
1382	1806	1808	2
1383	1808	1810	2
1384	1810	1812	2
1385	1812	1814	2
1386	1814	1816	2
1387	1816	1818	2
1388	1818	1820	2
1389	1820	1822	2
1390	1822	1824	2
1391	1824	1826	2
1392	1826	1828	2
1393	1828	1830	2
1394	1830	1832	2
1395	1832	1834	2
1396	1834	1836	2
1397	1836	1838	2
1398	1838	1840	2
1399	1840	1842	2
1400	1842	1844	2
1401	1844	1846	2
1402	1846	1848	2
1403	1848	1850	2
1404	1850	1852	2
1405	1852	1854	2
1406	1854	1856	2
1407	1856	1858	2
1408	1858	1860	2
1409	1860	1862	2
1410	1862	1864	2
1411	1864	1866	2
1412	1866	1868	2
1413	1868	1870	2
1414	1870	1872	2
1415	1872	1874	2
1416	1874	1876	2
1417	1876	1878	2
1418	1878	1880	2
1419	1880	1882	2
1420	1882	1884	2
1421	1884	1886	2
1422	1886	1888	2
1423	1888	1890	2
1424	1890	1892	2
1425	1892	1894	2
1426	1894	1896	2
1427	1896	1898	2
1428	1898	1900	2
1429	1900	1902	2
1430	1902	1904	2
1431	1904	1906	2
1432	1906	1908	2
1433	1908	1910	2
1434	1910	1912	2
1435	1912	1914	2
1436	1914	1916	2
1437	1916	1918	2
1438	1918	1920	2
1439	1920	1922	2
1440	1922	1924	2
1441	1924	1926	2
1442	1926	1928	2
1443	1928	1930	2
1444	1930	1932	2
1445	1932	1934	2
1446	1934	1936	2
1447	1936	1938	2
1448	1938	1940	2
1449	1940	1942	2
1450	1942	1944	2
1451	1944	1946	2
1452	1946	1948	2
1453	1948	1950	2
1454	1950	1952	2
1455	1952	1954	2
1456	1954	1956	2
1457	1956	1958	2
1458	1958	1960	2
1459	1960	1962	2
1460	1962	1964	2
1461	1964	1966	2
1462	1966	1968	2
1463	1968	1970	2
1464	1970	1972	2
1465	1972	1974	2
1466	1974	1976	2
1467	1976	1978	2
1468	1978	1980	2
1469	1980	1982	2
1470	1982	1984	2
1471	1984	1986	2
1472	1986	1988	2
1473	1988	1990	2
1474	1990	1992	2
1475	1992	1994	2
1476	1994	1996	2
1477	1996	1998	2
1478	1998	2000	2
1479	2000	2002	2
1480	2002	2004	2
1481	2004	2006	2
1482	2006	2008	2
1483	2008	2010	2
1484	2010	2012	2
1485	2012	2014	2
1486	2014	2016	2
1487	2016	2018	2
1488	2018	2020	2
1489	2020	2022	2
1490	2022	2024	2
1491	2024	2026	2
1492	2026	2028	2
1493	2028	2030	2
1494	2030	2032	2
1495	2032	2034	2
1496	2034	2036	2
1497	2036	2038	2
1498	2038	2040	2
1499	2040	2042	2
1500	2042	2044	2
1501	2044	2046	2
1502	2046	2048	2
1503	2048	2050	2
1504	2050	2052	2
1505	2052	2054	2
1506	2054	2056	2
1507	2056	2058	2
1508	2058	2060	2
1509	2060	2062	2
1510	2062	2064	2
1511	2064	2066	2
1512	2066	2068	2
1513	2068	2070	2
1514	2070	2072	2
1515	2072	2074	2
1516	2074	2076	2
1517	2076	2078	2
1518	2078	2080	2
1519	2080	2082	2
1520	2082	2084	2
1521	2084	2086	2
1522	2086	2088	2
1523	2088	2090	2
1524	2090	2092	2
1525	2092	2094	2
1526	2094	2096	2
1527	2096	2098	2
1528	2098	2100	2
1529	2100	2102	2
1530	2102	2104	2
1531	2104	2106	2
1532	2106	2108	2
1533	2108	2110	2
1534	2110	2112	2
1535	2112	2114	2
1536	2114	2116	2
1537	2116	2118	2
1538	2118	2120	2
1539	2120	2122	2
1540	2122	2124	2
1541	2124	2126	2
1542	2126	2128	2
1543	2128	2130	2
1544	2130	2132	2
1545	2132	2134	2
1546	2134	2136	2
1547	2136	2138	2
1548	2138	2140	2
1549	2140	2142	2
1550	2142	2144	2
1551	2144	2146	2
1552	2146	2148	2
1553	2148	2150	2
1554	2150	2152	2
1555	2152	2154	2
1556	2154	2156	2
1557	2156	2158	2
1558	2158	2160	2
1559	2160	2162	2
1560	2162	2164	2
1561	2164	2166	2
1562	2166	2168	2
1563	2168	2170	2
1564	2170	2172	2
1565	2172	2174	2
1566	2174	2176	2
1567	2176	2178	2
1568	2178	2180	2
1569	2180	2182	2
1570	2182	2184	2
1571	2184	2186	2
1572	2186	2188	2
1573	2188	2190	2
1574	2190	2192	2
1575	2192	2194	2
1576	2194	2196	2
1577	2196	2198	2
1578	2198	2200	2
1579	2200	2202	2
1580	2202	2204	2
1581	2204	2206	2
1582	2206	2208	2
1583	2208	2210	2
1584	2210	2212	2
1585	2212	2214	2
1586	2214	2216	2
1587	2216	2218	2
1588	2218	2220	2
1589	2220	2222	2
1590	2222	2224	2
1591	2224	2226	2
1592	2226	2228	2
1593	2228	2230	2
1594	2230	2232	2
1595	2232	2234	2
1596	2234	2236	2
1597	2236	2238	2
1598	2238	2240	2
1599	2240	2242	2
1600	2242	2244	2
1601	2244	2246	2
1602	2246	2248	2
1603	2248	2250	2
1604	2250	2252	2
1605	2252	2254	2
1606	2254	2256	2
1607	2256	2258	2
1608	2258	2260	2
1609	2260	2262	2
1610	2262	2264	2
1611	2264	2266	2
1612	2266	2268	2
1613	2268	2270	2
1614	2270	2272	2
1615	2272	2274	2
1616	2274	2276	2
1617	2276	2278	2
1618	2278	2280	2
1619	2280	2282	2
1620	2282	2284	2
1621	2284	2286	2
1622	2286	2288	2
1623	2288	2290	2
1624	2290	2292	2
1625	2292	2294	2
1626	2294	2296	2
1627	2296	2298	2
1628	2298	2300	2
1629	2300	2302	2
1630	2302	2304	2
1631	2304	2306	2
1632	2306	2308	2
1633	2308	2310	2
1634	2310	2312	2
1635	2312	2314	2
1636	2314	2316	2
1637	2316	2318	2
1638	2318	2320	2
1639	2320	2322	2
1640	2322	2324	2
1641	2324	2326	2
1642	2326	2328	2
1643	2328	2330	2
1644	2330	2332	2
1645	2332	2334	2
1646	2334	2336	2
1647	2336	2338	2
1648	2338	2340	2
1649	2340	2342	2
1650	2342	2344	2
1651	2344	2346	2
1652	2346	2348	2
1653	2348	2350	2
1654	2350	2352	2
1655	2352	2354	2
1656	2354	2356	2
1657	2356	2358	2
1658	2358	2360	2
1659	2360	2362	2
1660	2362	2364	2
1661	2364	2366	2
1662	2366	2368	2
1663	2368	2370	2
1664	2370	2372	2
1665	2372	2374	2
1666	2374	2376	2
1667	2376	2378	2
1668	2378	2380	2
1669	2380	2382	2
1670	2382	2384	2
1671	2384	2386	2
1672	2386	2388	2
1673	2388	2390	2
1674	2390	2392	2
1675	2392	2394	2
1676	2394	2396	2
1677	2396	2398	2
1678	2398	2400	2
1679	2400	2402	2
1680	2402	2404	2
1681	2404	2406	2
1682	2406	2408	2
1683	2408	2410	2
1684	2410	2412	2
1685	2412	2414	2
1686	2414	2416	2
1687	2416	2418	2
1688	2418	2420	2
1689	2420	2422	2
1690	2422	2424	2
1691	2424	2426	2
1692	2426	2428	2
1693	2428	2430	2
1694	2430	2432	2
1695	2432	2434	2
1696	2434	2436	2
1697	2436	2438	2
1698	2438	2440	2
1699	2440	2442	2
1700	2442	2444	2
1701	2444	2446	2
1702	2446	2448	2
1703	2448	2450	2
1704	2450	2452	2
1705	2452	2454	2
1706	2454	2456	2
1707	2456	2458	2
1708	2458	2460	2
1709	2460	2462	2
1710	2462	2464	2
1711	2464	2466	2
1712	2466	2468	2
1713	2468	2470	2
1714	2470	2472	2
1715	2472	2474	2
1716	2474	2476	2
1717	2476	2478	2
1718	2478	2480	2
1719	2480	2482	2
1720	2482	2484	2
1721	2484	2486	2
1722	2486	2488	2
1723	2488	2490	2
1724	2490	2492	2
1725	2492	2494	2
1726	2494	2496	2
1727	2496	2498	2
1728	2498	2500	2
1729	2500	2502	2
1730	2502	2504	2
1731	2504	2506	2
1732	2506	2508	2
1733	2508	2510	2
1734	2510	2512	2
1735	2512	2514	2
1736	2514	2516	2
1737	2516	2518	2
1738	2518	2520	2
1739	2520	2522	2
1740	2522	2524	2
1741	2524	2526	2
1742	2526	2528	2
1743	2528	2530	2
1744	2530	2532	2
1745	2532	2534	2
1746	2534	2536	2
1747	2536	2538	2
1748	2538	2540	2
1749	2540	2542	2
1750	2542	2544	2
1751	2544	2546	2
1752	2546	2548	2
1753	2548	2550	2
1754	2550	2552	2
1755	2552	2554	2
1756	2554	2556	2
1757	2556	2558	2
1758	2558	2560	2
1759	2560	2562	2
1760	2562	2564	2
1761	2564	2566	2
1762	2566	2568	2
1763	2568	2570	2
1764	2570	2572	2
1765	2572	2574	2
1766	2574	2576	2
1767	2576	2578	2
1768	2578	2580	2
1769	2580	2582	2
1770	2582	2584	2
1771	2584	2586	2
1772	2586	2588	2
1773	2588	2590	2
1774	2590	2592	2
1775	2592	2594	2
1776	2594	2596	2
1777	2596	2598	2
1778	2598	2600	2
1779	2600	2602	2
1780	2602	2604	2
1781	2604	2606	2
1782	2606	2608	2
1783	2608	2610	2
1784	2610	2612	2
1785	2612	2614	2
1786	2614	2616	2
1787	2616	2618	2
1788	2618	2620	2
1789	2620	2622	2
1790	2622	2624	2
1791	2624	2626	2
1792	2626	2628	2
1793	2628	2630	2
1794	2630	2632	2
1795	2632	2634	2
1796	2634	2636	2
1797	2636	2638	2
1798	2638	2640	2
1799	2640	2642	2
1800	2642	2644	2
1801	2644	2646	2
1802	2646	2648	2
1803	2648	2650	2
1804	2650	2652	2
1805	2652	2654	2
1806	2654	2656	2
1807	2656	2658	2
1808	2658	2660	2
1809	2660	2662	2
1810	2662	2664	2
1811	2664	2666	2
1812	2666	2668	2
1813	2668	2670	2
1814	2670	2672	2
1815	2672	2674	2
1816	2674	2676	2
1817	2676	2678	2
1818	2678	2680	2
1819	2680	2682	2
1820	2682	2684	2
1821	2684	2686	2
1822	2686	2688	2
1823	2688	2690	2
1824	2690	2692	2
1825	2692	2694	2
1826	2694	2696	2
1827	2696	2698	2
1828	2698	2700	2
1829	2700	2702	2
1830	2702	2704	2
1831	2704	2706	2
1832	2706	2708	2
1833	2708	2710	2
1834	2710	2712	2
1835	2712	2714	2
1836	2714	2716	2
1837	2716	2718	2
1838	2718	2720	2
1839	2720	2722	2
1840	2722	2724	2
1841	2724	2726	2
1842	2726	2728	2
1843	2728	2730	2
1844	2730	2732	2
1845	2732	2734	2
1846	2734	2736	2
1847	2736	2738	2
1848	2738	2740	2
1849	2740	2742	2
1850	2742	2744	2
1851	2744	2746	2
1852	2746	2748	2
1853	2748	2750	2
1854	2750	2752	2
1855	2752	2754	2
1856	2754	2756	2
1857	2756	2758	2
1858	2758	2760	2
1859	2760	2762	2
1860	2762	2764	2
1861	2764	2766	2
1862	2766	2768	2
1863	2768	2770	2
1864	2770	2772	2
1865	2772	2774	2
1866	2774	2776	2
1867	2776	2778	2
1868	2778	2780	2
1869	2780	2782	2
1870	2782	2784	2
1871	2784	2786	2
1872	2786	2788	2
1873	2788	2790	2
1874	2790	2792	2
1875	2792	2794	2
1876	2794	2796	2
1877	2796	2798	2
1878	2798	2800	2
1879	2800	2802	2
1880	2802	2804	2
1881	2804	2806	2
1882	2806	2808	2
1883	2808	2810	2
1884	2810	2812	2
1885	2812	2814	2
1886	2814	2816	2
1887	2816	2818	2
1888	2818	2820	2
1889	2820	2822	2
1890	2822	2824	2
1891	2824	2826	2
1892	2826	2828	2
1893	2828	2830	2
1894	2830	2832	2
1895	2832	2834	2
1896	2834	2836	2
1897	2836	2838	2
1898	2838	2840	2
1899	2840	2842	2
1900	2842	2844	2
1901	2844	2846	2
1902	2846	2848	2
1903	2848	2850	2
1904	2850	2852	2
1905	2852	2854	2
1906	2854	2856	2
1907	2856	2858	2
1908	2858	2860	2
1909	2860	2862	2
1910	2862	2865	3
1911	2865	2868	3
1912	2868	2871	3
1913	2871	2874	3
1914	2874	2877	3
1915	2877	2880	3
1916	2880	2883	3
1917	2883	2886	3
1918	2886	2889	3
1919	2889	2892	3
1920	2892	2895	3
1921	2895	2898	3
1922	2898	2901	3
1923	2901	2904	3
1924	2904	2907	3
1925	2907	2910	3
1926	2910	2913	3
1927	2913	2916	3
1928	2916	2919	3
1929	2919	2922	3
1930	2922	2925	3
1931	2925	2928	3
1932	2928	2931	3
1933	2931	2934	3
1934	2934	2937	3
1935	2937	2940	3
1936	2940	2943	3
1937	2943	2946	3
1938	2946	2949	3
1939	2949	2952	3
1940	2952	2955	3
1941	2955	2958	3
1942	2958	2961	3
1943	2961	2964	3
1944	2964	2967	3
1945	2967	2970	3
1946	2970	2973	3
1947	2973	2976	3
1948	2976	2979	3
1949	2979	2982	3
1950	2982	2985	3
1951	2985	2988	3
1952	2988	2991	3
1953	2991	2994	3
1954	2994	2997	3
1955	2997	3000	3
1956	3000	3003	3
1957	3003	3006	3
1958	3006	3009	3
1959	3009	3012	3
1960	3012	3015	3
1961	3015	3018	3
1962	3018	3021	3
1963	3021	3024	3
1964	3024	3027	3
1965	3027	3030	3
1966	3030	3033	3
1967	3033	3036	3
1968	3036	3039	3
1969	3039	3042	3
1970	3042	3045	3
1971	3045	3048	3
1972	3048	3051	3
1973	3051	3054	3
1974	3054	3057	3
1975	3057	3060	3
1976	3060	3063	3
1977	3063	3066	3
1978	3066	3069	3
1979	3069	3072	3
1980	3072	3075	3
1981	3075	3078	3
1982	3078	3081	3
1983	3081	3084	3
1984	3084	3087	3
1985	3087	3090	3
1986	3090	3093	3
1987	3093	3096	3
1988	3096	3099	3
1989	3099	3102	3
1990	3102	3105	3
1991	3105	3108	3
1992	3108	3111	3
1993	3111	3114	3
1994	3114	3117	3
1995	3117	3120	3
1996	3120	3123	3
1997	3123	3126	3
1998	3126	3129	3
1999	3129	3132	3
2000	3132	3135	3
2001	3135	3138	3
2002	3138	3141	3
2003	3141	3144	3
2004	3144	3147	3
2005	3147	3150	3
2006	3150	3153	3
2007	3153	3156	3
2008	3156	3159	3
2009	3159	3162	3
2010	3162	3165	3
2011	3165	3168	3
2012	3168	3171	3
2013	3171	3174	3
2014	3174	3177	3
2015	3177	3180	3
2016	3180	3183	3
2017	3183	3186	3
2018	3186	3189	3
2019	3189	3192	3
2020	3192	3195	3
2021	3195	3198	3
2022	3198	3201	3
2023	3201	3204	3
2024	3204	3207	3
2025	3207	3210	3
2026	3210	3213	3
2027	3213	3216	3
2028	3216	3219	3
2029	3219	3222	3
2030	3222	3225	3
2031	3225	3228	3
2032	3228	3231	3
2033	3231	3234	3
2034	3234	3237	3
2035	3237	3240	3
2036	3240	3243	3
2037	3243	3246	3
2038	3246	3249	3
2039	3249	3252	3
2040	3252	3255	3
2041	3255	3258	3
2042	3258	3261	3
2043	3261	3264	3
2044	3264	3267	3
2045	3267	3270	3
2046	3270	3273	3
2047	3273	3276	3
2048	3276	3279	3
2049	3279	3282	3
2050	3282	3285	3
2051	3285	3288	3
2052	3288	3291	3
2053	3291	3294	3
2054	3294	3297	3
2055	3297	3300	3
2056	3300	3303	3
2057	3303	3306	3
2058	3306	3309	3
2059	3309	3312	3
2060	3312	3315	3
2061	3315	3318	3
2062	3318	3321	3
2063	3321	3324	3
2064	3324	3327	3
2065	3327	3330	3
2066	3330	3333	3
2067	3333	3336	3
2068	3336	3339	3
2069	3339	3342	3
2070	3342	3345	3
2071	3345	3348	3
2072	3348	3351	3
2073	3351	3354	3
2074	3354	3357	3
2075	3357	3360	3
2076	3360	3363	3
2077	3363	3366	3
2078	3366	3369	3
2079	3369	3372	3
2080	3372	3375	3
2081	3375	3378	3
2082	3378	3381	3
2083	3381	3384	3
2084	3384	3387	3
2085	3387	3390	3
2086	3390	3393	3
2087	3393	3396	3
2088	3396	3399	3
2089	3399	3402	3
2090	3402	3405	3
2091	3405	3408	3
2092	3408	3411	3
2093	3411	3414	3
2094	3414	3417	3
2095	3417	3420	3
2096	3420	3423	3
2097	3423	3426	3
2098	3426	3429	3
2099	3429	3432	3
2100	3432	3435	3
2101	3435	3438	3
2102	3438	3441	3
2103	3441	3444	3
2104	3444	3447	3
2105	3447	3450	3
2106	3450	3453	3
2107	3453	3456	3
2108	3456	3459	3
2109	3459	3462	3
2110	3462	3465	3
2111	3465	3468	3
2112	3468	3471	3
2113	3471	3474	3
2114	3474	3477	3
2115	3477	3480	3
2116	3480	3483	3
2117	3483	3486	3
2118	3486	3489	3
2119	3489	3492	3
2120	3492	3495	3
2121	3495	3498	3
2122	3498	3501	3
2123	3501	3504	3
2124	3504	3507	3
2125	3507	3510	3
2126	3510	3513	3
2127	3513	3516	3
2128	3516	3519	3
2129	3519	3522	3
2130	3522	3525	3
2131	3525	3528	3
2132	3528	3531	3
2133	3531	3534	3
2134	3534	3537	3
2135	3537	3540	3
2136	3540	3543	3
2137	3543	3546	3
2138	3546	3549	3
2139	3549	3552	3
2140	3552	3555	3
2141	3555	3558	3
2142	3558	3561	3
2143	3561	3564	3
2144	3564	3567	3
2145	3567	3570	3
2146	3570	3574	4
2147	3574	3578	4
2148	3578	3582	4
2149	3582	3586	4
2150	3586	3590	4
2151	3590	3594	4
2152	3594	3598	4
2153	3598	3602	4
2154	3602	3606	4
2155	3606	3610	4
2156	3610	3614	4
2157	3614	3618	4
2158	3618	3622	4
2159	3622	3626	4
2160	3626	3630	4
2161	3630	3634	4
2162	3634	3638	4
2163	3638	3642	4
2164	3642	3646	4
2165	3646	3650	4
2166	3650	3654	4
2167	3654	3658	4
2168	3658	3662	4
2169	3662	3666	4
2170	3666	3670	4
2171	3670	3674	4
2172	3674	3678	4
2173	3678	3682	4
2174	3682	3686	4
2175	3686	3690	4
2176	3690	3694	4
2177	3694	3698	4
2178	3698	3702	4
2179	3702	3706	4
2180	3706	3710	4
2181	3710	3714	4
2182	3714	3718	4
2183	3718	3722	4
2184	3722	3726	4
2185	3726	3730	4
2186	3730	3734	4
2187	3734	3738	4
2188	3738	3742	4
2189	3742	3746	4
2190	3746	3750	4
2191	3750	3754	4
2192	3754	3758	4
2193	3758	3762	4
2194	3762	3766	4
2195	3766	3770	4
2196	3770	3774	4
2197	3774	3778	4
2198	3778	3782	4
2199	3782	3786	4
2200	3786	3790	4
2201	3790	3794	4
2202	3794	3798	4
2203	3798	3802	4
2204	3802	3806	4
2205	3806	3810	4
2206	3810	3814	4
2207	3814	3818	4
2208	3818	3822	4
2209	3822	3826	4
2210	3826	3830	4
2211	3830	3834	4
2212	3834	3838	4
2213	3838	3842	4
2214	3842	3846	4
2215	3846	3850	4
2216	3850	3854	4
2217	3854	3858	4
2218	3858	3862	4
2219	3862	3866	4
2220	3866	3870	4
2221	3870	3874	4
2222	3874	3878	4
2223	3878	3882	4
2224	3882	3886	4
2225	3886	3890	4
2226	3890	3894	4
2227	3894	3898	4
2228	3898	3902	4
2229	3902	3906	4
2230	3906	3910	4
2231	3910	3914	4
2232	3914	3918	4
2233	3918	3922	4
2234	3922	3926	4
2235	3926	3930	4
2236	3930	3934	4
2237	3934	3938	4
2238	3938	3942	4
2239	3942	3946	4
2240	3946	3950	4
2241	3950	3954	4
2242	3954	3958	4
2243	3958	3962	4
2244	3962	3966	4
2245	3966	3970	4
2246	3970	3974	4
2247	3974	3978	4
2248	3978	3982	4
2249	3982	3986	4
2250	3986	3990	4
2251	3990	3994	4
2252	3994	3998	4
2253	3998	4002	4
2254	4002	4006	4
2255	4006	4010	4
2256	4010	4014	4
2257	4014	4018	4
2258	4018	4022	4
2259	4022	4026	4
2260	4026	4030	4
2261	4030	4034	4
2262	4034	4038	4
2263	4038	4042	4
2264	4042	4046	4
2265	4046	4050	4
2266	4050	4054	4
2267	4054	4058	4
2268	4058	4062	4
2269	4062	4066	4
2270	4066	4070	4
2271	4070	4074	4
2272	4074	4078	4
2273	4078	4082	4
2274	4082	4086	4
2275	4086	4090	4
2276	4090	4094	4
2277	4094	4098	4
2278	4098	4102	4
2279	4102	4106	4
2280	4106	4110	4
2281	4110	4114	4
2282	4114	4118	4
2283	4118	4122	4
2284	4122	4126	4
2285	4126	4130	4
2286	4130	4135	5
2287	4135	4140	5
2288	4140	4145	5
2289	4145	4150	5
2290	4150	4155	5
2291	4155	4160	5
2292	4160	4165	5
2293	4165	4170	5
2294	4170	4175	5
2295	4175	4180	5
2296	4180	4185	5
2297	4185	4190	5
2298	4190	4195	5
2299	4195	4200	5
2300	4200	4205	5
2301	4205	4210	5
2302	4210	4215	5
2303	4215	4220	5
2304	4220	4225	5
2305	4225	4230	5
2306	4230	4235	5
2307	4235	4240	5
2308	4240	4245	5
2309	4245	4250	5
2310	4250	4255	5
2311	4255	4260	5
2312	4260	4265	5
2313	4265	4270	5
2314	4270	4275	5
2315	4275	4280	5
2316	4280	4285	5
2317	4285	4290	5
2318	4290	4295	5
2319	4295	4300	5
2320	4300	4305	5
2321	4305	4310	5
2322	4310	4315	5
2323	4315	4320	5
2324	4320	4325	5
2325	4325	4330	5
2326	4330	4335	5
2327	4335	4340	5
2328	4340	4345	5
2329	4345	4350	5
2330	4350	4355	5
2331	4355	4360	5
2332	4360	4365	5
2333	4365	4370	5
2334	4370	4375	5
2335	4375	4380	5
2336	4380	4385	5
2337	4385	4390	5
2338	4390	4395	5
2339	4395	4400	5
2340	4400	4405	5
2341	4405	4410	5
2342	4410	4415	5
2343	4415	4420	5
2344	4420	4425	5
2345	4425	4430	5
2346	4430	4435	5
2347	4435	4440	5
2348	4440	4445	5
2349	4445	4450	5
2350	4450	4455	5
2351	4455	4460	5
2352	4460	4465	5
2353	4465	4470	5
2354	4470	4475	5
2355	4475	4480	5
2356	4480	4485	5
2357	4485	4490	5
2358	4490	4495	5
2359	4495	4500	5
2360	4500	4505	5
2361	4505	4510	5
2362	4510	4515	5
2363	4515	4520	5
2364	4520	4525	5
2365	4525	4530	5
2366	4530	4535	5
2367	4535	4540	5
2368	4540	4545	5
2369	4545	4550	5
2370	4550	4555	5
2371	4555	4560	5
2372	4560	4565	5
2373	4565	4570	5
2374	4570	4575	5
2375	4575	4580	5
2376	4580	4585	5
2377	4585	4590	5
2378	4590	4595	5
2379	4595	4600	5
2380	4600	4605	5
2381	4605	4610	5
2382	4610	4615	5
2383	4615	4620	5
2384	4620	4625	5
2385	4625	4630	5
2386	4630	4635	5
2387	4635	4640	5
2388	4640	4645	5
2389	4645	4650	5
2390	4650	4655	5
2391	4655	4660	5
2392	4660	4665	5
2393	4665	4670	5
2394	4670	4676	6
2395	4676	4682	6
2396	4682	4688	6
2397	4688	4694	6
2398	4694	4700	6
2399	4700	4706	6
2400	4706	4712	6
2401	4712	4718	6
2402	4718	4724	6
2403	4724	4730	6
2404	4730	4736	6
2405	4736	4742	6
2406	4742	4748	6
2407	4748	4754	6
2408	4754	4760	6
2409	4760	4766	6
2410	4766	4772	6
2411	4772	4778	6
2412	4778	4784	6
2413	4784	4790	6
2414	4790	4796	6
2415	4796	4802	6
2416	4802	4808	6
2417	4808	4814	6
2418	4814	4820	6
2419	4820	4826	6
2420	4826	4832	6
2421	4832	4838	6
2422	4838	4844	6
2423	4844	4850	6
2424	4850	4856	6
2425	4856	4862	6
2426	4862	4868	6
2427	4868	4874	6
2428	4874	4880	6
2429	4880	4886	6
2430	4886	4892	6
2431	4892	4898	6
2432	4898	4904	6
2433	4904	4910	6
2434	4910	4916	6
2435	4916	4922	6
2436	4922	4928	6
2437	4928	4934	6
2438	4934	4940	6
2439	4940	4946	6
2440	4946	4952	6
2441	4952	4958	6
2442	4958	4964	6
2443	4964	4970	6
2444	4970	4976	6
2445	4976	4982	6
2446	4982	4988	6
2447	4988	4994	6
2448	4994	5000	6
2449	5000	5006	6
2450	5006	5012	6
2451	5012	5018	6
2452	5018	5024	6
2453	5024	5030	6
2454	5030	5036	6
2455	5036	5042	6
2456	5042	5048	6
2457	5048	5054	6
2458	5054	5060	6
2459	5060	5066	6
2460	5066	5072	6
2461	5072	5078	6
2462	5078	5085	7
2463	5085	5092	7
2464	5092	5099	7
2465	5099	5106	7
2466	5106	5113	7
2467	5113	5120	7
2468	5120	5127	7
2469	5127	5134	7
2470	5134	5141	7
2471	5141	5148	7
2472	5148	5155	7
2473	5155	5162	7
2474	5162	5169	7
2475	5169	5176	7
2476	5176	5183	7
2477	5183	5190	7
2478	5190	5197	7
2479	5197	5204	7
2480	5204	5211	7
2481	5211	5218	7
2482	5218	5225	7
2483	5225	5232	7
2484	5232	5239	7
2485	5239	5246	7
2486	5246	5253	7
2487	5253	5260	7
2488	5260	5267	7
2489	5267	5274	7
2490	5274	5281	7
2491	5281	5288	7
2492	5288	5295	7
2493	5295	5302	7
2494	5302	5309	7
2495	5309	5316	7
2496	5316	5323	7
2497	5323	5330	7
2498	5330	5337	7
2499	5337	5344	7
2500	5344	5351	7
2501	5351	5358	7
2502	5358	5365	7
2503	5365	5372	7
2504	5372	5379	7
2505	5379	5386	7
2506	5386	5393	7
2507	5393	5400	7
2508	5400	5407	7
2509	5407	5414	7
2510	5414	5421	7
2511	5421	5428	7
2512	5428	5435	7
2513	5435	5442	7
2514	5442	5449	7
2515	5449	5456	7
2516	5456	5463	7
2517	5463	5470	7
2518	5470	5477	7
2519	5477	5484	7
2520	5484	5491	7
2521	5491	5498	7
2522	5498	5505	7
2523	5505	5512	7
2524	5512	5519	7
2525	5519	5526	7
2526	5526	5533	7
2527	5533	5540	7
2528	5540	5547	7
2529	5547	5554	7
2530	5554	5561	7
2531	5561	5569	8
2532	5569	5577	8
2533	5577	5585	8
2534	5585	5593	8
2535	5593	5601	8
2536	5601	5609	8
2537	5609	5617	8
2538	5617	5625	8
2539	5625	5633	8
2540	5633	5641	8
2541	5641	5649	8
2542	5649	5657	8
2543	5657	5665	8
2544	5665	5673	8
2545	5673	5681	8
2546	5681	5689	8
2547	5689	5697	8
2548	5697	5705	8
2549	5705	5713	8
2550	5713	5721	8
2551	5721	5729	8
2552	5729	5737	8
2553	5737	5745	8
2554	5745	5753	8
2555	5753	5761	8
2556	5761	5769	8
2557	5769	5777	8
2558	5777	5785	8
2559	5785	5793	8
2560	5793	5801	8
2561	5801	5809	8
2562	5809	5817	8
2563	5817	5825	8
2564	5825	5833	8
2565	5833	5841	8
2566	5841	5849	8
2567	5849	5857	8
2568	5857	5865	8
2569	5865	5873	8
2570	5873	5881	8
2571	5881	5889	8
2572	5889	5897	8
2573	5897	5905	8
2574	5905	5913	8
2575	5913	5921	8
2576	5921	5929	8
2577	5929	5937	8
2578	5937	5946	9
2579	5946	5955	9
2580	5955	5964	9
2581	5964	5973	9
2582	5973	5982	9
2583	5982	5991	9
2584	5991	6000	9
2585	6000	6009	9
2586	6009	6018	9
2587	6018	6027	9
2588	6027	6036	9
2589	6036	6045	9
2590	6045	6054	9
2591	6054	6063	9
2592	6063	6072	9
2593	6072	6081	9
2594	6081	6090	9
2595	6090	6099	9
2596	6099	6108	9
2597	6108	6117	9
2598	6117	6126	9
2599	6126	6135	9
2600	6135	6144	9
2601	6144	6153	9
2602	6153	6162	9
2603	6162	6171	9
2604	6171	6180	9
2605	6180	6189	9
2606	6189	6198	9
2607	6198	6207	9
2608	6207	6216	9
2609	6216	6225	9
2610	6225	6234	9
2611	6234	6243	9
2612	6243	6253	10
2613	6253	6263	10
2614	6263	6273	10
2615	6273	6283	10
2616	6283	6293	10
2617	6293	6303	10
2618	6303	6313	10
2619	6313	6323	10
2620	6323	6333	10
2621	6333	6343	10
2622	6343	6353	10
2623	6353	6363	10
2624	6363	6373	10
2625	6373	6383	10
2626	6383	6393	10
2627	6393	6403	10
2628	6403	6413	10
2629	6413	6423	10
2630	6423	6433	10
2631	6433	6443	10
2632	6443	6453	10
2633	6453	6463	10
2634	6463	6473	10
2635	6473	6483	10
2636	6483	6493	10
2637	6493	6503	10
2638	6503	6513	10
2639	6513	6523	10
2640	6523	6533	10
2641	6533	6543	10
2642	6543	6553	10
2643	6553	6563	10
2644	6563	6573	10
2645	6573	6583	10
2646	6583	6593	10
2647	6593	6603	10
2648	6603	6613	10
2649	6613	6623	10
2650	6623	6634	11
2651	6634	6645	11
2652	6645	6656	11
2653	6656	6667	11
2654	6667	6678	11
2655	6678	6689	11
2656	6689	6700	11
2657	6700	6711	11
2658	6711	6722	11
2659	6722	6733	11
2660	6733	6744	11
2661	6744	6755	11
2662	6755	6766	11
2663	6766	6777	11
2664	6777	6788	11
2665	6788	6799	11
2666	6799	6810	11
2667	6810	6821	11
2668	6821	6832	11
2669	6832	6843	11
2670	6843	6854	11
2671	6854	6865	11
2672	6865	6876	11
2673	6876	6887	11
2674	6887	6898	11
2675	6898	6909	11
2676	6909	6920	11
2677	6920	6931	11
2678	6931	6942	11
2679	6942	6953	11
2680	6953	6964	11
2681	6964	6975	11
2682	6975	6986	11
2683	6986	6998	12
2684	6998	7010	12
2685	7010	7022	12
2686	7022	7034	12
2687	7034	7046	12
2688	7046	7058	12
2689	7058	7070	12
2690	7070	7082	12
2691	7082	7094	12
2692	7094	7106	12
2693	7106	7118	12
2694	7118	7130	12
2695	7130	7142	12
2696	7142	7154	12
2697	7154	7166	12
2698	7166	7178	12
2699	7178	7190	12
2700	7190	7202	12
2701	7202	7214	12
2702	7214	7226	12
2703	7226	7238	12
2704	7238	7250	12
2705	7250	7262	12
2706	7262	7274	12
2707	7274	7286	12
2708	7286	7299	13
2709	7299	7312	13
2710	7312	7325	13
2711	7325	7338	13
2712	7338	7351	13
2713	7351	7364	13
2714	7364	7377	13
2715	7377	7390	13
2716	7390	7403	13
2717	7403	7416	13
2718	7416	7429	13
2719	7429	7442	13
2720	7442	7455	13
2721	7455	7468	13
2722	7468	7481	13
2723	7481	7494	13
2724	7494	7507	13
2725	7507	7520	13
2726	7520	7533	13
2727	7533	7546	13
2728	7546	7559	13
2729	7559	7573	14
2730	7573	7587	14
2731	7587	7601	14
2732	7601	7615	14
2733	7615	7629	14
2734	7629	7643	14
2735	7643	7657	14
2736	7657	7671	14
2737	7671	7685	14
2738	7685	7699	14
2739	7699	7713	14
2740	7713	7727	14
2741	7727	7741	14
2742	7741	7755	14
2743	7755	7769	14
2744	7769	7783	14
2745	7783	7797	14
2746	7797	7812	15
2747	7812	7827	15
2748	7827	7842	15
2749	7842	7857	15
2750	7857	7872	15
2751	7872	7887	15
2752	7887	7902	15
2753	7902	7917	15
2754	7917	7932	15
2755	7932	7947	15
2756	7947	7962	15
2757	7962	7977	15
2758	7977	7992	15
2759	7992	8007	15
2760	8007	8022	15
2761	8022	8037	15
2762	8037	8053	16
2763	8053	8069	16
2764	8069	8085	16
2765	8085	8101	16
2766	8101	8117	16
2767	8117	8133	16
2768	8133	8149	16
2769	8149	8165	16
2770	8165	8181	16
2771	8181	8197	16
2772	8197	8213	16
2773	8213	8229	16
2774	8229	8245	16
2775	8245	8261	16
2776	8261	8277	16
2777	8277	8293	16
2778	8293	8309	16
2779	8309	8325	16
2780	8325	8341	16
2781	8341	8357	16
2782	8357	8374	17
2783	8374	8391	17
2784	8391	8408	17
2785	8408	8425	17
2786	8425	8442	17
2787	8442	8459	17
2788	8459	8476	17
2789	8476	8493	17
2790	8493	8510	17
2791	8510	8527	17
2792	8527	8544	17
2793	8544	8561	17
2794	8561	8578	17
2795	8578	8595	17
2796	8595	8612	17
2797	8612	8629	17
2798	8629	8646	17
2799	8646	8664	18
2800	8664	8682	18
2801	8682	8700	18
2802	8700	8718	18
2803	8718	8736	18
2804	8736	8754	18
2805	8754	8772	18
2806	8772	8790	18
2807	8790	8808	18
2808	8808	8826	18
2809	8826	8844	18
2810	8844	8862	18
2811	8862	8880	18
2812	8880	8898	18
2813	8898	8917	19
2814	8917	8936	19
2815	8936	8955	19
2816	8955	8974	19
2817	8974	8993	19
2818	8993	9012	19
2819	9012	9031	19
2820	9031	9050	19
2821	9050	9069	19
2822	9069	9088	19
2823	9088	9107	19
2824	9107	9126	19
2825	9126	9146	20
2826	9146	9166	20
2827	9166	9186	20
2828	9186	9206	20
2829	9206	9226	20
2830	9226	9246	20
2831	9246	9266	20
2832	9266	9286	20
2833	9286	9306	20
2834	9306	9326	20
2835	9326	9346	20
2836	9346	9367	21
2837	9367	9388	21
2838	9388	9409	21
2839	9409	9430	21
2840	9430	9451	21
2841	9451	9472	21
2842	9472	9493	21
2843	9493	9514	21
2844	9514	9535	21
2845	9535	9557	22
2846	9557	9579	22
2847	9579	9601	22
2848	9601	9623	22
2849	9623	9645	22
2850	9645	9667	22
2851	9667	9689	22
2852	9689	9711	22
2853	9711	9733	22
2854	9733	9756	23
2855	9756	9779	23
2856	9779	9802	23
2857	9802	9825	23
2858	9825	9848	23
2859	9848	9871	23
2860	9871	9894	23
2861	9894	9918	24
2862	9918	9942	24
2863	9942	9966	24
2864	9966	9990	24
2865	9990	10014	24
2866	10014	10038	24
2867	10038	10062	24
2868	10062	10086	24
2869	10086	10111	25
2870	10111	10136	25
2871	10136	10161	25
2872	10161	10186	25
