#
#N Pointing	tstart	tend	Obs time
#		s
1	210	211	1
2	211	212	1
3	212	213	1
4	213	214	1
5	214	215	1
6	215	216	1
7	216	217	1
8	217	218	1
9	218	219	1
10	219	220	1
11	220	221	1
12	221	222	1
13	222	223	1
14	223	224	1
15	224	225	1
16	225	226	1
17	226	227	1
18	227	228	1
19	228	229	1
20	229	230	1
21	230	231	1
22	231	232	1
23	232	233	1
24	233	234	1
25	234	235	1
26	235	236	1
27	236	237	1
28	237	238	1
29	238	239	1
30	239	240	1
31	240	241	1
32	241	242	1
33	242	243	1
34	243	244	1
35	244	245	1
36	245	246	1
37	246	247	1
38	247	248	1
39	248	249	1
40	249	250	1
41	250	251	1
42	251	252	1
43	252	253	1
44	253	254	1
45	254	255	1
46	255	256	1
47	256	257	1
48	257	258	1
49	258	259	1
50	259	260	1
51	260	261	1
52	261	262	1
53	262	263	1
54	263	264	1
55	264	265	1
56	265	266	1
57	266	267	1
58	267	268	1
59	268	269	1
60	269	270	1
61	270	271	1
62	271	272	1
63	272	273	1
64	273	274	1
65	274	275	1
66	275	276	1
67	276	277	1
68	277	278	1
69	278	279	1
70	279	280	1
71	280	281	1
72	281	282	1
73	282	283	1
74	283	284	1
75	284	285	1
76	285	286	1
77	286	287	1
78	287	288	1
79	288	289	1
80	289	290	1
81	290	291	1
82	291	292	1
83	292	293	1
84	293	294	1
85	294	295	1
86	295	296	1
87	296	297	1
88	297	298	1
89	298	299	1
90	299	300	1
91	300	301	1
92	301	302	1
93	302	303	1
94	303	304	1
95	304	305	1
96	305	306	1
97	306	307	1
98	307	308	1
99	308	309	1
100	309	310	1
101	310	311	1
102	311	312	1
103	312	313	1
104	313	314	1
105	314	315	1
106	315	316	1
107	316	317	1
108	317	318	1
109	318	319	1
110	319	320	1
111	320	321	1
112	321	322	1
113	322	323	1
114	323	324	1
115	324	325	1
116	325	326	1
117	326	327	1
118	327	328	1
119	328	329	1
120	329	330	1
121	330	331	1
122	331	332	1
123	332	333	1
124	333	334	1
125	334	335	1
126	335	336	1
127	336	337	1
128	337	338	1
129	338	339	1
130	339	340	1
131	340	341	1
132	341	342	1
133	342	343	1
134	343	344	1
135	344	345	1
136	345	346	1
137	346	347	1
138	347	348	1
139	348	349	1
140	349	350	1
141	350	351	1
142	351	352	1
143	352	353	1
144	353	354	1
145	354	355	1
146	355	356	1
147	356	357	1
148	357	358	1
149	358	359	1
150	359	360	1
151	360	361	1
152	361	362	1
153	362	363	1
154	363	364	1
155	364	365	1
156	365	366	1
157	366	367	1
158	367	368	1
159	368	369	1
160	369	370	1
161	370	371	1
162	371	372	1
163	372	373	1
164	373	374	1
165	374	375	1
166	375	376	1
167	376	377	1
168	377	378	1
169	378	379	1
170	379	380	1
171	380	381	1
172	381	382	1
173	382	383	1
174	383	384	1
175	384	385	1
176	385	386	1
177	386	387	1
178	387	388	1
179	388	389	1
180	389	390	1
181	390	391	1
182	391	392	1
183	392	393	1
184	393	394	1
185	394	395	1
186	395	396	1
187	396	397	1
188	397	398	1
189	398	399	1
190	399	400	1
191	400	401	1
192	401	402	1
193	402	403	1
194	403	404	1
195	404	405	1
196	405	406	1
197	406	407	1
198	407	408	1
199	408	409	1
200	409	410	1
201	410	411	1
202	411	412	1
203	412	413	1
204	413	414	1
205	414	415	1
206	415	416	1
207	416	417	1
208	417	418	1
209	418	419	1
210	419	420	1
211	420	421	1
212	421	422	1
213	422	423	1
214	423	424	1
215	424	425	1
216	425	426	1
217	426	427	1
218	427	428	1
219	428	429	1
220	429	430	1
221	430	431	1
222	431	432	1
223	432	433	1
224	433	434	1
225	434	435	1
226	435	436	1
227	436	437	1
228	437	438	1
229	438	439	1
230	439	440	1
231	440	441	1
232	441	442	1
233	442	443	1
234	443	444	1
235	444	445	1
236	445	446	1
237	446	447	1
238	447	448	1
239	448	449	1
240	449	450	1
241	450	451	1
242	451	452	1
243	452	453	1
244	453	454	1
245	454	455	1
246	455	456	1
247	456	457	1
248	457	458	1
249	458	459	1
250	459	460	1
251	460	461	1
252	461	462	1
253	462	463	1
254	463	464	1
255	464	465	1
256	465	466	1
257	466	467	1
258	467	468	1
259	468	469	1
260	469	470	1
261	470	471	1
262	471	472	1
263	472	473	1
264	473	474	1
265	474	475	1
266	475	476	1
267	476	477	1
268	477	478	1
269	478	479	1
270	479	480	1
271	480	481	1
272	481	482	1
273	482	483	1
274	483	484	1
275	484	485	1
276	485	486	1
277	486	487	1
278	487	488	1
279	488	489	1
280	489	490	1
281	490	491	1
282	491	492	1
283	492	493	1
284	493	494	1
285	494	495	1
286	495	496	1
287	496	497	1
288	497	498	1
289	498	499	1
290	499	500	1
291	500	501	1
292	501	502	1
293	502	503	1
294	503	504	1
295	504	505	1
296	505	506	1
297	506	507	1
298	507	508	1
299	508	509	1
300	509	510	1
301	510	511	1
302	511	512	1
303	512	513	1
304	513	514	1
305	514	515	1
306	515	516	1
307	516	517	1
308	517	518	1
309	518	519	1
310	519	520	1
311	520	521	1
312	521	522	1
313	522	523	1
314	523	524	1
315	524	525	1
316	525	526	1
317	526	527	1
318	527	528	1
319	528	529	1
320	529	530	1
321	530	531	1
322	531	532	1
323	532	533	1
324	533	534	1
325	534	535	1
326	535	536	1
327	536	537	1
328	537	538	1
329	538	539	1
330	539	540	1
331	540	541	1
332	541	542	1
333	542	543	1
334	543	544	1
335	544	545	1
336	545	546	1
337	546	547	1
338	547	548	1
339	548	549	1
340	549	550	1
341	550	551	1
342	551	552	1
343	552	553	1
344	553	554	1
345	554	555	1
346	555	556	1
347	556	557	1
348	557	558	1
349	558	559	1
350	559	560	1
351	560	561	1
352	561	562	1
353	562	563	1
354	563	564	1
355	564	565	1
356	565	566	1
357	566	567	1
358	567	568	1
359	568	569	1
360	569	570	1
361	570	571	1
362	571	572	1
363	572	573	1
364	573	574	1
365	574	575	1
366	575	576	1
367	576	577	1
368	577	578	1
369	578	579	1
370	579	580	1
371	580	581	1
372	581	582	1
373	582	583	1
374	583	584	1
375	584	585	1
376	585	586	1
377	586	587	1
378	587	588	1
379	588	589	1
380	589	590	1
381	590	591	1
382	591	592	1
383	592	593	1
384	593	594	1
385	594	595	1
386	595	596	1
387	596	597	1
388	597	598	1
389	598	599	1
390	599	600	1
391	600	601	1
392	601	602	1
393	602	603	1
394	603	604	1
395	604	605	1
396	605	606	1
397	606	607	1
398	607	608	1
399	608	609	1
400	609	610	1
401	610	611	1
402	611	612	1
403	612	613	1
404	613	614	1
405	614	615	1
406	615	616	1
407	616	617	1
408	617	618	1
409	618	619	1
410	619	620	1
411	620	621	1
412	621	622	1
413	622	623	1
414	623	624	1
415	624	625	1
416	625	626	1
417	626	627	1
418	627	628	1
419	628	629	1
420	629	630	1
421	630	631	1
422	631	632	1
423	632	633	1
424	633	634	1
425	634	635	1
426	635	636	1
427	636	637	1
428	637	638	1
429	638	639	1
430	639	640	1
431	640	641	1
432	641	642	1
433	642	643	1
434	643	644	1
435	644	645	1
436	645	646	1
437	646	647	1
438	647	648	1
439	648	649	1
440	649	650	1
441	650	651	1
442	651	652	1
443	652	653	1
444	653	654	1
445	654	655	1
446	655	656	1
447	656	657	1
448	657	658	1
449	658	659	1
450	659	660	1
451	660	661	1
452	661	662	1
453	662	663	1
454	663	664	1
455	664	665	1
456	665	666	1
457	666	667	1
458	667	668	1
459	668	669	1
460	669	670	1
461	670	671	1
462	671	672	1
463	672	673	1
464	673	674	1
465	674	675	1
466	675	676	1
467	676	677	1
468	677	678	1
469	678	679	1
470	679	680	1
471	680	681	1
472	681	682	1
473	682	683	1
474	683	684	1
475	684	685	1
476	685	686	1
477	686	687	1
478	687	688	1
479	688	689	1
480	689	690	1
481	690	691	1
482	691	692	1
483	692	693	1
484	693	694	1
485	694	695	1
486	695	696	1
487	696	697	1
488	697	698	1
489	698	699	1
490	699	700	1
491	700	701	1
492	701	702	1
493	702	703	1
494	703	704	1
495	704	705	1
496	705	706	1
497	706	707	1
498	707	708	1
499	708	709	1
500	709	710	1
501	710	711	1
502	711	712	1
503	712	713	1
504	713	714	1
505	714	715	1
506	715	716	1
507	716	717	1
508	717	718	1
509	718	719	1
510	719	720	1
511	720	721	1
512	721	722	1
513	722	723	1
514	723	724	1
515	724	725	1
516	725	726	1
517	726	727	1
518	727	728	1
519	728	729	1
520	729	730	1
521	730	731	1
522	731	732	1
523	732	733	1
524	733	734	1
525	734	735	1
526	735	736	1
527	736	737	1
528	737	738	1
529	738	739	1
530	739	740	1
531	740	741	1
532	741	742	1
533	742	743	1
534	743	744	1
535	744	745	1
536	745	746	1
537	746	747	1
538	747	748	1
539	748	749	1
540	749	750	1
541	750	751	1
542	751	752	1
543	752	753	1
544	753	754	1
545	754	755	1
546	755	756	1
547	756	757	1
548	757	758	1
549	758	759	1
550	759	760	1
551	760	761	1
552	761	762	1
553	762	763	1
554	763	764	1
555	764	765	1
556	765	766	1
557	766	767	1
558	767	768	1
559	768	769	1
560	769	770	1
561	770	771	1
562	771	772	1
563	772	773	1
564	773	774	1
565	774	775	1
566	775	776	1
567	776	777	1
568	777	778	1
569	778	779	1
570	779	780	1
571	780	781	1
572	781	782	1
573	782	783	1
574	783	784	1
575	784	785	1
576	785	786	1
577	786	787	1
578	787	788	1
579	788	789	1
580	789	790	1
581	790	791	1
582	791	792	1
583	792	793	1
584	793	794	1
585	794	795	1
586	795	796	1
587	796	797	1
588	797	798	1
589	798	799	1
590	799	800	1
591	800	801	1
592	801	802	1
593	802	803	1
594	803	804	1
595	804	805	1
596	805	806	1
597	806	807	1
598	807	808	1
599	808	809	1
600	809	810	1
601	810	811	1
602	811	812	1
603	812	813	1
604	813	814	1
605	814	815	1
606	815	816	1
607	816	817	1
608	817	818	1
609	818	819	1
610	819	820	1
611	820	821	1
612	821	822	1
613	822	823	1
614	823	824	1
615	824	825	1
616	825	826	1
617	826	827	1
618	827	828	1
619	828	829	1
620	829	830	1
621	830	831	1
622	831	832	1
623	832	833	1
624	833	834	1
625	834	835	1
626	835	836	1
627	836	837	1
628	837	838	1
629	838	839	1
630	839	840	1
631	840	841	1
632	841	842	1
633	842	843	1
634	843	844	1
635	844	845	1
636	845	846	1
637	846	847	1
638	847	848	1
639	848	849	1
640	849	850	1
641	850	851	1
642	851	852	1
643	852	853	1
644	853	854	1
645	854	855	1
646	855	856	1
647	856	857	1
648	857	858	1
649	858	859	1
650	859	860	1
651	860	861	1
652	861	862	1
653	862	863	1
654	863	864	1
655	864	865	1
656	865	866	1
657	866	867	1
658	867	868	1
659	868	869	1
660	869	870	1
661	870	871	1
662	871	872	1
663	872	873	1
664	873	874	1
665	874	875	1
666	875	876	1
667	876	877	1
668	877	878	1
669	878	879	1
670	879	880	1
671	880	881	1
672	881	882	1
673	882	883	1
674	883	884	1
675	884	885	1
676	885	886	1
677	886	887	1
678	887	888	1
679	888	889	1
680	889	890	1
681	890	891	1
682	891	892	1
683	892	893	1
684	893	894	1
685	894	895	1
686	895	896	1
687	896	897	1
688	897	898	1
689	898	899	1
690	899	900	1
691	900	901	1
692	901	902	1
693	902	903	1
694	903	904	1
695	904	905	1
696	905	906	1
697	906	907	1
698	907	908	1
699	908	909	1
700	909	910	1
701	910	911	1
702	911	912	1
703	912	913	1
704	913	914	1
705	914	915	1
706	915	916	1
707	916	917	1
708	917	918	1
709	918	919	1
710	919	920	1
711	920	921	1
712	921	922	1
713	922	923	1
714	923	924	1
715	924	925	1
716	925	926	1
717	926	927	1
718	927	928	1
719	928	929	1
720	929	930	1
721	930	931	1
722	931	932	1
723	932	933	1
724	933	934	1
725	934	935	1
726	935	936	1
727	936	937	1
728	937	938	1
729	938	939	1
730	939	940	1
731	940	941	1
732	941	942	1
733	942	943	1
734	943	944	1
735	944	945	1
736	945	946	1
737	946	947	1
738	947	948	1
739	948	949	1
740	949	950	1
741	950	951	1
742	951	952	1
743	952	953	1
744	953	954	1
745	954	955	1
746	955	956	1
747	956	957	1
748	957	958	1
749	958	959	1
750	959	960	1
751	960	961	1
752	961	962	1
753	962	963	1
754	963	964	1
755	964	965	1
756	965	966	1
757	966	967	1
758	967	968	1
759	968	969	1
760	969	970	1
761	970	971	1
762	971	972	1
763	972	973	1
764	973	974	1
765	974	975	1
766	975	976	1
767	976	977	1
768	977	978	1
769	978	979	1
770	979	980	1
771	980	981	1
772	981	982	1
773	982	983	1
774	983	984	1
775	984	985	1
776	985	986	1
777	986	987	1
778	987	988	1
779	988	989	1
780	989	990	1
781	990	991	1
782	991	992	1
783	992	993	1
784	993	994	1
785	994	995	1
786	995	996	1
787	996	997	1
788	997	998	1
789	998	999	1
790	999	1000	1
791	1000	1001	1
792	1001	1002	1
793	1002	1003	1
794	1003	1004	1
795	1004	1005	1
796	1005	1006	1
797	1006	1007	1
798	1007	1008	1
799	1008	1009	1
800	1009	1010	1
801	1010	1011	1
802	1011	1012	1
803	1012	1013	1
804	1013	1014	1
805	1014	1015	1
806	1015	1016	1
807	1016	1017	1
808	1017	1018	1
809	1018	1019	1
810	1019	1020	1
811	1020	1021	1
812	1021	1022	1
813	1022	1023	1
814	1023	1024	1
815	1024	1025	1
816	1025	1026	1
817	1026	1027	1
818	1027	1028	1
819	1028	1029	1
820	1029	1030	1
821	1030	1031	1
822	1031	1032	1
823	1032	1033	1
824	1033	1034	1
825	1034	1035	1
826	1035	1036	1
827	1036	1037	1
828	1037	1038	1
829	1038	1039	1
830	1039	1040	1
831	1040	1041	1
832	1041	1042	1
833	1042	1043	1
834	1043	1044	1
835	1044	1045	1
836	1045	1046	1
837	1046	1047	1
838	1047	1048	1
839	1048	1049	1
840	1049	1050	1
841	1050	1051	1
842	1051	1052	1
843	1052	1053	1
844	1053	1054	1
845	1054	1055	1
846	1055	1056	1
847	1056	1057	1
848	1057	1058	1
849	1058	1059	1
850	1059	1060	1
851	1060	1061	1
852	1061	1062	1
853	1062	1063	1
854	1063	1064	1
855	1064	1065	1
856	1065	1066	1
857	1066	1067	1
858	1067	1068	1
859	1068	1069	1
860	1069	1070	1
861	1070	1071	1
862	1071	1072	1
863	1072	1073	1
864	1073	1074	1
865	1074	1075	1
866	1075	1076	1
867	1076	1077	1
868	1077	1078	1
869	1078	1079	1
870	1079	1080	1
871	1080	1081	1
872	1081	1082	1
873	1082	1083	1
874	1083	1084	1
875	1084	1085	1
876	1085	1086	1
877	1086	1087	1
878	1087	1088	1
879	1088	1089	1
880	1089	1090	1
881	1090	1091	1
882	1091	1092	1
883	1092	1093	1
884	1093	1094	1
885	1094	1095	1
886	1095	1096	1
887	1096	1097	1
888	1097	1098	1
889	1098	1099	1
890	1099	1100	1
891	1100	1101	1
892	1101	1102	1
893	1102	1103	1
894	1103	1104	1
895	1104	1105	1
896	1105	1106	1
897	1106	1107	1
898	1107	1108	1
899	1108	1109	1
900	1109	1110	1
901	1110	1111	1
902	1111	1112	1
903	1112	1113	1
904	1113	1114	1
905	1114	1115	1
906	1115	1116	1
907	1116	1117	1
908	1117	1118	1
909	1118	1119	1
910	1119	1120	1
911	1120	1121	1
912	1121	1122	1
913	1122	1123	1
914	1123	1124	1
915	1124	1125	1
916	1125	1126	1
917	1126	1127	1
918	1127	1128	1
919	1128	1129	1
920	1129	1130	1
921	1130	1131	1
922	1131	1132	1
923	1132	1133	1
924	1133	1134	1
925	1134	1135	1
926	1135	1136	1
927	1136	1137	1
928	1137	1138	1
929	1138	1139	1
930	1139	1140	1
931	1140	1141	1
932	1141	1142	1
933	1142	1143	1
934	1143	1144	1
935	1144	1145	1
936	1145	1146	1
937	1146	1147	1
938	1147	1148	1
939	1148	1149	1
940	1149	1150	1
941	1150	1151	1
942	1151	1152	1
943	1152	1153	1
944	1153	1154	1
945	1154	1155	1
946	1155	1156	1
947	1156	1157	1
948	1157	1158	1
949	1158	1159	1
950	1159	1160	1
951	1160	1161	1
952	1161	1162	1
953	1162	1163	1
954	1163	1164	1
955	1164	1165	1
956	1165	1166	1
957	1166	1167	1
958	1167	1168	1
959	1168	1169	1
960	1169	1170	1
961	1170	1171	1
962	1171	1172	1
963	1172	1173	1
964	1173	1174	1
965	1174	1175	1
966	1175	1176	1
967	1176	1177	1
968	1177	1178	1
969	1178	1179	1
970	1179	1180	1
971	1180	1181	1
972	1181	1182	1
973	1182	1183	1
974	1183	1184	1
975	1184	1185	1
976	1185	1186	1
977	1186	1187	1
978	1187	1188	1
979	1188	1189	1
980	1189	1190	1
981	1190	1191	1
982	1191	1192	1
983	1192	1193	1
984	1193	1194	1
985	1194	1195	1
986	1195	1196	1
987	1196	1197	1
988	1197	1198	1
989	1198	1199	1
990	1199	1200	1
991	1200	1201	1
992	1201	1202	1
993	1202	1203	1
994	1203	1204	1
995	1204	1205	1
996	1205	1206	1
997	1206	1207	1
998	1207	1208	1
999	1208	1209	1
1000	1209	1210	1
1001	1210	1211	1
1002	1211	1212	1
1003	1212	1213	1
1004	1213	1214	1
1005	1214	1215	1
1006	1215	1216	1
1007	1216	1217	1
1008	1217	1218	1
1009	1218	1219	1
1010	1219	1220	1
1011	1220	1221	1
1012	1221	1222	1
1013	1222	1223	1
1014	1223	1224	1
1015	1224	1225	1
1016	1225	1226	1
1017	1226	1227	1
1018	1227	1228	1
1019	1228	1229	1
1020	1229	1230	1
1021	1230	1231	1
1022	1231	1232	1
1023	1232	1233	1
1024	1233	1234	1
1025	1234	1235	1
1026	1235	1236	1
1027	1236	1237	1
1028	1237	1238	1
1029	1238	1239	1
1030	1239	1240	1
1031	1240	1241	1
1032	1241	1242	1
1033	1242	1243	1
1034	1243	1244	1
1035	1244	1245	1
1036	1245	1246	1
1037	1246	1247	1
1038	1247	1248	1
1039	1248	1249	1
1040	1249	1250	1
1041	1250	1251	1
1042	1251	1252	1
1043	1252	1253	1
1044	1253	1254	1
1045	1254	1255	1
1046	1255	1256	1
1047	1256	1257	1
1048	1257	1258	1
1049	1258	1259	1
1050	1259	1260	1
1051	1260	1261	1
1052	1261	1262	1
1053	1262	1263	1
1054	1263	1264	1
1055	1264	1265	1
1056	1265	1266	1
1057	1266	1267	1
1058	1267	1268	1
1059	1268	1269	1
1060	1269	1270	1
1061	1270	1271	1
1062	1271	1272	1
1063	1272	1273	1
1064	1273	1274	1
1065	1274	1275	1
1066	1275	1276	1
1067	1276	1277	1
1068	1277	1278	1
1069	1278	1279	1
1070	1279	1280	1
1071	1280	1281	1
1072	1281	1282	1
1073	1282	1283	1
1074	1283	1284	1
1075	1284	1285	1
1076	1285	1286	1
1077	1286	1287	1
1078	1287	1288	1
1079	1288	1289	1
1080	1289	1290	1
1081	1290	1291	1
1082	1291	1292	1
1083	1292	1293	1
1084	1293	1294	1
1085	1294	1295	1
1086	1295	1296	1
1087	1296	1297	1
1088	1297	1298	1
1089	1298	1299	1
1090	1299	1300	1
1091	1300	1301	1
1092	1301	1302	1
1093	1302	1303	1
1094	1303	1304	1
1095	1304	1305	1
1096	1305	1306	1
1097	1306	1307	1
1098	1307	1308	1
1099	1308	1309	1
1100	1309	1310	1
1101	1310	1311	1
1102	1311	1312	1
1103	1312	1313	1
1104	1313	1314	1
1105	1314	1315	1
1106	1315	1316	1
1107	1316	1317	1
1108	1317	1318	1
1109	1318	1319	1
1110	1319	1320	1
1111	1320	1321	1
1112	1321	1322	1
1113	1322	1323	1
1114	1323	1324	1
1115	1324	1325	1
1116	1325	1326	1
1117	1326	1327	1
1118	1327	1328	1
1119	1328	1329	1
1120	1329	1330	1
1121	1330	1331	1
1122	1331	1332	1
1123	1332	1333	1
1124	1333	1334	1
1125	1334	1335	1
1126	1335	1336	1
1127	1336	1337	1
1128	1337	1338	1
1129	1338	1339	1
1130	1339	1340	1
1131	1340	1341	1
1132	1341	1342	1
1133	1342	1343	1
1134	1343	1344	1
1135	1344	1345	1
1136	1345	1346	1
1137	1346	1347	1
1138	1347	1348	1
1139	1348	1349	1
1140	1349	1350	1
1141	1350	1351	1
1142	1351	1352	1
1143	1352	1353	1
1144	1353	1354	1
1145	1354	1355	1
1146	1355	1356	1
1147	1356	1357	1
1148	1357	1358	1
1149	1358	1359	1
1150	1359	1360	1
1151	1360	1361	1
1152	1361	1362	1
1153	1362	1363	1
1154	1363	1364	1
1155	1364	1365	1
1156	1365	1366	1
1157	1366	1367	1
1158	1367	1368	1
1159	1368	1369	1
1160	1369	1370	1
1161	1370	1371	1
1162	1371	1372	1
1163	1372	1373	1
1164	1373	1374	1
1165	1374	1375	1
1166	1375	1376	1
1167	1376	1377	1
1168	1377	1378	1
1169	1378	1379	1
1170	1379	1380	1
1171	1380	1381	1
1172	1381	1382	1
1173	1382	1383	1
1174	1383	1384	1
1175	1384	1385	1
1176	1385	1386	1
1177	1386	1387	1
1178	1387	1388	1
1179	1388	1389	1
1180	1389	1390	1
1181	1390	1391	1
1182	1391	1392	1
1183	1392	1393	1
1184	1393	1394	1
1185	1394	1395	1
1186	1395	1396	1
1187	1396	1397	1
1188	1397	1398	1
1189	1398	1399	1
1190	1399	1400	1
1191	1400	1401	1
1192	1401	1402	1
1193	1402	1403	1
1194	1403	1404	1
1195	1404	1405	1
1196	1405	1406	1
1197	1406	1407	1
1198	1407	1408	1
1199	1408	1409	1
1200	1409	1410	1
1201	1410	1411	1
1202	1411	1412	1
1203	1412	1413	1
1204	1413	1414	1
1205	1414	1415	1
1206	1415	1416	1
1207	1416	1417	1
1208	1417	1418	1
1209	1418	1419	1
1210	1419	1420	1
1211	1420	1421	1
1212	1421	1422	1
1213	1422	1423	1
1214	1423	1424	1
1215	1424	1425	1
1216	1425	1426	1
1217	1426	1427	1
1218	1427	1428	1
1219	1428	1429	1
1220	1429	1430	1
1221	1430	1431	1
1222	1431	1432	1
1223	1432	1433	1
1224	1433	1434	1
1225	1434	1435	1
1226	1435	1436	1
1227	1436	1437	1
1228	1437	1438	1
1229	1438	1439	1
1230	1439	1440	1
1231	1440	1441	1
1232	1441	1442	1
1233	1442	1443	1
1234	1443	1444	1
1235	1444	1445	1
1236	1445	1446	1
1237	1446	1447	1
1238	1447	1448	1
1239	1448	1449	1
1240	1449	1450	1
1241	1450	1451	1
1242	1451	1452	1
1243	1452	1453	1
1244	1453	1454	1
1245	1454	1455	1
1246	1455	1456	1
1247	1456	1457	1
1248	1457	1458	1
1249	1458	1459	1
1250	1459	1460	1
1251	1460	1461	1
1252	1461	1462	1
1253	1462	1463	1
1254	1463	1464	1
1255	1464	1465	1
1256	1465	1466	1
1257	1466	1467	1
1258	1467	1468	1
1259	1468	1469	1
1260	1469	1470	1
1261	1470	1471	1
1262	1471	1472	1
1263	1472	1473	1
1264	1473	1474	1
1265	1474	1475	1
1266	1475	1476	1
1267	1476	1477	1
1268	1477	1478	1
1269	1478	1479	1
1270	1479	1480	1
1271	1480	1481	1
1272	1481	1482	1
1273	1482	1483	1
1274	1483	1484	1
1275	1484	1485	1
1276	1485	1486	1
1277	1486	1487	1
1278	1487	1488	1
1279	1488	1489	1
1280	1489	1490	1
1281	1490	1491	1
1282	1491	1492	1
1283	1492	1493	1
1284	1493	1494	1
1285	1494	1495	1
1286	1495	1496	1
1287	1496	1497	1
1288	1497	1498	1
1289	1498	1499	1
1290	1499	1500	1
1291	1500	1501	1
1292	1501	1502	1
1293	1502	1503	1
1294	1503	1504	1
1295	1504	1505	1
1296	1505	1506	1
1297	1506	1507	1
1298	1507	1508	1
1299	1508	1509	1
1300	1509	1510	1
1301	1510	1511	1
1302	1511	1512	1
1303	1512	1513	1
1304	1513	1514	1
1305	1514	1515	1
1306	1515	1516	1
1307	1516	1517	1
1308	1517	1518	1
1309	1518	1519	1
1310	1519	1520	1
1311	1520	1521	1
1312	1521	1522	1
1313	1522	1523	1
1314	1523	1524	1
1315	1524	1525	1
1316	1525	1526	1
1317	1526	1527	1
1318	1527	1528	1
1319	1528	1529	1
1320	1529	1530	1
1321	1530	1531	1
1322	1531	1532	1
1323	1532	1533	1
1324	1533	1534	1
1325	1534	1535	1
1326	1535	1536	1
1327	1536	1537	1
1328	1537	1538	1
1329	1538	1539	1
1330	1539	1540	1
1331	1540	1541	1
1332	1541	1542	1
1333	1542	1543	1
1334	1543	1544	1
1335	1544	1545	1
1336	1545	1546	1
1337	1546	1547	1
1338	1547	1548	1
1339	1548	1549	1
1340	1549	1550	1
1341	1550	1551	1
1342	1551	1552	1
1343	1552	1553	1
1344	1553	1554	1
1345	1554	1555	1
1346	1555	1556	1
1347	1556	1557	1
1348	1557	1558	1
1349	1558	1559	1
1350	1559	1560	1
1351	1560	1561	1
1352	1561	1562	1
1353	1562	1563	1
1354	1563	1564	1
1355	1564	1565	1
1356	1565	1566	1
1357	1566	1567	1
1358	1567	1568	1
1359	1568	1569	1
1360	1569	1570	1
1361	1570	1571	1
1362	1571	1572	1
1363	1572	1573	1
1364	1573	1574	1
1365	1574	1575	1
1366	1575	1576	1
1367	1576	1577	1
1368	1577	1578	1
1369	1578	1579	1
1370	1579	1580	1
1371	1580	1581	1
1372	1581	1582	1
1373	1582	1583	1
1374	1583	1584	1
1375	1584	1585	1
1376	1585	1586	1
1377	1586	1587	1
1378	1587	1588	1
1379	1588	1589	1
1380	1589	1590	1
1381	1590	1591	1
1382	1591	1592	1
1383	1592	1593	1
1384	1593	1594	1
1385	1594	1595	1
1386	1595	1596	1
1387	1596	1597	1
1388	1597	1598	1
1389	1598	1599	1
1390	1599	1600	1
1391	1600	1601	1
1392	1601	1602	1
1393	1602	1603	1
1394	1603	1604	1
1395	1604	1605	1
1396	1605	1606	1
1397	1606	1607	1
1398	1607	1608	1
1399	1608	1609	1
1400	1609	1610	1
1401	1610	1611	1
1402	1611	1612	1
1403	1612	1613	1
1404	1613	1614	1
1405	1614	1615	1
1406	1615	1616	1
1407	1616	1617	1
1408	1617	1618	1
1409	1618	1619	1
1410	1619	1620	1
1411	1620	1621	1
1412	1621	1622	1
1413	1622	1623	1
1414	1623	1624	1
1415	1624	1625	1
1416	1625	1626	1
1417	1626	1627	1
1418	1627	1628	1
1419	1628	1629	1
1420	1629	1630	1
1421	1630	1631	1
1422	1631	1632	1
1423	1632	1633	1
1424	1633	1634	1
1425	1634	1635	1
1426	1635	1636	1
1427	1636	1637	1
1428	1637	1638	1
1429	1638	1639	1
1430	1639	1640	1
1431	1640	1641	1
1432	1641	1642	1
1433	1642	1643	1
1434	1643	1644	1
1435	1644	1645	1
1436	1645	1646	1
1437	1646	1647	1
1438	1647	1648	1
1439	1648	1649	1
1440	1649	1650	1
1441	1650	1651	1
1442	1651	1652	1
1443	1652	1653	1
1444	1653	1654	1
1445	1654	1655	1
1446	1655	1656	1
1447	1656	1657	1
1448	1657	1658	1
1449	1658	1659	1
1450	1659	1660	1
1451	1660	1661	1
1452	1661	1662	1
1453	1662	1663	1
1454	1663	1664	1
1455	1664	1665	1
1456	1665	1666	1
1457	1666	1667	1
1458	1667	1668	1
1459	1668	1669	1
1460	1669	1670	1
1461	1670	1671	1
1462	1671	1672	1
1463	1672	1673	1
1464	1673	1674	1
1465	1674	1675	1
1466	1675	1676	1
1467	1676	1677	1
1468	1677	1678	1
1469	1678	1679	1
1470	1679	1680	1
1471	1680	1681	1
1472	1681	1682	1
1473	1682	1683	1
1474	1683	1684	1
1475	1684	1685	1
1476	1685	1686	1
1477	1686	1687	1
1478	1687	1688	1
1479	1688	1689	1
1480	1689	1690	1
1481	1690	1691	1
1482	1691	1692	1
1483	1692	1693	1
1484	1693	1694	1
1485	1694	1695	1
1486	1695	1696	1
1487	1696	1697	1
1488	1697	1698	1
1489	1698	1699	1
1490	1699	1700	1
1491	1700	1701	1
1492	1701	1702	1
1493	1702	1703	1
1494	1703	1704	1
1495	1704	1705	1
1496	1705	1706	1
1497	1706	1707	1
1498	1707	1708	1
1499	1708	1709	1
1500	1709	1710	1
1501	1710	1711	1
1502	1711	1712	1
1503	1712	1713	1
1504	1713	1714	1
1505	1714	1715	1
1506	1715	1716	1
1507	1716	1717	1
1508	1717	1718	1
1509	1718	1719	1
1510	1719	1720	1
1511	1720	1721	1
1512	1721	1722	1
1513	1722	1723	1
1514	1723	1724	1
1515	1724	1725	1
1516	1725	1726	1
1517	1726	1727	1
1518	1727	1728	1
1519	1728	1729	1
1520	1729	1730	1
1521	1730	1731	1
1522	1731	1732	1
1523	1732	1733	1
1524	1733	1734	1
1525	1734	1735	1
1526	1735	1736	1
1527	1736	1737	1
1528	1737	1738	1
1529	1738	1739	1
1530	1739	1740	1
1531	1740	1741	1
1532	1741	1742	1
1533	1742	1743	1
1534	1743	1744	1
1535	1744	1745	1
1536	1745	1746	1
1537	1746	1747	1
1538	1747	1748	1
1539	1748	1749	1
1540	1749	1750	1
1541	1750	1751	1
1542	1751	1752	1
1543	1752	1753	1
1544	1753	1754	1
1545	1754	1755	1
1546	1755	1756	1
1547	1756	1757	1
1548	1757	1758	1
1549	1758	1759	1
1550	1759	1760	1
1551	1760	1761	1
1552	1761	1762	1
1553	1762	1763	1
1554	1763	1764	1
1555	1764	1765	1
1556	1765	1766	1
1557	1766	1767	1
1558	1767	1768	1
1559	1768	1769	1
1560	1769	1770	1
1561	1770	1771	1
1562	1771	1772	1
1563	1772	1773	1
1564	1773	1774	1
1565	1774	1775	1
1566	1775	1776	1
1567	1776	1777	1
1568	1777	1778	1
1569	1778	1779	1
1570	1779	1780	1
1571	1780	1781	1
1572	1781	1782	1
1573	1782	1783	1
1574	1783	1784	1
1575	1784	1785	1
1576	1785	1786	1
1577	1786	1787	1
1578	1787	1788	1
1579	1788	1789	1
1580	1789	1790	1
1581	1790	1791	1
1582	1791	1792	1
1583	1792	1793	1
1584	1793	1794	1
1585	1794	1795	1
1586	1795	1796	1
1587	1796	1797	1
1588	1797	1798	1
1589	1798	1799	1
1590	1799	1800	1
1591	1800	1801	1
1592	1801	1802	1
1593	1802	1803	1
1594	1803	1804	1
1595	1804	1805	1
1596	1805	1806	1
1597	1806	1807	1
1598	1807	1808	1
1599	1808	1809	1
1600	1809	1810	1
1601	1810	1811	1
1602	1811	1812	1
1603	1812	1813	1
1604	1813	1814	1
1605	1814	1815	1
1606	1815	1816	1
1607	1816	1817	1
1608	1817	1818	1
1609	1818	1819	1
1610	1819	1820	1
1611	1820	1821	1
1612	1821	1822	1
1613	1822	1823	1
1614	1823	1824	1
1615	1824	1825	1
1616	1825	1826	1
1617	1826	1827	1
1618	1827	1828	1
1619	1828	1829	1
1620	1829	1830	1
1621	1830	1831	1
1622	1831	1832	1
1623	1832	1833	1
1624	1833	1834	1
1625	1834	1835	1
1626	1835	1836	1
1627	1836	1837	1
1628	1837	1838	1
1629	1838	1839	1
1630	1839	1840	1
1631	1840	1841	1
1632	1841	1842	1
1633	1842	1843	1
1634	1843	1844	1
1635	1844	1845	1
1636	1845	1846	1
1637	1846	1847	1
1638	1847	1848	1
1639	1848	1849	1
1640	1849	1850	1
1641	1850	1851	1
1642	1851	1852	1
1643	1852	1853	1
1644	1853	1854	1
1645	1854	1855	1
1646	1855	1856	1
1647	1856	1857	1
1648	1857	1858	1
1649	1858	1859	1
1650	1859	1860	1
1651	1860	1861	1
1652	1861	1862	1
1653	1862	1863	1
1654	1863	1864	1
1655	1864	1865	1
1656	1865	1866	1
1657	1866	1867	1
1658	1867	1868	1
1659	1868	1869	1
1660	1869	1870	1
1661	1870	1871	1
1662	1871	1872	1
1663	1872	1873	1
1664	1873	1874	1
1665	1874	1875	1
1666	1875	1876	1
1667	1876	1877	1
1668	1877	1878	1
1669	1878	1879	1
1670	1879	1880	1
1671	1880	1881	1
1672	1881	1882	1
1673	1882	1883	1
1674	1883	1884	1
1675	1884	1885	1
1676	1885	1886	1
1677	1886	1887	1
1678	1887	1888	1
1679	1888	1889	1
1680	1889	1890	1
1681	1890	1891	1
1682	1891	1892	1
1683	1892	1893	1
1684	1893	1894	1
1685	1894	1895	1
1686	1895	1896	1
1687	1896	1897	1
1688	1897	1898	1
1689	1898	1899	1
1690	1899	1900	1
1691	1900	1901	1
1692	1901	1902	1
1693	1902	1903	1
1694	1903	1904	1
1695	1904	1905	1
1696	1905	1906	1
1697	1906	1907	1
1698	1907	1908	1
1699	1908	1909	1
1700	1909	1910	1
1701	1910	1911	1
1702	1911	1912	1
1703	1912	1913	1
1704	1913	1914	1
1705	1914	1915	1
1706	1915	1916	1
1707	1916	1917	1
1708	1917	1918	1
1709	1918	1919	1
1710	1919	1920	1
1711	1920	1921	1
1712	1921	1922	1
1713	1922	1923	1
1714	1923	1924	1
1715	1924	1925	1
1716	1925	1926	1
1717	1926	1927	1
1718	1927	1928	1
1719	1928	1929	1
1720	1929	1930	1
1721	1930	1931	1
1722	1931	1932	1
1723	1932	1933	1
1724	1933	1934	1
1725	1934	1935	1
1726	1935	1936	1
1727	1936	1937	1
1728	1937	1938	1
1729	1938	1939	1
1730	1939	1940	1
1731	1940	1941	1
1732	1941	1942	1
1733	1942	1943	1
1734	1943	1944	1
1735	1944	1945	1
1736	1945	1946	1
1737	1946	1947	1
1738	1947	1948	1
1739	1948	1949	1
1740	1949	1950	1
1741	1950	1951	1
1742	1951	1952	1
1743	1952	1953	1
1744	1953	1954	1
1745	1954	1955	1
1746	1955	1956	1
1747	1956	1957	1
1748	1957	1958	1
1749	1958	1959	1
1750	1959	1960	1
1751	1960	1961	1
1752	1961	1962	1
1753	1962	1963	1
1754	1963	1964	1
1755	1964	1965	1
1756	1965	1966	1
1757	1966	1967	1
1758	1967	1968	1
1759	1968	1969	1
1760	1969	1970	1
1761	1970	1971	1
1762	1971	1972	1
1763	1972	1973	1
1764	1973	1974	1
1765	1974	1975	1
1766	1975	1976	1
1767	1976	1977	1
1768	1977	1978	1
1769	1978	1979	1
1770	1979	1980	1
1771	1980	1981	1
1772	1981	1982	1
1773	1982	1983	1
1774	1983	1984	1
1775	1984	1985	1
1776	1985	1986	1
1777	1986	1987	1
1778	1987	1988	1
1779	1988	1989	1
1780	1989	1990	1
1781	1990	1991	1
1782	1991	1992	1
1783	1992	1993	1
1784	1993	1994	1
1785	1994	1995	1
1786	1995	1996	1
1787	1996	1997	1
1788	1997	1998	1
1789	1998	1999	1
1790	1999	2000	1
1791	2000	2001	1
1792	2001	2002	1
1793	2002	2003	1
1794	2003	2004	1
1795	2004	2005	1
1796	2005	2006	1
1797	2006	2007	1
1798	2007	2008	1
1799	2008	2009	1
1800	2009	2010	1
1801	2010	2011	1
1802	2011	2012	1
1803	2012	2013	1
1804	2013	2014	1
1805	2014	2015	1
1806	2015	2016	1
1807	2016	2017	1
1808	2017	2018	1
1809	2018	2019	1
1810	2019	2020	1
1811	2020	2021	1
1812	2021	2022	1
1813	2022	2023	1
1814	2023	2024	1
1815	2024	2025	1
1816	2025	2026	1
1817	2026	2027	1
1818	2027	2028	1
1819	2028	2029	1
1820	2029	2030	1
1821	2030	2031	1
1822	2031	2032	1
1823	2032	2033	1
1824	2033	2034	1
1825	2034	2035	1
1826	2035	2036	1
1827	2036	2037	1
1828	2037	2038	1
1829	2038	2039	1
1830	2039	2040	1
1831	2040	2041	1
1832	2041	2042	1
1833	2042	2043	1
1834	2043	2044	1
1835	2044	2045	1
1836	2045	2046	1
1837	2046	2047	1
1838	2047	2048	1
1839	2048	2049	1
1840	2049	2050	1
1841	2050	2051	1
1842	2051	2052	1
1843	2052	2053	1
1844	2053	2054	1
1845	2054	2055	1
1846	2055	2056	1
1847	2056	2057	1
1848	2057	2058	1
1849	2058	2059	1
1850	2059	2060	1
1851	2060	2061	1
1852	2061	2062	1
1853	2062	2063	1
1854	2063	2064	1
1855	2064	2065	1
1856	2065	2066	1
1857	2066	2067	1
1858	2067	2068	1
1859	2068	2069	1
1860	2069	2070	1
1861	2070	2071	1
1862	2071	2072	1
1863	2072	2073	1
1864	2073	2074	1
1865	2074	2075	1
1866	2075	2076	1
1867	2076	2077	1
1868	2077	2078	1
1869	2078	2079	1
1870	2079	2080	1
1871	2080	2081	1
1872	2081	2082	1
1873	2082	2083	1
1874	2083	2084	1
1875	2084	2085	1
1876	2085	2086	1
1877	2086	2087	1
1878	2087	2088	1
1879	2088	2089	1
1880	2089	2090	1
1881	2090	2091	1
1882	2091	2092	1
1883	2092	2093	1
1884	2093	2094	1
1885	2094	2095	1
1886	2095	2096	1
1887	2096	2097	1
1888	2097	2098	1
1889	2098	2099	1
1890	2099	2100	1
1891	2100	2101	1
1892	2101	2102	1
1893	2102	2103	1
1894	2103	2104	1
1895	2104	2105	1
1896	2105	2106	1
1897	2106	2107	1
1898	2107	2108	1
1899	2108	2109	1
1900	2109	2110	1
1901	2110	2111	1
1902	2111	2112	1
1903	2112	2113	1
1904	2113	2114	1
1905	2114	2115	1
1906	2115	2116	1
1907	2116	2117	1
1908	2117	2118	1
1909	2118	2119	1
1910	2119	2120	1
1911	2120	2121	1
1912	2121	2122	1
1913	2122	2123	1
1914	2123	2124	1
1915	2124	2125	1
1916	2125	2126	1
1917	2126	2127	1
1918	2127	2128	1
1919	2128	2129	1
1920	2129	2130	1
1921	2130	2131	1
1922	2131	2132	1
1923	2132	2133	1
1924	2133	2134	1
1925	2134	2135	1
1926	2135	2136	1
1927	2136	2137	1
1928	2137	2138	1
1929	2138	2139	1
1930	2139	2140	1
1931	2140	2141	1
1932	2141	2142	1
1933	2142	2143	1
1934	2143	2144	1
1935	2144	2145	1
1936	2145	2146	1
1937	2146	2147	1
1938	2147	2148	1
1939	2148	2149	1
1940	2149	2150	1
1941	2150	2151	1
1942	2151	2152	1
1943	2152	2153	1
1944	2153	2154	1
1945	2154	2155	1
1946	2155	2156	1
1947	2156	2157	1
1948	2157	2158	1
1949	2158	2159	1
1950	2159	2160	1
1951	2160	2161	1
1952	2161	2162	1
1953	2162	2163	1
1954	2163	2164	1
1955	2164	2165	1
1956	2165	2166	1
1957	2166	2167	1
1958	2167	2168	1
1959	2168	2169	1
1960	2169	2170	1
1961	2170	2171	1
1962	2171	2172	1
1963	2172	2173	1
1964	2173	2174	1
1965	2174	2175	1
1966	2175	2176	1
1967	2176	2177	1
1968	2177	2178	1
1969	2178	2179	1
1970	2179	2180	1
1971	2180	2181	1
1972	2181	2182	1
1973	2182	2183	1
1974	2183	2184	1
1975	2184	2185	1
1976	2185	2186	1
1977	2186	2187	1
1978	2187	2188	1
1979	2188	2189	1
1980	2189	2190	1
1981	2190	2191	1
1982	2191	2192	1
1983	2192	2193	1
1984	2193	2194	1
1985	2194	2195	1
1986	2195	2196	1
1987	2196	2197	1
1988	2197	2198	1
1989	2198	2199	1
1990	2199	2200	1
1991	2200	2201	1
1992	2201	2202	1
1993	2202	2203	1
1994	2203	2204	1
1995	2204	2205	1
1996	2205	2206	1
1997	2206	2207	1
1998	2207	2208	1
1999	2208	2209	1
2000	2209	2210	1
2001	2210	2211	1
2002	2211	2212	1
2003	2212	2213	1
2004	2213	2214	1
2005	2214	2215	1
2006	2215	2216	1
2007	2216	2217	1
2008	2217	2218	1
2009	2218	2219	1
2010	2219	2220	1
2011	2220	2221	1
2012	2221	2222	1
2013	2222	2223	1
2014	2223	2224	1
2015	2224	2225	1
2016	2225	2226	1
2017	2226	2227	1
2018	2227	2228	1
2019	2228	2229	1
2020	2229	2230	1
2021	2230	2231	1
2022	2231	2232	1
2023	2232	2233	1
2024	2233	2234	1
2025	2234	2235	1
2026	2235	2236	1
2027	2236	2237	1
2028	2237	2238	1
2029	2238	2239	1
2030	2239	2240	1
2031	2240	2241	1
2032	2241	2242	1
2033	2242	2243	1
2034	2243	2244	1
2035	2244	2245	1
2036	2245	2246	1
2037	2246	2247	1
2038	2247	2248	1
2039	2248	2249	1
2040	2249	2250	1
2041	2250	2251	1
2042	2251	2252	1
2043	2252	2253	1
2044	2253	2254	1
2045	2254	2255	1
2046	2255	2256	1
2047	2256	2257	1
2048	2257	2258	1
2049	2258	2259	1
2050	2259	2260	1
2051	2260	2261	1
2052	2261	2262	1
2053	2262	2263	1
2054	2263	2264	1
2055	2264	2265	1
2056	2265	2266	1
2057	2266	2267	1
2058	2267	2268	1
2059	2268	2269	1
2060	2269	2270	1
2061	2270	2271	1
2062	2271	2272	1
2063	2272	2273	1
2064	2273	2274	1
2065	2274	2275	1
2066	2275	2276	1
2067	2276	2277	1
2068	2277	2278	1
2069	2278	2279	1
2070	2279	2280	1
2071	2280	2281	1
2072	2281	2282	1
2073	2282	2283	1
2074	2283	2284	1
2075	2284	2285	1
2076	2285	2286	1
2077	2286	2287	1
2078	2287	2288	1
2079	2288	2289	1
2080	2289	2290	1
2081	2290	2291	1
2082	2291	2292	1
2083	2292	2293	1
2084	2293	2294	1
2085	2294	2295	1
2086	2295	2296	1
2087	2296	2297	1
2088	2297	2298	1
2089	2298	2299	1
2090	2299	2300	1
2091	2300	2301	1
2092	2301	2302	1
2093	2302	2303	1
2094	2303	2304	1
2095	2304	2305	1
2096	2305	2306	1
2097	2306	2307	1
2098	2307	2308	1
2099	2308	2309	1
2100	2309	2310	1
2101	2310	2311	1
2102	2311	2312	1
2103	2312	2313	1
2104	2313	2314	1
2105	2314	2315	1
2106	2315	2316	1
2107	2316	2317	1
2108	2317	2318	1
2109	2318	2319	1
2110	2319	2320	1
2111	2320	2321	1
2112	2321	2322	1
2113	2322	2323	1
2114	2323	2324	1
2115	2324	2325	1
2116	2325	2326	1
2117	2326	2327	1
2118	2327	2328	1
2119	2328	2329	1
2120	2329	2330	1
2121	2330	2331	1
2122	2331	2332	1
2123	2332	2333	1
2124	2333	2334	1
2125	2334	2335	1
2126	2335	2336	1
2127	2336	2337	1
2128	2337	2338	1
2129	2338	2339	1
2130	2339	2340	1
2131	2340	2341	1
2132	2341	2342	1
2133	2342	2343	1
2134	2343	2344	1
2135	2344	2345	1
2136	2345	2346	1
2137	2346	2347	1
2138	2347	2348	1
2139	2348	2349	1
2140	2349	2350	1
2141	2350	2351	1
2142	2351	2352	1
2143	2352	2353	1
2144	2353	2354	1
2145	2354	2355	1
2146	2355	2356	1
2147	2356	2357	1
2148	2357	2358	1
2149	2358	2359	1
2150	2359	2360	1
2151	2360	2361	1
2152	2361	2362	1
2153	2362	2363	1
2154	2363	2364	1
2155	2364	2365	1
2156	2365	2366	1
2157	2366	2367	1
2158	2367	2368	1
2159	2368	2369	1
2160	2369	2370	1
2161	2370	2371	1
2162	2371	2372	1
2163	2372	2373	1
2164	2373	2374	1
2165	2374	2375	1
2166	2375	2376	1
2167	2376	2377	1
2168	2377	2378	1
2169	2378	2379	1
2170	2379	2380	1
2171	2380	2381	1
2172	2381	2382	1
2173	2382	2383	1
2174	2383	2384	1
2175	2384	2385	1
2176	2385	2386	1
2177	2386	2387	1
2178	2387	2388	1
2179	2388	2389	1
2180	2389	2390	1
2181	2390	2391	1
2182	2391	2392	1
2183	2392	2393	1
2184	2393	2394	1
2185	2394	2395	1
2186	2395	2396	1
2187	2396	2397	1
2188	2397	2398	1
2189	2398	2399	1
2190	2399	2400	1
2191	2400	2401	1
2192	2401	2402	1
2193	2402	2403	1
2194	2403	2404	1
2195	2404	2405	1
2196	2405	2406	1
2197	2406	2407	1
2198	2407	2408	1
2199	2408	2409	1
2200	2409	2410	1
2201	2410	2411	1
2202	2411	2412	1
2203	2412	2413	1
2204	2413	2414	1
2205	2414	2415	1
2206	2415	2416	1
2207	2416	2417	1
2208	2417	2418	1
2209	2418	2419	1
2210	2419	2420	1
2211	2420	2421	1
2212	2421	2422	1
2213	2422	2423	1
2214	2423	2424	1
2215	2424	2425	1
2216	2425	2426	1
2217	2426	2427	1
2218	2427	2428	1
2219	2428	2429	1
2220	2429	2430	1
2221	2430	2431	1
2222	2431	2432	1
2223	2432	2433	1
2224	2433	2434	1
2225	2434	2435	1
2226	2435	2436	1
2227	2436	2437	1
2228	2437	2438	1
2229	2438	2439	1
2230	2439	2440	1
2231	2440	2441	1
2232	2441	2442	1
2233	2442	2443	1
2234	2443	2444	1
2235	2444	2445	1
2236	2445	2446	1
2237	2446	2447	1
2238	2447	2448	1
2239	2448	2449	1
2240	2449	2450	1
2241	2450	2451	1
2242	2451	2452	1
2243	2452	2453	1
2244	2453	2454	1
2245	2454	2455	1
2246	2455	2456	1
2247	2456	2457	1
2248	2457	2458	1
2249	2458	2459	1
2250	2459	2460	1
2251	2460	2461	1
2252	2461	2462	1
2253	2462	2463	1
2254	2463	2464	1
2255	2464	2465	1
2256	2465	2466	1
2257	2466	2467	1
2258	2467	2468	1
2259	2468	2469	1
2260	2469	2470	1
2261	2470	2471	1
2262	2471	2472	1
2263	2472	2473	1
2264	2473	2474	1
2265	2474	2475	1
2266	2475	2476	1
2267	2476	2477	1
2268	2477	2478	1
2269	2478	2479	1
2270	2479	2480	1
2271	2480	2481	1
2272	2481	2482	1
2273	2482	2483	1
2274	2483	2484	1
2275	2484	2485	1
2276	2485	2486	1
2277	2486	2487	1
2278	2487	2488	1
2279	2488	2489	1
2280	2489	2490	1
2281	2490	2491	1
2282	2491	2492	1
2283	2492	2493	1
2284	2493	2494	1
2285	2494	2495	1
2286	2495	2496	1
2287	2496	2497	1
2288	2497	2498	1
2289	2498	2499	1
2290	2499	2500	1
2291	2500	2501	1
2292	2501	2502	1
2293	2502	2503	1
2294	2503	2504	1
2295	2504	2505	1
2296	2505	2506	1
2297	2506	2507	1
2298	2507	2508	1
2299	2508	2509	1
2300	2509	2510	1
2301	2510	2511	1
2302	2511	2512	1
2303	2512	2513	1
2304	2513	2514	1
2305	2514	2515	1
2306	2515	2516	1
2307	2516	2517	1
2308	2517	2518	1
2309	2518	2519	1
2310	2519	2520	1
2311	2520	2521	1
2312	2521	2522	1
2313	2522	2523	1
2314	2523	2524	1
2315	2524	2525	1
2316	2525	2526	1
2317	2526	2527	1
2318	2527	2528	1
2319	2528	2529	1
2320	2529	2530	1
2321	2530	2531	1
2322	2531	2532	1
2323	2532	2533	1
2324	2533	2534	1
2325	2534	2535	1
2326	2535	2536	1
2327	2536	2537	1
2328	2537	2538	1
2329	2538	2539	1
2330	2539	2540	1
2331	2540	2541	1
2332	2541	2542	1
2333	2542	2543	1
2334	2543	2544	1
2335	2544	2545	1
2336	2545	2546	1
2337	2546	2547	1
2338	2547	2548	1
2339	2548	2549	1
2340	2549	2550	1
2341	2550	2551	1
2342	2551	2552	1
2343	2552	2553	1
2344	2553	2554	1
2345	2554	2555	1
2346	2555	2556	1
2347	2556	2557	1
2348	2557	2558	1
2349	2558	2559	1
2350	2559	2560	1
2351	2560	2561	1
2352	2561	2562	1
2353	2562	2563	1
2354	2563	2564	1
2355	2564	2565	1
2356	2565	2566	1
2357	2566	2567	1
2358	2567	2568	1
2359	2568	2569	1
2360	2569	2570	1
2361	2570	2571	1
2362	2571	2572	1
2363	2572	2573	1
2364	2573	2574	1
2365	2574	2575	1
2366	2575	2576	1
2367	2576	2577	1
2368	2577	2578	1
2369	2578	2579	1
2370	2579	2580	1
2371	2580	2581	1
2372	2581	2582	1
2373	2582	2583	1
2374	2583	2584	1
2375	2584	2585	1
2376	2585	2586	1
2377	2586	2587	1
2378	2587	2588	1
2379	2588	2589	1
2380	2589	2590	1
2381	2590	2591	1
2382	2591	2592	1
2383	2592	2593	1
2384	2593	2594	1
2385	2594	2595	1
2386	2595	2596	1
2387	2596	2597	1
2388	2597	2598	1
2389	2598	2599	1
2390	2599	2600	1
2391	2600	2601	1
2392	2601	2602	1
2393	2602	2603	1
2394	2603	2604	1
2395	2604	2605	1
2396	2605	2606	1
2397	2606	2607	1
2398	2607	2608	1
2399	2608	2609	1
2400	2609	2610	1
2401	2610	2611	1
2402	2611	2612	1
2403	2612	2613	1
2404	2613	2614	1
2405	2614	2615	1
2406	2615	2616	1
2407	2616	2617	1
2408	2617	2618	1
2409	2618	2619	1
2410	2619	2620	1
2411	2620	2621	1
2412	2621	2622	1
2413	2622	2623	1
2414	2623	2624	1
2415	2624	2625	1
2416	2625	2626	1
2417	2626	2627	1
2418	2627	2628	1
2419	2628	2629	1
2420	2629	2630	1
2421	2630	2631	1
2422	2631	2632	1
2423	2632	2633	1
2424	2633	2634	1
2425	2634	2635	1
2426	2635	2636	1
2427	2636	2637	1
2428	2637	2638	1
2429	2638	2639	1
2430	2639	2640	1
2431	2640	2641	1
2432	2641	2642	1
2433	2642	2643	1
2434	2643	2644	1
2435	2644	2645	1
2436	2645	2646	1
2437	2646	2647	1
2438	2647	2648	1
2439	2648	2649	1
2440	2649	2650	1
2441	2650	2651	1
2442	2651	2652	1
2443	2652	2653	1
2444	2653	2654	1
2445	2654	2655	1
2446	2655	2656	1
2447	2656	2657	1
2448	2657	2658	1
2449	2658	2659	1
2450	2659	2660	1
2451	2660	2661	1
2452	2661	2662	1
2453	2662	2663	1
2454	2663	2664	1
2455	2664	2665	1
2456	2665	2666	1
2457	2666	2667	1
2458	2667	2668	1
2459	2668	2669	1
2460	2669	2670	1
2461	2670	2671	1
2462	2671	2672	1
2463	2672	2673	1
2464	2673	2674	1
2465	2674	2675	1
2466	2675	2676	1
2467	2676	2677	1
2468	2677	2678	1
2469	2678	2679	1
2470	2679	2680	1
2471	2680	2681	1
2472	2681	2682	1
2473	2682	2683	1
2474	2683	2684	1
2475	2684	2685	1
2476	2685	2686	1
2477	2686	2687	1
2478	2687	2688	1
2479	2688	2689	1
2480	2689	2690	1
2481	2690	2691	1
2482	2691	2692	1
2483	2692	2693	1
2484	2693	2694	1
2485	2694	2695	1
2486	2695	2696	1
2487	2696	2697	1
2488	2697	2698	1
2489	2698	2699	1
2490	2699	2700	1
2491	2700	2701	1
2492	2701	2702	1
2493	2702	2703	1
2494	2703	2704	1
2495	2704	2705	1
2496	2705	2706	1
2497	2706	2707	1
2498	2707	2708	1
2499	2708	2709	1
2500	2709	2710	1
2501	2710	2711	1
2502	2711	2712	1
2503	2712	2713	1
2504	2713	2714	1
2505	2714	2715	1
2506	2715	2716	1
2507	2716	2717	1
2508	2717	2718	1
2509	2718	2719	1
2510	2719	2720	1
2511	2720	2721	1
2512	2721	2722	1
2513	2722	2723	1
2514	2723	2724	1
2515	2724	2725	1
2516	2725	2726	1
2517	2726	2727	1
2518	2727	2728	1
2519	2728	2729	1
2520	2729	2730	1
2521	2730	2731	1
2522	2731	2732	1
2523	2732	2733	1
2524	2733	2734	1
2525	2734	2735	1
2526	2735	2736	1
2527	2736	2737	1
2528	2737	2738	1
2529	2738	2739	1
2530	2739	2740	1
2531	2740	2741	1
2532	2741	2742	1
2533	2742	2743	1
2534	2743	2744	1
2535	2744	2745	1
2536	2745	2746	1
2537	2746	2747	1
2538	2747	2748	1
2539	2748	2749	1
2540	2749	2750	1
2541	2750	2751	1
2542	2751	2752	1
2543	2752	2753	1
2544	2753	2754	1
2545	2754	2755	1
2546	2755	2756	1
2547	2756	2757	1
2548	2757	2758	1
2549	2758	2759	1
2550	2759	2760	1
2551	2760	2761	1
2552	2761	2762	1
2553	2762	2763	1
2554	2763	2764	1
2555	2764	2765	1
2556	2765	2766	1
2557	2766	2767	1
2558	2767	2768	1
2559	2768	2769	1
2560	2769	2770	1
2561	2770	2771	1
2562	2771	2772	1
2563	2772	2773	1
2564	2773	2774	1
2565	2774	2775	1
2566	2775	2776	1
2567	2776	2777	1
2568	2777	2778	1
2569	2778	2779	1
2570	2779	2780	1
2571	2780	2781	1
2572	2781	2782	1
2573	2782	2783	1
2574	2783	2784	1
2575	2784	2785	1
2576	2785	2786	1
2577	2786	2787	1
2578	2787	2788	1
2579	2788	2789	1
2580	2789	2790	1
2581	2790	2791	1
2582	2791	2792	1
2583	2792	2793	1
2584	2793	2794	1
2585	2794	2795	1
2586	2795	2796	1
2587	2796	2797	1
2588	2797	2798	1
2589	2798	2799	1
2590	2799	2800	1
2591	2800	2801	1
2592	2801	2802	1
2593	2802	2803	1
2594	2803	2804	1
2595	2804	2805	1
2596	2805	2806	1
2597	2806	2807	1
2598	2807	2808	1
2599	2808	2809	1
2600	2809	2810	1
2601	2810	2811	1
2602	2811	2812	1
2603	2812	2813	1
2604	2813	2814	1
2605	2814	2815	1
2606	2815	2816	1
2607	2816	2817	1
2608	2817	2818	1
2609	2818	2819	1
2610	2819	2820	1
2611	2820	2821	1
2612	2821	2822	1
2613	2822	2823	1
2614	2823	2824	1
2615	2824	2825	1
2616	2825	2826	1
2617	2826	2827	1
2618	2827	2828	1
2619	2828	2829	1
2620	2829	2830	1
2621	2830	2831	1
2622	2831	2832	1
2623	2832	2833	1
2624	2833	2834	1
2625	2834	2835	1
2626	2835	2836	1
2627	2836	2837	1
2628	2837	2838	1
2629	2838	2839	1
2630	2839	2840	1
2631	2840	2841	1
2632	2841	2842	1
2633	2842	2843	1
2634	2843	2844	1
2635	2844	2845	1
2636	2845	2846	1
2637	2846	2847	1
2638	2847	2848	1
2639	2848	2849	1
2640	2849	2850	1
2641	2850	2851	1
2642	2851	2852	1
2643	2852	2853	1
2644	2853	2854	1
2645	2854	2855	1
2646	2855	2856	1
2647	2856	2857	1
2648	2857	2858	1
2649	2858	2859	1
2650	2859	2860	1
2651	2860	2861	1
2652	2861	2862	1
2653	2862	2863	1
2654	2863	2864	1
2655	2864	2865	1
2656	2865	2866	1
2657	2866	2867	1
2658	2867	2868	1
2659	2868	2869	1
2660	2869	2870	1
2661	2870	2871	1
2662	2871	2872	1
2663	2872	2873	1
2664	2873	2874	1
2665	2874	2875	1
2666	2875	2876	1
2667	2876	2877	1
2668	2877	2878	1
2669	2878	2879	1
2670	2879	2880	1
2671	2880	2881	1
2672	2881	2882	1
2673	2882	2883	1
2674	2883	2884	1
2675	2884	2885	1
2676	2885	2886	1
2677	2886	2887	1
2678	2887	2888	1
2679	2888	2889	1
2680	2889	2890	1
2681	2890	2891	1
2682	2891	2892	1
2683	2892	2893	1
2684	2893	2894	1
2685	2894	2895	1
2686	2895	2896	1
2687	2896	2897	1
2688	2897	2898	1
2689	2898	2899	1
2690	2899	2900	1
2691	2900	2901	1
2692	2901	2902	1
2693	2902	2903	1
2694	2903	2904	1
2695	2904	2905	1
2696	2905	2906	1
2697	2906	2907	1
2698	2907	2908	1
2699	2908	2909	1
2700	2909	2910	1
2701	2910	2911	1
2702	2911	2912	1
2703	2912	2913	1
2704	2913	2914	1
2705	2914	2915	1
2706	2915	2916	1
2707	2916	2917	1
2708	2917	2918	1
2709	2918	2919	1
2710	2919	2920	1
2711	2920	2921	1
2712	2921	2922	1
2713	2922	2923	1
2714	2923	2924	1
2715	2924	2925	1
2716	2925	2926	1
2717	2926	2927	1
2718	2927	2928	1
2719	2928	2929	1
2720	2929	2930	1
2721	2930	2931	1
2722	2931	2932	1
2723	2932	2933	1
2724	2933	2934	1
2725	2934	2935	1
2726	2935	2936	1
2727	2936	2937	1
2728	2937	2938	1
2729	2938	2939	1
2730	2939	2940	1
2731	2940	2941	1
2732	2941	2942	1
2733	2942	2943	1
2734	2943	2944	1
2735	2944	2945	1
2736	2945	2946	1
2737	2946	2947	1
2738	2947	2948	1
2739	2948	2949	1
2740	2949	2950	1
2741	2950	2951	1
2742	2951	2952	1
2743	2952	2953	1
2744	2953	2954	1
2745	2954	2955	1
2746	2955	2956	1
2747	2956	2957	1
2748	2957	2958	1
2749	2958	2959	1
2750	2959	2960	1
2751	2960	2961	1
2752	2961	2962	1
2753	2962	2963	1
2754	2963	2964	1
2755	2964	2965	1
2756	2965	2966	1
2757	2966	2967	1
2758	2967	2968	1
2759	2968	2969	1
2760	2969	2970	1
2761	2970	2971	1
2762	2971	2972	1
2763	2972	2973	1
2764	2973	2974	1
2765	2974	2975	1
2766	2975	2976	1
2767	2976	2977	1
2768	2977	2978	1
2769	2978	2979	1
2770	2979	2980	1
2771	2980	2981	1
2772	2981	2982	1
2773	2982	2983	1
2774	2983	2984	1
2775	2984	2985	1
2776	2985	2986	1
2777	2986	2987	1
2778	2987	2988	1
2779	2988	2989	1
2780	2989	2990	1
2781	2990	2991	1
2782	2991	2992	1
2783	2992	2993	1
2784	2993	2994	1
2785	2994	2995	1
2786	2995	2996	1
2787	2996	2997	1
2788	2997	2998	1
2789	2998	2999	1
2790	2999	3000	1
2791	3000	3001	1
2792	3001	3002	1
2793	3002	3003	1
2794	3003	3004	1
2795	3004	3005	1
2796	3005	3006	1
2797	3006	3007	1
2798	3007	3008	1
2799	3008	3009	1
2800	3009	3010	1
2801	3010	3011	1
2802	3011	3012	1
2803	3012	3013	1
2804	3013	3014	1
2805	3014	3015	1
2806	3015	3016	1
2807	3016	3017	1
2808	3017	3018	1
2809	3018	3019	1
2810	3019	3020	1
2811	3020	3021	1
2812	3021	3022	1
2813	3022	3023	1
2814	3023	3024	1
2815	3024	3025	1
2816	3025	3026	1
2817	3026	3027	1
2818	3027	3028	1
2819	3028	3029	1
2820	3029	3030	1
2821	3030	3031	1
2822	3031	3032	1
2823	3032	3033	1
2824	3033	3034	1
2825	3034	3035	1
2826	3035	3036	1
2827	3036	3037	1
2828	3037	3038	1
2829	3038	3039	1
2830	3039	3040	1
2831	3040	3041	1
2832	3041	3042	1
2833	3042	3043	1
2834	3043	3044	1
2835	3044	3045	1
2836	3045	3046	1
2837	3046	3047	1
2838	3047	3048	1
2839	3048	3049	1
2840	3049	3050	1
2841	3050	3051	1
2842	3051	3052	1
2843	3052	3053	1
2844	3053	3054	1
2845	3054	3055	1
2846	3055	3056	1
2847	3056	3057	1
2848	3057	3058	1
2849	3058	3059	1
2850	3059	3060	1
2851	3060	3061	1
2852	3061	3062	1
2853	3062	3063	1
2854	3063	3064	1
2855	3064	3065	1
2856	3065	3066	1
2857	3066	3067	1
2858	3067	3068	1
2859	3068	3069	1
2860	3069	3070	1
2861	3070	3071	1
2862	3071	3072	1
2863	3072	3073	1
2864	3073	3074	1
2865	3074	3075	1
2866	3075	3076	1
2867	3076	3077	1
2868	3077	3078	1
2869	3078	3079	1
2870	3079	3080	1
2871	3080	3081	1
2872	3081	3082	1
2873	3082	3083	1
2874	3083	3084	1
2875	3084	3085	1
2876	3085	3086	1
2877	3086	3087	1
2878	3087	3088	1
2879	3088	3089	1
2880	3089	3090	1
2881	3090	3091	1
2882	3091	3093	2
2883	3093	3095	2
2884	3095	3097	2
2885	3097	3099	2
2886	3099	3101	2
2887	3101	3103	2
2888	3103	3105	2
2889	3105	3107	2
2890	3107	3109	2
2891	3109	3111	2
2892	3111	3113	2
2893	3113	3115	2
2894	3115	3117	2
2895	3117	3119	2
2896	3119	3121	2
2897	3121	3123	2
2898	3123	3125	2
2899	3125	3127	2
2900	3127	3129	2
2901	3129	3131	2
2902	3131	3133	2
2903	3133	3135	2
2904	3135	3137	2
2905	3137	3139	2
2906	3139	3141	2
2907	3141	3143	2
2908	3143	3145	2
2909	3145	3147	2
2910	3147	3149	2
2911	3149	3151	2
2912	3151	3153	2
2913	3153	3155	2
2914	3155	3157	2
2915	3157	3159	2
2916	3159	3161	2
2917	3161	3163	2
2918	3163	3165	2
2919	3165	3167	2
2920	3167	3169	2
2921	3169	3171	2
2922	3171	3173	2
2923	3173	3175	2
2924	3175	3177	2
2925	3177	3179	2
2926	3179	3181	2
2927	3181	3183	2
2928	3183	3185	2
2929	3185	3187	2
2930	3187	3189	2
2931	3189	3191	2
2932	3191	3193	2
2933	3193	3195	2
2934	3195	3197	2
2935	3197	3199	2
2936	3199	3201	2
2937	3201	3203	2
2938	3203	3205	2
2939	3205	3207	2
2940	3207	3209	2
2941	3209	3211	2
2942	3211	3213	2
2943	3213	3215	2
2944	3215	3217	2
2945	3217	3219	2
2946	3219	3221	2
2947	3221	3223	2
2948	3223	3225	2
2949	3225	3227	2
2950	3227	3229	2
2951	3229	3231	2
2952	3231	3233	2
2953	3233	3235	2
2954	3235	3237	2
2955	3237	3239	2
2956	3239	3241	2
2957	3241	3243	2
2958	3243	3245	2
2959	3245	3247	2
2960	3247	3249	2
2961	3249	3251	2
2962	3251	3253	2
2963	3253	3255	2
2964	3255	3257	2
2965	3257	3259	2
2966	3259	3261	2
2967	3261	3263	2
2968	3263	3265	2
2969	3265	3267	2
2970	3267	3269	2
2971	3269	3271	2
2972	3271	3273	2
2973	3273	3275	2
2974	3275	3277	2
2975	3277	3279	2
2976	3279	3281	2
2977	3281	3283	2
2978	3283	3285	2
2979	3285	3287	2
2980	3287	3289	2
2981	3289	3291	2
2982	3291	3293	2
2983	3293	3295	2
2984	3295	3297	2
2985	3297	3299	2
2986	3299	3301	2
2987	3301	3303	2
2988	3303	3305	2
2989	3305	3307	2
2990	3307	3309	2
2991	3309	3311	2
2992	3311	3313	2
2993	3313	3315	2
2994	3315	3317	2
2995	3317	3319	2
2996	3319	3321	2
2997	3321	3323	2
2998	3323	3325	2
2999	3325	3327	2
3000	3327	3329	2
3001	3329	3331	2
3002	3331	3333	2
3003	3333	3335	2
3004	3335	3337	2
3005	3337	3339	2
3006	3339	3341	2
3007	3341	3343	2
3008	3343	3345	2
3009	3345	3347	2
3010	3347	3349	2
3011	3349	3351	2
3012	3351	3353	2
3013	3353	3355	2
3014	3355	3357	2
3015	3357	3359	2
3016	3359	3361	2
3017	3361	3363	2
3018	3363	3365	2
3019	3365	3367	2
3020	3367	3369	2
3021	3369	3371	2
3022	3371	3373	2
3023	3373	3375	2
3024	3375	3377	2
3025	3377	3379	2
3026	3379	3381	2
3027	3381	3383	2
3028	3383	3385	2
3029	3385	3387	2
3030	3387	3389	2
3031	3389	3391	2
3032	3391	3393	2
3033	3393	3395	2
3034	3395	3397	2
3035	3397	3399	2
3036	3399	3401	2
3037	3401	3403	2
3038	3403	3405	2
3039	3405	3407	2
3040	3407	3409	2
3041	3409	3411	2
3042	3411	3413	2
3043	3413	3415	2
3044	3415	3417	2
3045	3417	3419	2
3046	3419	3421	2
3047	3421	3423	2
3048	3423	3425	2
3049	3425	3427	2
3050	3427	3429	2
3051	3429	3431	2
3052	3431	3433	2
3053	3433	3435	2
3054	3435	3437	2
3055	3437	3439	2
3056	3439	3441	2
3057	3441	3443	2
3058	3443	3445	2
3059	3445	3447	2
3060	3447	3449	2
3061	3449	3451	2
3062	3451	3453	2
3063	3453	3455	2
3064	3455	3457	2
3065	3457	3459	2
3066	3459	3461	2
3067	3461	3463	2
3068	3463	3465	2
3069	3465	3467	2
3070	3467	3469	2
3071	3469	3471	2
3072	3471	3473	2
3073	3473	3475	2
3074	3475	3477	2
3075	3477	3479	2
3076	3479	3481	2
3077	3481	3483	2
3078	3483	3485	2
3079	3485	3487	2
3080	3487	3489	2
3081	3489	3491	2
3082	3491	3493	2
3083	3493	3495	2
3084	3495	3497	2
3085	3497	3499	2
3086	3499	3501	2
3087	3501	3503	2
3088	3503	3505	2
3089	3505	3507	2
3090	3507	3509	2
3091	3509	3511	2
3092	3511	3513	2
3093	3513	3515	2
3094	3515	3517	2
3095	3517	3519	2
3096	3519	3521	2
3097	3521	3523	2
3098	3523	3525	2
3099	3525	3527	2
3100	3527	3529	2
3101	3529	3531	2
3102	3531	3533	2
3103	3533	3535	2
3104	3535	3537	2
3105	3537	3539	2
3106	3539	3541	2
3107	3541	3543	2
3108	3543	3545	2
3109	3545	3547	2
3110	3547	3549	2
3111	3549	3551	2
3112	3551	3553	2
3113	3553	3555	2
3114	3555	3557	2
3115	3557	3559	2
3116	3559	3561	2
3117	3561	3563	2
3118	3563	3565	2
3119	3565	3567	2
3120	3567	3569	2
3121	3569	3571	2
3122	3571	3573	2
3123	3573	3575	2
3124	3575	3577	2
3125	3577	3579	2
3126	3579	3581	2
3127	3581	3583	2
3128	3583	3585	2
3129	3585	3587	2
3130	3587	3589	2
3131	3589	3591	2
3132	3591	3593	2
3133	3593	3595	2
3134	3595	3597	2
3135	3597	3599	2
3136	3599	3601	2
3137	3601	3603	2
3138	3603	3605	2
3139	3605	3607	2
3140	3607	3609	2
3141	3609	3611	2
3142	3611	3613	2
3143	3613	3615	2
3144	3615	3617	2
3145	3617	3619	2
3146	3619	3621	2
3147	3621	3623	2
3148	3623	3625	2
3149	3625	3627	2
3150	3627	3629	2
3151	3629	3631	2
3152	3631	3633	2
3153	3633	3635	2
3154	3635	3637	2
3155	3637	3639	2
3156	3639	3641	2
3157	3641	3643	2
3158	3643	3645	2
3159	3645	3647	2
3160	3647	3649	2
3161	3649	3651	2
3162	3651	3653	2
3163	3653	3655	2
3164	3655	3657	2
3165	3657	3659	2
3166	3659	3661	2
3167	3661	3663	2
3168	3663	3665	2
3169	3665	3667	2
3170	3667	3669	2
3171	3669	3671	2
3172	3671	3673	2
3173	3673	3675	2
3174	3675	3677	2
3175	3677	3679	2
3176	3679	3681	2
3177	3681	3683	2
3178	3683	3685	2
3179	3685	3687	2
3180	3687	3689	2
3181	3689	3691	2
3182	3691	3693	2
3183	3693	3695	2
3184	3695	3697	2
3185	3697	3699	2
3186	3699	3701	2
3187	3701	3703	2
3188	3703	3705	2
3189	3705	3707	2
3190	3707	3709	2
3191	3709	3711	2
3192	3711	3713	2
3193	3713	3715	2
3194	3715	3717	2
3195	3717	3719	2
3196	3719	3721	2
3197	3721	3723	2
3198	3723	3725	2
3199	3725	3727	2
3200	3727	3729	2
3201	3729	3731	2
3202	3731	3733	2
3203	3733	3735	2
3204	3735	3737	2
3205	3737	3739	2
3206	3739	3741	2
3207	3741	3743	2
3208	3743	3745	2
3209	3745	3747	2
3210	3747	3749	2
3211	3749	3751	2
3212	3751	3753	2
3213	3753	3755	2
3214	3755	3757	2
3215	3757	3759	2
3216	3759	3761	2
3217	3761	3763	2
3218	3763	3765	2
3219	3765	3767	2
3220	3767	3769	2
3221	3769	3771	2
3222	3771	3773	2
3223	3773	3775	2
3224	3775	3777	2
3225	3777	3779	2
3226	3779	3781	2
3227	3781	3783	2
3228	3783	3785	2
3229	3785	3787	2
3230	3787	3789	2
3231	3789	3791	2
3232	3791	3793	2
3233	3793	3795	2
3234	3795	3797	2
3235	3797	3799	2
3236	3799	3801	2
3237	3801	3803	2
3238	3803	3805	2
3239	3805	3807	2
3240	3807	3809	2
3241	3809	3811	2
3242	3811	3813	2
3243	3813	3815	2
3244	3815	3817	2
3245	3817	3819	2
3246	3819	3821	2
3247	3821	3823	2
3248	3823	3825	2
3249	3825	3827	2
3250	3827	3829	2
3251	3829	3831	2
3252	3831	3833	2
3253	3833	3835	2
3254	3835	3837	2
3255	3837	3839	2
3256	3839	3841	2
3257	3841	3843	2
3258	3843	3845	2
3259	3845	3847	2
3260	3847	3849	2
3261	3849	3851	2
3262	3851	3853	2
3263	3853	3855	2
3264	3855	3857	2
3265	3857	3859	2
3266	3859	3861	2
3267	3861	3863	2
3268	3863	3865	2
3269	3865	3867	2
3270	3867	3869	2
3271	3869	3871	2
3272	3871	3873	2
3273	3873	3875	2
3274	3875	3877	2
3275	3877	3879	2
3276	3879	3881	2
3277	3881	3883	2
3278	3883	3885	2
3279	3885	3887	2
3280	3887	3889	2
3281	3889	3891	2
3282	3891	3893	2
3283	3893	3895	2
3284	3895	3897	2
3285	3897	3899	2
3286	3899	3901	2
3287	3901	3903	2
3288	3903	3905	2
3289	3905	3907	2
3290	3907	3909	2
3291	3909	3911	2
3292	3911	3913	2
3293	3913	3915	2
3294	3915	3917	2
3295	3917	3919	2
3296	3919	3921	2
3297	3921	3923	2
3298	3923	3925	2
3299	3925	3927	2
3300	3927	3929	2
3301	3929	3931	2
3302	3931	3933	2
3303	3933	3935	2
3304	3935	3937	2
3305	3937	3939	2
3306	3939	3941	2
3307	3941	3943	2
3308	3943	3945	2
3309	3945	3947	2
3310	3947	3949	2
3311	3949	3951	2
3312	3951	3953	2
3313	3953	3955	2
3314	3955	3957	2
3315	3957	3959	2
3316	3959	3961	2
3317	3961	3963	2
3318	3963	3965	2
3319	3965	3967	2
3320	3967	3969	2
3321	3969	3971	2
3322	3971	3973	2
3323	3973	3975	2
3324	3975	3977	2
3325	3977	3979	2
3326	3979	3981	2
3327	3981	3983	2
3328	3983	3985	2
3329	3985	3987	2
3330	3987	3989	2
3331	3989	3991	2
3332	3991	3993	2
3333	3993	3995	2
3334	3995	3997	2
3335	3997	3999	2
3336	3999	4001	2
3337	4001	4003	2
3338	4003	4005	2
3339	4005	4007	2
3340	4007	4009	2
3341	4009	4011	2
3342	4011	4013	2
3343	4013	4015	2
3344	4015	4017	2
3345	4017	4019	2
3346	4019	4021	2
3347	4021	4023	2
3348	4023	4025	2
3349	4025	4027	2
3350	4027	4029	2
3351	4029	4031	2
3352	4031	4033	2
3353	4033	4035	2
3354	4035	4037	2
3355	4037	4039	2
3356	4039	4041	2
3357	4041	4043	2
3358	4043	4045	2
3359	4045	4047	2
3360	4047	4049	2
3361	4049	4051	2
3362	4051	4053	2
3363	4053	4055	2
3364	4055	4057	2
3365	4057	4059	2
3366	4059	4061	2
3367	4061	4063	2
3368	4063	4065	2
3369	4065	4067	2
3370	4067	4069	2
3371	4069	4071	2
3372	4071	4073	2
3373	4073	4075	2
3374	4075	4077	2
3375	4077	4079	2
3376	4079	4081	2
3377	4081	4083	2
3378	4083	4085	2
3379	4085	4087	2
3380	4087	4089	2
3381	4089	4091	2
3382	4091	4093	2
3383	4093	4095	2
3384	4095	4097	2
3385	4097	4099	2
3386	4099	4101	2
3387	4101	4103	2
3388	4103	4105	2
3389	4105	4107	2
3390	4107	4109	2
3391	4109	4111	2
3392	4111	4113	2
3393	4113	4115	2
3394	4115	4117	2
3395	4117	4119	2
3396	4119	4121	2
3397	4121	4123	2
3398	4123	4125	2
3399	4125	4127	2
3400	4127	4129	2
3401	4129	4131	2
3402	4131	4133	2
3403	4133	4135	2
3404	4135	4137	2
3405	4137	4139	2
3406	4139	4141	2
3407	4141	4143	2
3408	4143	4145	2
3409	4145	4147	2
3410	4147	4149	2
3411	4149	4151	2
3412	4151	4153	2
3413	4153	4155	2
3414	4155	4157	2
3415	4157	4159	2
3416	4159	4161	2
3417	4161	4163	2
3418	4163	4165	2
3419	4165	4167	2
3420	4167	4169	2
3421	4169	4171	2
3422	4171	4173	2
3423	4173	4175	2
3424	4175	4177	2
3425	4177	4179	2
3426	4179	4181	2
3427	4181	4183	2
3428	4183	4185	2
3429	4185	4187	2
3430	4187	4189	2
3431	4189	4191	2
3432	4191	4193	2
3433	4193	4195	2
3434	4195	4197	2
3435	4197	4199	2
3436	4199	4201	2
3437	4201	4203	2
3438	4203	4205	2
3439	4205	4207	2
3440	4207	4209	2
3441	4209	4211	2
3442	4211	4213	2
3443	4213	4215	2
3444	4215	4217	2
3445	4217	4219	2
3446	4219	4221	2
3447	4221	4223	2
3448	4223	4225	2
3449	4225	4227	2
3450	4227	4229	2
3451	4229	4231	2
3452	4231	4233	2
3453	4233	4235	2
3454	4235	4237	2
3455	4237	4239	2
3456	4239	4241	2
3457	4241	4243	2
3458	4243	4245	2
3459	4245	4247	2
3460	4247	4249	2
3461	4249	4251	2
3462	4251	4253	2
3463	4253	4255	2
3464	4255	4257	2
3465	4257	4259	2
3466	4259	4261	2
3467	4261	4263	2
3468	4263	4265	2
3469	4265	4267	2
3470	4267	4269	2
3471	4269	4271	2
3472	4271	4273	2
3473	4273	4275	2
3474	4275	4277	2
3475	4277	4279	2
3476	4279	4281	2
3477	4281	4283	2
3478	4283	4285	2
3479	4285	4287	2
3480	4287	4289	2
3481	4289	4291	2
3482	4291	4293	2
3483	4293	4295	2
3484	4295	4297	2
3485	4297	4299	2
3486	4299	4301	2
3487	4301	4303	2
3488	4303	4305	2
3489	4305	4307	2
3490	4307	4309	2
3491	4309	4311	2
3492	4311	4313	2
3493	4313	4315	2
3494	4315	4317	2
3495	4317	4319	2
3496	4319	4321	2
3497	4321	4323	2
3498	4323	4325	2
3499	4325	4327	2
3500	4327	4329	2
3501	4329	4331	2
3502	4331	4333	2
3503	4333	4335	2
3504	4335	4337	2
3505	4337	4339	2
3506	4339	4341	2
3507	4341	4343	2
3508	4343	4345	2
3509	4345	4347	2
3510	4347	4349	2
3511	4349	4351	2
3512	4351	4353	2
3513	4353	4355	2
3514	4355	4357	2
3515	4357	4359	2
3516	4359	4361	2
3517	4361	4363	2
3518	4363	4365	2
3519	4365	4367	2
3520	4367	4369	2
3521	4369	4371	2
3522	4371	4373	2
3523	4373	4375	2
3524	4375	4377	2
3525	4377	4379	2
3526	4379	4381	2
3527	4381	4383	2
3528	4383	4385	2
3529	4385	4387	2
3530	4387	4389	2
3531	4389	4391	2
3532	4391	4393	2
3533	4393	4395	2
3534	4395	4397	2
3535	4397	4399	2
3536	4399	4401	2
3537	4401	4403	2
3538	4403	4405	2
3539	4405	4407	2
3540	4407	4409	2
3541	4409	4411	2
3542	4411	4413	2
3543	4413	4415	2
3544	4415	4417	2
3545	4417	4419	2
3546	4419	4421	2
3547	4421	4423	2
3548	4423	4425	2
3549	4425	4427	2
3550	4427	4429	2
3551	4429	4431	2
3552	4431	4433	2
3553	4433	4435	2
3554	4435	4437	2
3555	4437	4439	2
3556	4439	4441	2
3557	4441	4443	2
3558	4443	4445	2
3559	4445	4447	2
3560	4447	4449	2
3561	4449	4451	2
3562	4451	4453	2
3563	4453	4455	2
3564	4455	4457	2
3565	4457	4459	2
3566	4459	4461	2
3567	4461	4463	2
3568	4463	4465	2
3569	4465	4467	2
3570	4467	4469	2
3571	4469	4471	2
3572	4471	4473	2
3573	4473	4475	2
3574	4475	4477	2
3575	4477	4479	2
3576	4479	4481	2
3577	4481	4483	2
3578	4483	4485	2
3579	4485	4487	2
3580	4487	4489	2
3581	4489	4491	2
3582	4491	4493	2
3583	4493	4495	2
3584	4495	4497	2
3585	4497	4499	2
3586	4499	4501	2
3587	4501	4503	2
3588	4503	4505	2
3589	4505	4507	2
3590	4507	4509	2
3591	4509	4511	2
3592	4511	4513	2
3593	4513	4515	2
3594	4515	4517	2
3595	4517	4519	2
3596	4519	4521	2
3597	4521	4523	2
3598	4523	4525	2
3599	4525	4528	3
3600	4528	4531	3
3601	4531	4534	3
3602	4534	4537	3
3603	4537	4540	3
3604	4540	4543	3
3605	4543	4546	3
3606	4546	4549	3
3607	4549	4552	3
3608	4552	4555	3
3609	4555	4558	3
3610	4558	4561	3
3611	4561	4564	3
3612	4564	4567	3
3613	4567	4570	3
3614	4570	4573	3
3615	4573	4576	3
3616	4576	4579	3
3617	4579	4582	3
3618	4582	4585	3
3619	4585	4588	3
3620	4588	4591	3
3621	4591	4594	3
3622	4594	4597	3
3623	4597	4600	3
3624	4600	4603	3
3625	4603	4606	3
3626	4606	4609	3
3627	4609	4612	3
3628	4612	4615	3
3629	4615	4618	3
3630	4618	4621	3
3631	4621	4624	3
3632	4624	4627	3
3633	4627	4630	3
3634	4630	4633	3
3635	4633	4636	3
3636	4636	4639	3
3637	4639	4642	3
3638	4642	4645	3
3639	4645	4648	3
3640	4648	4651	3
3641	4651	4654	3
3642	4654	4657	3
3643	4657	4660	3
3644	4660	4663	3
3645	4663	4666	3
3646	4666	4669	3
3647	4669	4672	3
3648	4672	4675	3
3649	4675	4678	3
3650	4678	4681	3
3651	4681	4684	3
3652	4684	4687	3
3653	4687	4690	3
3654	4690	4693	3
3655	4693	4696	3
3656	4696	4699	3
3657	4699	4702	3
3658	4702	4705	3
3659	4705	4708	3
3660	4708	4711	3
3661	4711	4714	3
3662	4714	4717	3
3663	4717	4720	3
3664	4720	4723	3
3665	4723	4726	3
3666	4726	4729	3
3667	4729	4732	3
3668	4732	4735	3
3669	4735	4738	3
3670	4738	4741	3
3671	4741	4744	3
3672	4744	4747	3
3673	4747	4750	3
3674	4750	4753	3
3675	4753	4756	3
3676	4756	4759	3
3677	4759	4762	3
3678	4762	4765	3
3679	4765	4768	3
3680	4768	4771	3
3681	4771	4774	3
3682	4774	4777	3
3683	4777	4780	3
3684	4780	4783	3
3685	4783	4786	3
3686	4786	4789	3
3687	4789	4792	3
3688	4792	4795	3
3689	4795	4798	3
3690	4798	4801	3
3691	4801	4804	3
3692	4804	4807	3
3693	4807	4810	3
3694	4810	4813	3
3695	4813	4816	3
3696	4816	4819	3
3697	4819	4822	3
3698	4822	4825	3
3699	4825	4828	3
3700	4828	4831	3
3701	4831	4834	3
3702	4834	4837	3
3703	4837	4840	3
3704	4840	4843	3
3705	4843	4846	3
3706	4846	4849	3
3707	4849	4852	3
3708	4852	4855	3
3709	4855	4858	3
3710	4858	4861	3
3711	4861	4864	3
3712	4864	4867	3
3713	4867	4870	3
3714	4870	4873	3
3715	4873	4876	3
3716	4876	4879	3
3717	4879	4882	3
3718	4882	4885	3
3719	4885	4888	3
3720	4888	4891	3
3721	4891	4894	3
3722	4894	4897	3
3723	4897	4900	3
3724	4900	4903	3
3725	4903	4906	3
3726	4906	4909	3
3727	4909	4912	3
3728	4912	4915	3
3729	4915	4918	3
3730	4918	4921	3
3731	4921	4924	3
3732	4924	4927	3
3733	4927	4930	3
3734	4930	4933	3
3735	4933	4936	3
3736	4936	4939	3
3737	4939	4942	3
3738	4942	4945	3
3739	4945	4948	3
3740	4948	4951	3
3741	4951	4954	3
3742	4954	4957	3
3743	4957	4960	3
3744	4960	4963	3
3745	4963	4966	3
3746	4966	4969	3
3747	4969	4972	3
3748	4972	4975	3
3749	4975	4978	3
3750	4978	4981	3
3751	4981	4984	3
3752	4984	4987	3
3753	4987	4990	3
3754	4990	4993	3
3755	4993	4996	3
3756	4996	4999	3
3757	4999	5002	3
3758	5002	5005	3
3759	5005	5008	3
3760	5008	5011	3
3761	5011	5014	3
3762	5014	5017	3
3763	5017	5020	3
3764	5020	5023	3
3765	5023	5026	3
3766	5026	5029	3
3767	5029	5032	3
3768	5032	5035	3
3769	5035	5038	3
3770	5038	5041	3
3771	5041	5044	3
3772	5044	5047	3
3773	5047	5050	3
3774	5050	5053	3
3775	5053	5056	3
3776	5056	5059	3
3777	5059	5062	3
3778	5062	5065	3
3779	5065	5068	3
3780	5068	5071	3
3781	5071	5074	3
3782	5074	5077	3
3783	5077	5080	3
3784	5080	5083	3
3785	5083	5086	3
3786	5086	5089	3
3787	5089	5092	3
3788	5092	5095	3
3789	5095	5098	3
3790	5098	5101	3
3791	5101	5104	3
3792	5104	5107	3
3793	5107	5110	3
3794	5110	5113	3
3795	5113	5116	3
3796	5116	5119	3
3797	5119	5122	3
3798	5122	5125	3
3799	5125	5128	3
3800	5128	5131	3
3801	5131	5134	3
3802	5134	5137	3
3803	5137	5140	3
3804	5140	5143	3
3805	5143	5146	3
3806	5146	5149	3
3807	5149	5152	3
3808	5152	5155	3
3809	5155	5158	3
3810	5158	5161	3
3811	5161	5164	3
3812	5164	5167	3
3813	5167	5170	3
3814	5170	5173	3
3815	5173	5176	3
3816	5176	5179	3
3817	5179	5182	3
3818	5182	5185	3
3819	5185	5188	3
3820	5188	5191	3
3821	5191	5194	3
3822	5194	5197	3
3823	5197	5200	3
3824	5200	5203	3
3825	5203	5206	3
3826	5206	5209	3
3827	5209	5212	3
3828	5212	5215	3
3829	5215	5218	3
3830	5218	5221	3
3831	5221	5224	3
3832	5224	5227	3
3833	5227	5230	3
3834	5230	5233	3
3835	5233	5236	3
3836	5236	5239	3
3837	5239	5242	3
3838	5242	5245	3
3839	5245	5248	3
3840	5248	5251	3
3841	5251	5254	3
3842	5254	5257	3
3843	5257	5260	3
3844	5260	5263	3
3845	5263	5266	3
3846	5266	5269	3
3847	5269	5272	3
3848	5272	5275	3
3849	5275	5278	3
3850	5278	5281	3
3851	5281	5284	3
3852	5284	5287	3
3853	5287	5290	3
3854	5290	5293	3
3855	5293	5296	3
3856	5296	5299	3
3857	5299	5302	3
3858	5302	5305	3
3859	5305	5308	3
3860	5308	5311	3
3861	5311	5314	3
3862	5314	5317	3
3863	5317	5320	3
3864	5320	5323	3
3865	5323	5326	3
3866	5326	5329	3
3867	5329	5332	3
3868	5332	5335	3
3869	5335	5338	3
3870	5338	5341	3
3871	5341	5344	3
3872	5344	5347	3
3873	5347	5350	3
3874	5350	5353	3
3875	5353	5356	3
3876	5356	5359	3
3877	5359	5362	3
3878	5362	5365	3
3879	5365	5368	3
3880	5368	5371	3
3881	5371	5374	3
3882	5374	5377	3
3883	5377	5380	3
3884	5380	5383	3
3885	5383	5386	3
3886	5386	5389	3
3887	5389	5392	3
3888	5392	5395	3
3889	5395	5398	3
3890	5398	5401	3
3891	5401	5404	3
3892	5404	5407	3
3893	5407	5410	3
3894	5410	5413	3
3895	5413	5416	3
3896	5416	5419	3
3897	5419	5422	3
3898	5422	5425	3
3899	5425	5428	3
3900	5428	5431	3
3901	5431	5434	3
3902	5434	5437	3
3903	5437	5440	3
3904	5440	5443	3
3905	5443	5446	3
3906	5446	5449	3
3907	5449	5452	3
3908	5452	5455	3
3909	5455	5458	3
3910	5458	5461	3
3911	5461	5464	3
3912	5464	5467	3
3913	5467	5470	3
3914	5470	5473	3
3915	5473	5476	3
3916	5476	5479	3
3917	5479	5482	3
3918	5482	5485	3
3919	5485	5488	3
3920	5488	5491	3
3921	5491	5494	3
3922	5494	5497	3
3923	5497	5500	3
3924	5500	5503	3
3925	5503	5506	3
3926	5506	5509	3
3927	5509	5512	3
3928	5512	5515	3
3929	5515	5518	3
3930	5518	5521	3
3931	5521	5524	3
3932	5524	5527	3
3933	5527	5530	3
3934	5530	5533	3
3935	5533	5536	3
3936	5536	5539	3
3937	5539	5542	3
3938	5542	5545	3
3939	5545	5548	3
3940	5548	5551	3
3941	5551	5554	3
3942	5554	5557	3
3943	5557	5560	3
3944	5560	5563	3
3945	5563	5566	3
3946	5566	5569	3
3947	5569	5572	3
3948	5572	5575	3
3949	5575	5578	3
3950	5578	5581	3
3951	5581	5584	3
3952	5584	5587	3
3953	5587	5590	3
3954	5590	5594	4
3955	5594	5598	4
3956	5598	5602	4
3957	5602	5606	4
3958	5606	5610	4
3959	5610	5614	4
3960	5614	5618	4
3961	5618	5622	4
3962	5622	5626	4
3963	5626	5630	4
3964	5630	5634	4
3965	5634	5638	4
3966	5638	5642	4
3967	5642	5646	4
3968	5646	5650	4
3969	5650	5654	4
3970	5654	5658	4
3971	5658	5662	4
3972	5662	5666	4
3973	5666	5670	4
3974	5670	5674	4
3975	5674	5678	4
3976	5678	5682	4
3977	5682	5686	4
3978	5686	5690	4
3979	5690	5694	4
3980	5694	5698	4
3981	5698	5702	4
3982	5702	5706	4
3983	5706	5710	4
3984	5710	5714	4
3985	5714	5718	4
3986	5718	5722	4
3987	5722	5726	4
3988	5726	5730	4
3989	5730	5734	4
3990	5734	5738	4
3991	5738	5742	4
3992	5742	5746	4
3993	5746	5750	4
3994	5750	5754	4
3995	5754	5758	4
3996	5758	5762	4
3997	5762	5766	4
3998	5766	5770	4
3999	5770	5774	4
4000	5774	5778	4
4001	5778	5782	4
4002	5782	5786	4
4003	5786	5790	4
4004	5790	5794	4
4005	5794	5798	4
4006	5798	5802	4
4007	5802	5806	4
4008	5806	5810	4
4009	5810	5814	4
4010	5814	5818	4
4011	5818	5822	4
4012	5822	5826	4
4013	5826	5830	4
4014	5830	5834	4
4015	5834	5838	4
4016	5838	5842	4
4017	5842	5846	4
4018	5846	5850	4
4019	5850	5854	4
4020	5854	5858	4
4021	5858	5862	4
4022	5862	5866	4
4023	5866	5870	4
4024	5870	5874	4
4025	5874	5878	4
4026	5878	5882	4
4027	5882	5886	4
4028	5886	5890	4
4029	5890	5894	4
4030	5894	5898	4
4031	5898	5902	4
4032	5902	5906	4
4033	5906	5910	4
4034	5910	5914	4
4035	5914	5918	4
4036	5918	5922	4
4037	5922	5926	4
4038	5926	5930	4
4039	5930	5934	4
4040	5934	5938	4
4041	5938	5942	4
4042	5942	5946	4
4043	5946	5950	4
4044	5950	5954	4
4045	5954	5958	4
4046	5958	5962	4
4047	5962	5966	4
4048	5966	5970	4
4049	5970	5974	4
4050	5974	5978	4
4051	5978	5982	4
4052	5982	5986	4
4053	5986	5990	4
4054	5990	5994	4
4055	5994	5998	4
4056	5998	6002	4
4057	6002	6006	4
4058	6006	6010	4
4059	6010	6014	4
4060	6014	6018	4
4061	6018	6022	4
4062	6022	6026	4
4063	6026	6030	4
4064	6030	6034	4
4065	6034	6038	4
4066	6038	6042	4
4067	6042	6046	4
4068	6046	6050	4
4069	6050	6054	4
4070	6054	6058	4
4071	6058	6062	4
4072	6062	6066	4
4073	6066	6070	4
4074	6070	6074	4
4075	6074	6078	4
4076	6078	6082	4
4077	6082	6086	4
4078	6086	6090	4
4079	6090	6094	4
4080	6094	6098	4
4081	6098	6102	4
4082	6102	6106	4
4083	6106	6110	4
4084	6110	6114	4
4085	6114	6118	4
4086	6118	6122	4
4087	6122	6126	4
4088	6126	6130	4
4089	6130	6134	4
4090	6134	6138	4
4091	6138	6142	4
4092	6142	6146	4
4093	6146	6150	4
4094	6150	6154	4
4095	6154	6158	4
4096	6158	6162	4
4097	6162	6166	4
4098	6166	6170	4
4099	6170	6174	4
4100	6174	6178	4
4101	6178	6182	4
4102	6182	6186	4
4103	6186	6190	4
4104	6190	6194	4
4105	6194	6198	4
4106	6198	6202	4
4107	6202	6206	4
4108	6206	6210	4
4109	6210	6214	4
4110	6214	6218	4
4111	6218	6222	4
4112	6222	6226	4
4113	6226	6230	4
4114	6230	6234	4
4115	6234	6238	4
4116	6238	6242	4
4117	6242	6246	4
4118	6246	6250	4
4119	6250	6254	4
4120	6254	6258	4
4121	6258	6262	4
4122	6262	6266	4
4123	6266	6270	4
4124	6270	6274	4
4125	6274	6278	4
4126	6278	6282	4
4127	6282	6286	4
4128	6286	6290	4
4129	6290	6294	4
4130	6294	6298	4
4131	6298	6302	4
4132	6302	6306	4
4133	6306	6310	4
4134	6310	6314	4
4135	6314	6318	4
4136	6318	6322	4
4137	6322	6326	4
4138	6326	6330	4
4139	6330	6334	4
4140	6334	6338	4
4141	6338	6342	4
4142	6342	6346	4
4143	6346	6350	4
4144	6350	6354	4
4145	6354	6358	4
4146	6358	6362	4
4147	6362	6366	4
4148	6366	6370	4
4149	6370	6374	4
4150	6374	6378	4
4151	6378	6382	4
4152	6382	6386	4
4153	6386	6390	4
4154	6390	6394	4
4155	6394	6398	4
4156	6398	6402	4
4157	6402	6406	4
4158	6406	6410	4
4159	6410	6414	4
4160	6414	6419	5
4161	6419	6424	5
4162	6424	6429	5
4163	6429	6434	5
4164	6434	6439	5
4165	6439	6444	5
4166	6444	6449	5
4167	6449	6454	5
4168	6454	6459	5
4169	6459	6464	5
4170	6464	6469	5
4171	6469	6474	5
4172	6474	6479	5
4173	6479	6484	5
4174	6484	6489	5
4175	6489	6494	5
4176	6494	6499	5
4177	6499	6504	5
4178	6504	6509	5
4179	6509	6514	5
4180	6514	6519	5
4181	6519	6524	5
4182	6524	6529	5
4183	6529	6534	5
4184	6534	6539	5
4185	6539	6544	5
4186	6544	6549	5
4187	6549	6554	5
4188	6554	6559	5
4189	6559	6564	5
4190	6564	6569	5
4191	6569	6574	5
4192	6574	6579	5
4193	6579	6584	5
4194	6584	6589	5
4195	6589	6594	5
4196	6594	6599	5
4197	6599	6604	5
4198	6604	6609	5
4199	6609	6614	5
4200	6614	6619	5
4201	6619	6624	5
4202	6624	6629	5
4203	6629	6634	5
4204	6634	6639	5
4205	6639	6644	5
4206	6644	6649	5
4207	6649	6654	5
4208	6654	6659	5
4209	6659	6664	5
4210	6664	6669	5
4211	6669	6674	5
4212	6674	6679	5
4213	6679	6684	5
4214	6684	6689	5
4215	6689	6694	5
4216	6694	6699	5
4217	6699	6704	5
4218	6704	6709	5
4219	6709	6714	5
4220	6714	6719	5
4221	6719	6724	5
4222	6724	6729	5
4223	6729	6734	5
4224	6734	6739	5
4225	6739	6744	5
4226	6744	6749	5
4227	6749	6754	5
4228	6754	6759	5
4229	6759	6764	5
4230	6764	6769	5
4231	6769	6774	5
4232	6774	6779	5
4233	6779	6784	5
4234	6784	6789	5
4235	6789	6794	5
4236	6794	6799	5
4237	6799	6804	5
4238	6804	6809	5
4239	6809	6814	5
4240	6814	6819	5
4241	6819	6824	5
4242	6824	6829	5
4243	6829	6834	5
4244	6834	6839	5
4245	6839	6844	5
4246	6844	6849	5
4247	6849	6854	5
4248	6854	6859	5
4249	6859	6864	5
4250	6864	6869	5
4251	6869	6874	5
4252	6874	6879	5
4253	6879	6884	5
4254	6884	6889	5
4255	6889	6894	5
4256	6894	6899	5
4257	6899	6904	5
4258	6904	6909	5
4259	6909	6914	5
4260	6914	6919	5
4261	6919	6924	5
4262	6924	6929	5
4263	6929	6934	5
4264	6934	6939	5
4265	6939	6944	5
4266	6944	6949	5
4267	6949	6954	5
4268	6954	6959	5
4269	6959	6964	5
4270	6964	6969	5
4271	6969	6974	5
4272	6974	6979	5
4273	6979	6984	5
4274	6984	6989	5
4275	6989	6994	5
4276	6994	6999	5
4277	6999	7004	5
4278	7004	7009	5
4279	7009	7014	5
4280	7014	7019	5
4281	7019	7024	5
4282	7024	7029	5
4283	7029	7034	5
4284	7034	7039	5
4285	7039	7044	5
4286	7044	7049	5
4287	7049	7054	5
4288	7054	7059	5
4289	7059	7064	5
4290	7064	7069	5
4291	7069	7074	5
4292	7074	7079	5
4293	7079	7084	5
4294	7084	7089	5
4295	7089	7094	5
4296	7094	7099	5
4297	7099	7104	5
4298	7104	7109	5
4299	7109	7114	5
4300	7114	7119	5
4301	7119	7124	5
4302	7124	7129	5
4303	7129	7134	5
4304	7134	7139	5
4305	7139	7144	5
4306	7144	7149	5
4307	7149	7154	5
4308	7154	7159	5
4309	7159	7164	5
4310	7164	7169	5
4311	7169	7174	5
4312	7174	7179	5
4313	7179	7184	5
4314	7184	7189	5
4315	7189	7194	5
4316	7194	7199	5
4317	7199	7204	5
4318	7204	7209	5
4319	7209	7214	5
4320	7214	7219	5
4321	7219	7224	5
4322	7224	7229	5
4323	7229	7234	5
4324	7234	7239	5
4325	7239	7244	5
4326	7244	7249	5
4327	7249	7254	5
4328	7254	7259	5
4329	7259	7264	5
4330	7264	7270	6
4331	7270	7276	6
4332	7276	7282	6
4333	7282	7288	6
4334	7288	7294	6
4335	7294	7300	6
4336	7300	7306	6
4337	7306	7312	6
4338	7312	7318	6
4339	7318	7324	6
4340	7324	7330	6
4341	7330	7336	6
4342	7336	7342	6
4343	7342	7348	6
4344	7348	7354	6
4345	7354	7360	6
4346	7360	7366	6
4347	7366	7372	6
4348	7372	7378	6
4349	7378	7384	6
4350	7384	7390	6
4351	7390	7396	6
4352	7396	7402	6
4353	7402	7408	6
4354	7408	7414	6
4355	7414	7420	6
4356	7420	7426	6
4357	7426	7432	6
4358	7432	7438	6
4359	7438	7444	6
4360	7444	7450	6
4361	7450	7456	6
4362	7456	7462	6
4363	7462	7468	6
4364	7468	7474	6
4365	7474	7480	6
4366	7480	7486	6
4367	7486	7492	6
4368	7492	7498	6
4369	7498	7504	6
4370	7504	7510	6
4371	7510	7516	6
4372	7516	7522	6
4373	7522	7528	6
4374	7528	7534	6
4375	7534	7540	6
4376	7540	7546	6
4377	7546	7552	6
4378	7552	7558	6
4379	7558	7564	6
4380	7564	7570	6
4381	7570	7576	6
4382	7576	7582	6
4383	7582	7588	6
4384	7588	7594	6
4385	7594	7600	6
4386	7600	7606	6
4387	7606	7612	6
4388	7612	7618	6
4389	7618	7624	6
4390	7624	7630	6
4391	7630	7636	6
4392	7636	7642	6
4393	7642	7648	6
4394	7648	7654	6
4395	7654	7660	6
4396	7660	7666	6
4397	7666	7672	6
4398	7672	7678	6
4399	7678	7684	6
4400	7684	7690	6
4401	7690	7696	6
4402	7696	7702	6
4403	7702	7708	6
4404	7708	7714	6
4405	7714	7720	6
4406	7720	7726	6
4407	7726	7732	6
4408	7732	7738	6
4409	7738	7744	6
4410	7744	7750	6
4411	7750	7756	6
4412	7756	7762	6
4413	7762	7768	6
4414	7768	7774	6
4415	7774	7780	6
4416	7780	7786	6
4417	7786	7792	6
4418	7792	7798	6
4419	7798	7804	6
4420	7804	7810	6
4421	7810	7816	6
4422	7816	7822	6
4423	7822	7828	6
4424	7828	7834	6
4425	7834	7840	6
4426	7840	7846	6
4427	7846	7852	6
4428	7852	7858	6
4429	7858	7864	6
4430	7864	7870	6
4431	7870	7877	7
4432	7877	7884	7
4433	7884	7891	7
4434	7891	7898	7
4435	7898	7905	7
4436	7905	7912	7
4437	7912	7919	7
4438	7919	7926	7
4439	7926	7933	7
4440	7933	7940	7
4441	7940	7947	7
4442	7947	7954	7
4443	7954	7961	7
4444	7961	7968	7
4445	7968	7975	7
4446	7975	7982	7
4447	7982	7989	7
4448	7989	7996	7
4449	7996	8003	7
4450	8003	8010	7
4451	8010	8017	7
4452	8017	8024	7
4453	8024	8031	7
4454	8031	8038	7
4455	8038	8045	7
4456	8045	8052	7
4457	8052	8059	7
4458	8059	8066	7
4459	8066	8073	7
4460	8073	8080	7
4461	8080	8087	7
4462	8087	8094	7
4463	8094	8101	7
4464	8101	8108	7
4465	8108	8115	7
4466	8115	8122	7
4467	8122	8129	7
4468	8129	8136	7
4469	8136	8143	7
4470	8143	8150	7
4471	8150	8157	7
4472	8157	8164	7
4473	8164	8171	7
4474	8171	8178	7
4475	8178	8185	7
4476	8185	8192	7
4477	8192	8199	7
4478	8199	8206	7
4479	8206	8213	7
4480	8213	8220	7
4481	8220	8227	7
4482	8227	8234	7
4483	8234	8241	7
4484	8241	8248	7
4485	8248	8255	7
4486	8255	8262	7
4487	8262	8269	7
4488	8269	8276	7
4489	8276	8283	7
4490	8283	8290	7
4491	8290	8297	7
4492	8297	8304	7
4493	8304	8311	7
4494	8311	8318	7
4495	8318	8325	7
4496	8325	8332	7
4497	8332	8339	7
4498	8339	8346	7
4499	8346	8353	7
4500	8353	8360	7
4501	8360	8367	7
4502	8367	8374	7
4503	8374	8381	7
4504	8381	8388	7
4505	8388	8395	7
4506	8395	8402	7
4507	8402	8409	7
4508	8409	8416	7
4509	8416	8423	7
4510	8423	8430	7
4511	8430	8437	7
4512	8437	8444	7
4513	8444	8451	7
4514	8451	8458	7
4515	8458	8465	7
4516	8465	8472	7
4517	8472	8479	7
4518	8479	8486	7
4519	8486	8493	7
4520	8493	8500	7
4521	8500	8507	7
4522	8507	8514	7
4523	8514	8521	7
4524	8521	8528	7
4525	8528	8535	7
4526	8535	8542	7
4527	8542	8549	7
4528	8549	8556	7
4529	8556	8563	7
4530	8563	8570	7
4531	8570	8577	7
4532	8577	8584	7
4533	8584	8591	7
4534	8591	8598	7
4535	8598	8606	8
4536	8606	8614	8
4537	8614	8622	8
4538	8622	8630	8
4539	8630	8638	8
4540	8638	8646	8
4541	8646	8654	8
4542	8654	8662	8
4543	8662	8670	8
4544	8670	8678	8
4545	8678	8686	8
4546	8686	8694	8
4547	8694	8702	8
4548	8702	8710	8
4549	8710	8718	8
4550	8718	8726	8
4551	8726	8734	8
4552	8734	8742	8
4553	8742	8750	8
4554	8750	8758	8
4555	8758	8766	8
4556	8766	8774	8
4557	8774	8782	8
4558	8782	8790	8
4559	8790	8798	8
4560	8798	8806	8
4561	8806	8814	8
4562	8814	8822	8
4563	8822	8830	8
4564	8830	8838	8
4565	8838	8846	8
4566	8846	8854	8
4567	8854	8862	8
4568	8862	8870	8
4569	8870	8878	8
4570	8878	8886	8
4571	8886	8894	8
4572	8894	8902	8
4573	8902	8910	8
4574	8910	8918	8
4575	8918	8926	8
4576	8926	8934	8
4577	8934	8942	8
4578	8942	8950	8
4579	8950	8958	8
4580	8958	8966	8
4581	8966	8974	8
4582	8974	8982	8
4583	8982	8990	8
4584	8990	8998	8
4585	8998	9006	8
4586	9006	9014	8
4587	9014	9022	8
4588	9022	9030	8
4589	9030	9038	8
4590	9038	9046	8
4591	9046	9054	8
4592	9054	9062	8
4593	9062	9070	8
4594	9070	9078	8
4595	9078	9086	8
4596	9086	9094	8
4597	9094	9102	8
4598	9102	9110	8
4599	9110	9118	8
4600	9118	9126	8
4601	9126	9134	8
4602	9134	9142	8
4603	9142	9150	8
4604	9150	9158	8
4605	9158	9166	8
4606	9166	9174	8
4607	9174	9182	8
4608	9182	9190	8
4609	9190	9198	8
4610	9198	9206	8
4611	9206	9215	9
4612	9215	9224	9
4613	9224	9233	9
4614	9233	9242	9
4615	9242	9251	9
4616	9251	9260	9
4617	9260	9269	9
4618	9269	9278	9
4619	9278	9287	9
4620	9287	9296	9
4621	9296	9305	9
4622	9305	9314	9
4623	9314	9323	9
4624	9323	9332	9
4625	9332	9341	9
4626	9341	9350	9
4627	9350	9359	9
4628	9359	9368	9
4629	9368	9377	9
4630	9377	9386	9
4631	9386	9395	9
4632	9395	9404	9
4633	9404	9413	9
4634	9413	9422	9
4635	9422	9431	9
4636	9431	9440	9
4637	9440	9449	9
4638	9449	9458	9
4639	9458	9467	9
4640	9467	9476	9
4641	9476	9485	9
4642	9485	9494	9
4643	9494	9503	9
4644	9503	9512	9
4645	9512	9521	9
4646	9521	9530	9
4647	9530	9539	9
4648	9539	9548	9
4649	9548	9557	9
4650	9557	9566	9
4651	9566	9575	9
4652	9575	9584	9
4653	9584	9593	9
4654	9593	9602	9
4655	9602	9611	9
4656	9611	9620	9
4657	9620	9629	9
4658	9629	9638	9
4659	9638	9647	9
4660	9647	9656	9
4661	9656	9665	9
4662	9665	9674	9
4663	9674	9683	9
4664	9683	9692	9
4665	9692	9701	9
4666	9701	9711	10
4667	9711	9721	10
4668	9721	9731	10
4669	9731	9741	10
4670	9741	9751	10
4671	9751	9761	10
4672	9761	9771	10
4673	9771	9781	10
4674	9781	9791	10
4675	9791	9801	10
4676	9801	9811	10
4677	9811	9821	10
4678	9821	9831	10
4679	9831	9841	10
4680	9841	9851	10
4681	9851	9861	10
4682	9861	9871	10
4683	9871	9881	10
4684	9881	9891	10
4685	9891	9901	10
4686	9901	9911	10
4687	9911	9921	10
4688	9921	9931	10
4689	9931	9941	10
4690	9941	9951	10
4691	9951	9961	10
4692	9961	9971	10
4693	9971	9981	10
4694	9981	9991	10
4695	9991	10001	10
4696	10001	10011	10
4697	10011	10021	10
4698	10021	10031	10
4699	10031	10041	10
4700	10041	10051	10
4701	10051	10061	10
4702	10061	10071	10
4703	10071	10081	10
4704	10081	10091	10
4705	10091	10101	10
4706	10101	10111	10
4707	10111	10121	10
4708	10121	10131	10
4709	10131	10141	10
4710	10141	10151	10
4711	10151	10161	10
4712	10161	10171	10
4713	10171	10181	10
4714	10181	10192	11
4715	10192	10203	11
