#
#N Pointing	tstart	tend	Obs time
#		s
1	210	212	2
2	212	214	2
3	214	216	2
4	216	218	2
5	218	220	2
6	220	222	2
7	222	224	2
8	224	226	2
9	226	228	2
10	228	230	2
11	230	232	2
12	232	234	2
13	234	236	2
14	236	238	2
15	238	240	2
16	240	242	2
17	242	244	2
18	244	246	2
19	246	248	2
20	248	250	2
21	250	252	2
22	252	254	2
23	254	256	2
24	256	258	2
25	258	260	2
26	260	262	2
27	262	264	2
28	264	266	2
29	266	268	2
30	268	270	2
31	270	272	2
32	272	274	2
33	274	276	2
34	276	278	2
35	278	280	2
36	280	282	2
37	282	284	2
38	284	286	2
39	286	288	2
40	288	290	2
41	290	292	2
42	292	294	2
43	294	296	2
44	296	298	2
45	298	300	2
46	300	302	2
47	302	304	2
48	304	306	2
49	306	308	2
50	308	310	2
51	310	312	2
52	312	314	2
53	314	316	2
54	316	318	2
55	318	320	2
56	320	322	2
57	322	324	2
58	324	326	2
59	326	328	2
60	328	330	2
61	330	332	2
62	332	334	2
63	334	336	2
64	336	338	2
65	338	340	2
66	340	342	2
67	342	344	2
68	344	346	2
69	346	348	2
70	348	350	2
71	350	352	2
72	352	354	2
73	354	356	2
74	356	358	2
75	358	360	2
76	360	362	2
77	362	364	2
78	364	366	2
79	366	368	2
80	368	370	2
81	370	372	2
82	372	374	2
83	374	376	2
84	376	378	2
85	378	380	2
86	380	382	2
87	382	384	2
88	384	386	2
89	386	388	2
90	388	390	2
91	390	392	2
92	392	394	2
93	394	396	2
94	396	398	2
95	398	400	2
96	400	402	2
97	402	404	2
98	404	406	2
99	406	408	2
100	408	410	2
101	410	412	2
102	412	414	2
103	414	416	2
104	416	418	2
105	418	420	2
106	420	422	2
107	422	424	2
108	424	426	2
109	426	428	2
110	428	430	2
111	430	432	2
112	432	434	2
113	434	436	2
114	436	438	2
115	438	440	2
116	440	442	2
117	442	444	2
118	444	446	2
119	446	448	2
120	448	451	3
121	451	454	3
122	454	457	3
123	457	460	3
124	460	463	3
125	463	466	3
126	466	469	3
127	469	472	3
128	472	475	3
129	475	478	3
130	478	481	3
131	481	484	3
132	484	487	3
133	487	490	3
134	490	493	3
135	493	496	3
136	496	499	3
137	499	502	3
138	502	505	3
139	505	508	3
140	508	511	3
141	511	514	3
142	514	517	3
143	517	520	3
144	520	523	3
145	523	526	3
146	526	529	3
147	529	532	3
148	532	535	3
149	535	538	3
150	538	541	3
151	541	544	3
152	544	547	3
153	547	550	3
154	550	553	3
155	553	556	3
156	556	559	3
157	559	562	3
158	562	565	3
159	565	568	3
160	568	571	3
161	571	574	3
162	574	577	3
163	577	580	3
164	580	583	3
165	583	586	3
166	586	589	3
167	589	592	3
168	592	595	3
169	595	598	3
170	598	601	3
171	601	604	3
172	604	607	3
173	607	610	3
174	610	613	3
175	613	616	3
176	616	619	3
177	619	622	3
178	622	625	3
179	625	628	3
180	628	631	3
181	631	634	3
182	634	637	3
183	637	640	3
184	640	643	3
185	643	646	3
186	646	649	3
187	649	652	3
188	652	655	3
189	655	658	3
190	658	661	3
191	661	664	3
192	664	667	3
193	667	670	3
194	670	673	3
195	673	676	3
196	676	679	3
197	679	682	3
198	682	685	3
199	685	688	3
200	688	691	3
201	691	694	3
202	694	697	3
203	697	700	3
204	700	703	3
205	703	706	3
206	706	709	3
207	709	712	3
208	712	715	3
209	715	718	3
210	718	721	3
211	721	724	3
212	724	727	3
213	727	730	3
214	730	733	3
215	733	736	3
216	736	739	3
217	739	742	3
218	742	745	3
219	745	748	3
220	748	751	3
221	751	754	3
222	754	757	3
223	757	760	3
224	760	763	3
225	763	766	3
226	766	769	3
227	769	772	3
228	772	775	3
229	775	778	3
230	778	781	3
231	781	784	3
232	784	787	3
233	787	790	3
234	790	793	3
235	793	796	3
236	796	799	3
237	799	802	3
238	802	805	3
239	805	808	3
240	808	811	3
241	811	814	3
242	814	817	3
243	817	820	3
244	820	823	3
245	823	827	4
246	827	831	4
247	831	835	4
248	835	839	4
249	839	843	4
250	843	847	4
251	847	851	4
252	851	855	4
253	855	859	4
254	859	863	4
255	863	867	4
256	867	871	4
257	871	875	4
258	875	879	4
259	879	883	4
260	883	887	4
261	887	891	4
262	891	895	4
263	895	899	4
264	899	903	4
265	903	907	4
266	907	911	4
267	911	915	4
268	915	919	4
269	919	923	4
270	923	927	4
271	927	931	4
272	931	935	4
273	935	939	4
274	939	943	4
275	943	947	4
276	947	951	4
277	951	955	4
278	955	959	4
279	959	963	4
280	963	967	4
281	967	971	4
282	971	975	4
283	975	979	4
284	979	983	4
285	983	987	4
286	987	991	4
287	991	995	4
288	995	999	4
289	999	1003	4
290	1003	1007	4
291	1007	1011	4
292	1011	1015	4
293	1015	1019	4
294	1019	1023	4
295	1023	1027	4
296	1027	1031	4
297	1031	1035	4
298	1035	1039	4
299	1039	1043	4
300	1043	1047	4
301	1047	1051	4
302	1051	1056	5
303	1056	1061	5
304	1061	1066	5
305	1066	1071	5
306	1071	1076	5
307	1076	1081	5
308	1081	1086	5
309	1086	1091	5
310	1091	1096	5
311	1096	1101	5
312	1101	1106	5
313	1106	1111	5
314	1111	1116	5
315	1116	1121	5
316	1121	1126	5
317	1126	1131	5
318	1131	1136	5
319	1136	1141	5
320	1141	1146	5
321	1146	1151	5
322	1151	1156	5
323	1156	1161	5
324	1161	1166	5
325	1166	1171	5
326	1171	1176	5
327	1176	1181	5
328	1181	1186	5
329	1186	1191	5
330	1191	1196	5
331	1196	1201	5
332	1201	1206	5
333	1206	1211	5
334	1211	1216	5
335	1216	1221	5
336	1221	1226	5
337	1226	1231	5
338	1231	1236	5
339	1236	1241	5
340	1241	1246	5
341	1246	1251	5
342	1251	1256	5
343	1256	1261	5
344	1261	1266	5
345	1266	1271	5
346	1271	1276	5
347	1276	1281	5
348	1281	1286	5
349	1286	1291	5
350	1291	1296	5
351	1296	1301	5
352	1301	1306	5
353	1306	1311	5
354	1311	1316	5
355	1316	1321	5
356	1321	1326	5
357	1326	1331	5
358	1331	1337	6
359	1337	1343	6
360	1343	1349	6
361	1349	1355	6
362	1355	1361	6
363	1361	1367	6
364	1367	1373	6
365	1373	1379	6
366	1379	1385	6
367	1385	1391	6
368	1391	1397	6
369	1397	1403	6
370	1403	1409	6
371	1409	1415	6
372	1415	1421	6
373	1421	1427	6
374	1427	1433	6
375	1433	1439	6
376	1439	1445	6
377	1445	1451	6
378	1451	1457	6
379	1457	1463	6
380	1463	1469	6
381	1469	1475	6
382	1475	1481	6
383	1481	1487	6
384	1487	1493	6
385	1493	1499	6
386	1499	1505	6
387	1505	1511	6
388	1511	1517	6
389	1517	1523	6
390	1523	1529	6
391	1529	1535	6
392	1535	1541	6
393	1541	1547	6
394	1547	1553	6
395	1553	1559	6
396	1559	1565	6
397	1565	1571	6
398	1571	1578	7
399	1578	1585	7
400	1585	1592	7
401	1592	1599	7
402	1599	1606	7
403	1606	1613	7
404	1613	1620	7
405	1620	1627	7
406	1627	1634	7
407	1634	1641	7
408	1641	1648	7
409	1648	1655	7
410	1655	1662	7
411	1662	1669	7
412	1669	1676	7
413	1676	1683	7
414	1683	1690	7
415	1690	1697	7
416	1697	1704	7
417	1704	1711	7
418	1711	1718	7
419	1718	1725	7
420	1725	1732	7
421	1732	1739	7
422	1739	1746	7
423	1746	1753	7
424	1753	1760	7
425	1760	1767	7
426	1767	1774	7
427	1774	1781	7
428	1781	1788	7
429	1788	1795	7
430	1795	1802	7
431	1802	1809	7
432	1809	1817	8
433	1817	1825	8
434	1825	1833	8
435	1833	1841	8
436	1841	1849	8
437	1849	1857	8
438	1857	1865	8
439	1865	1873	8
440	1873	1881	8
441	1881	1889	8
442	1889	1897	8
443	1897	1905	8
444	1905	1913	8
445	1913	1921	8
446	1921	1929	8
447	1929	1937	8
448	1937	1945	8
449	1945	1953	8
450	1953	1961	8
451	1961	1969	8
452	1969	1977	8
453	1977	1985	8
454	1985	1993	8
455	1993	2002	9
456	2002	2011	9
457	2011	2020	9
458	2020	2029	9
459	2029	2038	9
460	2038	2047	9
461	2047	2056	9
462	2056	2065	9
463	2065	2074	9
464	2074	2083	9
465	2083	2092	9
466	2092	2101	9
467	2101	2110	9
468	2110	2119	9
469	2119	2128	9
470	2128	2137	9
471	2137	2146	9
472	2146	2155	9
473	2155	2164	9
474	2164	2173	9
475	2173	2182	9
476	2182	2191	9
477	2191	2200	9
478	2200	2209	9
479	2209	2219	10
480	2219	2229	10
481	2229	2239	10
482	2239	2249	10
483	2249	2259	10
484	2259	2269	10
485	2269	2279	10
486	2279	2289	10
487	2289	2299	10
488	2299	2309	10
489	2309	2319	10
490	2319	2329	10
491	2329	2339	10
492	2339	2349	10
493	2349	2359	10
494	2359	2369	10
495	2369	2379	10
496	2379	2389	10
497	2389	2400	11
498	2400	2411	11
499	2411	2422	11
500	2422	2433	11
501	2433	2444	11
502	2444	2455	11
503	2455	2466	11
504	2466	2477	11
505	2477	2488	11
506	2488	2499	11
507	2499	2510	11
508	2510	2521	11
509	2521	2532	11
510	2532	2543	11
511	2543	2555	12
512	2555	2567	12
513	2567	2579	12
514	2579	2591	12
515	2591	2603	12
516	2603	2615	12
517	2615	2627	12
518	2627	2639	12
519	2639	2651	12
520	2651	2663	12
521	2663	2675	12
522	2675	2687	12
523	2687	2700	13
524	2700	2713	13
525	2713	2726	13
526	2726	2739	13
527	2739	2752	13
528	2752	2765	13
529	2765	2778	13
530	2778	2791	13
531	2791	2804	13
532	2804	2817	13
533	2817	2831	14
534	2831	2845	14
535	2845	2859	14
536	2859	2873	14
537	2873	2887	14
538	2887	2901	14
539	2901	2915	14
540	2915	2929	14
541	2929	2944	15
542	2944	2959	15
543	2959	2974	15
544	2974	2989	15
545	2989	3004	15
546	3004	3019	15
547	3019	3035	16
548	3035	3051	16
549	3051	3067	16
550	3067	3083	16
551	3083	3099	16
552	3099	3115	16
553	3115	3132	17
554	3132	3149	17
555	3149	3166	17
556	3166	3183	17
557	3183	3200	17
558	3200	3217	17
559	3217	3235	18
560	3235	3253	18
561	3253	3271	18
562	3271	3289	18
563	3289	3307	18
564	3307	3325	18
565	3325	3343	18
566	3343	3361	18
567	3361	3380	19
568	3380	3399	19
569	3399	3418	19
570	3418	3437	19
571	3437	3456	19
572	3456	3475	19
573	3475	3494	19
574	3494	3514	20
575	3514	3534	20
576	3534	3554	20
577	3554	3574	20
578	3574	3594	20
579	3594	3614	20
580	3614	3635	21
581	3635	3656	21
582	3656	3677	21
583	3677	3698	21
584	3698	3719	21
585	3719	3741	22
586	3741	3763	22
587	3763	3785	22
588	3785	3807	22
589	3807	3829	22
590	3829	3852	23
591	3852	3875	23
592	3875	3898	23
593	3898	3921	23
594	3921	3945	24
595	3945	3969	24
596	3969	3993	24
597	3993	4017	24
598	4017	4042	25
599	4042	4067	25
600	4067	4092	25
601	4092	4117	25
602	4117	4142	25
603	4142	4168	26
604	4168	4194	26
605	4194	4220	26
606	4220	4246	26
607	4246	4273	27
608	4273	4300	27
609	4300	4327	27
610	4327	4354	27
611	4354	4382	28
612	4382	4410	28
613	4410	4438	28
614	4438	4466	28
615	4466	4495	29
616	4495	4524	29
617	4524	4553	29
618	4553	4583	30
619	4583	4613	30
620	4613	4643	30
621	4643	4674	31
622	4674	4705	31
623	4705	4736	31
624	4736	4768	32
625	4768	4800	32
626	4800	4833	33
627	4833	4866	33
628	4866	4899	33
629	4899	4933	34
630	4933	4967	34
631	4967	5002	35
632	5002	5037	35
633	5037	5073	36
634	5073	5109	36
635	5109	5145	36
636	5145	5182	37
637	5182	5219	37
638	5219	5256	37
639	5256	5294	38
640	5294	5332	38
641	5332	5371	39
642	5371	5410	39
643	5410	5449	39
644	5449	5489	40
645	5489	5529	40
646	5529	5570	41
647	5570	5611	41
648	5611	5653	42
649	5653	5695	42
650	5695	5738	43
651	5738	5782	44
652	5782	5826	44
653	5826	5871	45
654	5871	5916	45
655	5916	5962	46
656	5962	6009	47
657	6009	6056	47
658	6056	6104	48
659	6104	6153	49
660	6153	6203	50
661	6203	6254	51
662	6254	6306	52
663	6306	6358	52
664	6358	6411	53
665	6411	6465	54
666	6465	6519	54
667	6519	6574	55
668	6574	6630	56
669	6630	6686	56
670	6686	6743	57
671	6743	6801	58
672	6801	6860	59
673	6860	6920	60
674	6920	6981	61
675	6981	7042	61
676	7042	7104	62
677	7104	7167	63
678	7167	7231	64
679	7231	7297	66
680	7297	7364	67
681	7364	7432	68
682	7432	7501	69
683	7501	7571	70
684	7571	7643	72
685	7643	7716	73
686	7716	7791	75
687	7791	7867	76
688	7867	7945	78
689	7945	8025	80
690	8025	8106	81
691	8106	8188	82
692	8188	8271	83
693	8271	8356	85
694	8356	8442	86
695	8442	8530	88
696	8530	8619	89
697	8619	8710	91
698	8710	8802	92
699	8802	8896	94
700	8896	8992	96
701	8992	9090	98
702	9090	9190	100
703	9190	9292	102
704	9292	9397	105
705	9397	9504	107
706	9504	9614	110
707	9614	9727	113
708	9727	9843	116
709	9843	9962	119
710	9962	10084	122
711	10084	10209	125
